  0.00262697386546270  0.01569090457515574  0.02883380358600047  0.04067952318699294
  0.05246333806948703  0.06409560143889295  0.07549966452838933  0.08660757120764218
  0.09764695943706662  0.10875067156536646  0.11992903822762135  0.13110595766906691
  0.14210679846850641  0.15309258010501256  0.16397843107313753  0.17488265961779409
  0.18559785850451624  0.19597585993796571  0.20613667190595031  0.21628319380542849
  0.22652919587927983  0.23691630591002882  0.24732435046530912  0.25793793629530737
  0.26868386020048196  0.27935515714080283  0.28991978143565422  0.30042125340456854
  0.31100894390318934  0.32170067872637204  0.33242253007345235  0.34313814516971725
  0.35378750924197200  0.36428922877695824  0.37468652850946293  0.38505677751018735
  0.39550266493475045  0.40595291302016417  0.41642613888582580  0.42696793810078204
  0.43748204211509534  0.44797916416639111  0.45848046821047317  0.46898241862428103
  0.47942830235601130  0.48982416471241419  0.50023925622200249  0.51065532145184567
  0.52104339379334386  0.53152891452085615  0.54205511947206830  0.55267516507347325
  0.56326148319697045  0.57375354283014368  0.58415107909700759  0.59453718994991245
  0.60491932276207971  0.61535845302239434  0.62581601179408486  0.63629440979057839
  0.64677127586271843  0.65728935641735620  0.66784900579172923  0.67839346535593870
  0.68889391515686638  0.69937325448159449  0.70983089245793096  0.72027949297786165
  0.73071280392536631  0.74110002390965590  0.75143171119397567  0.76171786327121993
  0.77197539778418056  0.78223597459141658  0.79250870335154855  0.80277746386640125
  0.81302937733116454  0.82322181980186959  0.83335153085603042  0.84345453048404817
  0.85350055015834880  0.86341833811355462  0.87324075271027601  0.88302377054127645
  0.89285949005799481  0.90271229023105748  0.91251995351981152  0.92224313298689575
  0.93201191070508949  0.94180551161416415  0.95149507908205055  0.96092403798654991
  0.97003284418230940  0.97848711642229524  0.98688459798669104  1.00000000000000000
  0.00237696122867914  0.01629819614188804  0.02980705177408629  0.04173319130726456
  0.05317306198365766  0.06444586291896166  0.07569919639663883  0.08678483052890554
  0.09792086547610483  0.10877079785875490  0.11931529510659257  0.12981792967677935
  0.14037599704149095  0.15083826190377711  0.16120239383985527  0.17175009750869266
  0.18257951966967942  0.19345043954476360  0.20431360314242802  0.21513841346417437
  0.22592515535941710  0.23667606906495453  0.24743492178707280  0.25815992994534698
  0.26883660741973753  0.27944489662186389  0.29004205388632232  0.30066962010740567
  0.31139825903733492  0.32219349637151889  0.33306170094389570  0.34384735238795439
  0.35461171277933601  0.36524190130229239  0.37580169940603508  0.38630422432459138
  0.39683376124630604  0.40732049562903178  0.41776070826941181  0.42821463518781749
  0.43873729125264055  0.44933553329645909  0.45998011399160282  0.47067712049444449
  0.48131385336239529  0.49188718108933721  0.50235966327381365  0.51278929730012746
  0.52320275255113780  0.53366864908593359  0.54407190744804890  0.55431576932395032
  0.56447990131631054  0.57468254812446706  0.58495796418592816  0.59524638460838231
  0.60552970256688199  0.61585378548444480  0.62620932190230805  0.63652802220246640
  0.64683922718742615  0.65716486374010985  0.66754861827422052  0.67801988682498071
  0.68849715036266412  0.69886747724158427  0.70910731281656469  0.71925642443490356
  0.72939064576237889  0.73955514609327810  0.74968329734356887  0.75979390549460468
  0.76992560149099021  0.78001098681208814  0.78995941417244486  0.79987752356463182
  0.80990695936578061  0.82001033416375946  0.83011288275670692  0.84027041315837425
  0.85053024075636308  0.86079233360995655  0.87093128629942362  0.88099101118368073
  0.89103099115388384  0.90109605571808515  0.91114868968159812  0.92118707764869734
  0.93118431361253373  0.94110860382993200  0.95080505256645687  0.96022848295531893
  0.96928066661965573  0.97786327734429224  0.98590662840673493  1.00000000000000000
  0.00530848949334616  0.00652042174460984  0.00759453715196885  0.00852007407617568
  0.00934905124984606  0.01035651645262757  0.01146019329033746  0.01260700539546619
  0.01380123476061557  0.01504354623794671  0.01630100819184927  0.01752493522695831
  0.01876641579649903  0.02004596643738705  0.02133893676505102  0.02263522575721227
  0.02393304791951058  0.02519363027759536  0.02630880285628159  0.02731637419154244
  0.02845095830979549  0.02969638515328461  0.03098242269802778  0.03230785875881102
  0.03367312588280377  0.03506373563279652  0.03647642777700623  0.03791818472612333
  0.03939075151358178  0.04090426140570833  0.04246967417996963  0.04408925359154571
  0.04575632747302951  0.04746509090926749  0.04923142079782414  0.05107308406862973
  0.05300056239914917  0.05499769700497707  0.05705487712895174  0.05918208546753459
  0.06140197989842983  0.06370702170188497  0.06608284833222065  0.06853558412339457
  0.07107654923881952  0.07371485161853722  0.07643931773020526  0.07924519003511719
  0.08215328431756411  0.08520703832496029  0.08842515767743343  0.09176942557483986
  0.09520464373779211  0.09875594305296403  0.10248965445299273  0.10641950665715771
  0.11050745323970694  0.11474827182137474  0.11914627304821318  0.12377989562355744
  0.12865291488516886  0.13376550186881950  0.13914005506256316  0.14477417216274821
  0.15066139677857199  0.15675168923468333  0.16310137366508870  0.16980536559606438
  0.17687702358390411  0.18435192405230760  0.19231818432089368  0.20078688542495068
  0.20965473650392566  0.21901415794343859  0.22908080625555949  0.23985375518541438
  0.25127269491862908  0.26325462105918562  0.27595291689434087  0.28958713013734960
  0.30436131363968860  0.32050125249078887  0.33807894743342998  0.35707964430347888
  0.37766002850823033  0.40012416179319893  0.42481038760845669  0.45206435470113537
  0.48268187248080408  0.51829868160390535  0.56038302155602460  0.61114373928398458
  0.67804339291651117  0.78706171952678416  0.87052639453852010  1.00000000000000000
 -0.00101140454441393  0.00398818971771347  0.00903363721050740  0.01414898593110067
  0.01934796254851560  0.02454211352725459  0.02977969543293749  0.03505888341861518
  0.04041285507945990  0.04580481103407640  0.05119644474513781  0.05660457958529053
  0.06210948770099776  0.06770159325890254  0.07335811758178656  0.07903158860040334
  0.08474193894311775  0.09045661037443803  0.09618548314945410  0.10197661761886860
  0.10781643483980517  0.11369034360355405  0.11954478020159584  0.12548353416871558
  0.13158873002759536  0.13777406469408418  0.14395108829043615  0.15016288377718329
  0.15647431132946404  0.16285723561938056  0.16933692226736227  0.17587785437948106
  0.18250113205850949  0.18920169961238548  0.19592782217050389  0.20266144982403453
  0.20940569010794757  0.21620659599050990  0.22310381262586287  0.23012615799980782
  0.23726435272688803  0.24450619768152157  0.25177021576697717  0.25903381389502494
  0.26631753238210504  0.27369935851057814  0.28126876339143930  0.28891822522598759
  0.29656473623738000  0.30419858262644983  0.31189931959625561  0.31971447004588316
  0.32767122973162621  0.33569367720288090  0.34382044570081549  0.35204902516976555
  0.36048778594325781  0.36907485180224670  0.37780617813914813  0.38660383164542600
  0.39549048967358885  0.40464149318862913  0.41399074625978199  0.42348295530803204
  0.43305408027759634  0.44283729901349572  0.45287941878563065  0.46307327312398822
  0.47340920878704229  0.48392699946636092  0.49469328248575234  0.50562795048425779
  0.51682981360035196  0.52822502853300257  0.53986451144783254  0.55167569238024428
  0.56390661429452449  0.57651762156881625  0.58944875307192035  0.60292632479629049
  0.61696451037959377  0.63148851627121860  0.64645534392320114  0.66192399722014317
  0.67798821347115046  0.69481678243150446  0.71254251313569783  0.73128995897515403
  0.75135280143672356  0.77302955680048768  0.79654523635425556  0.82256018690314914
  0.85212514912429926  0.88722988569200034  0.93347226680231099  1.00000000000000000
 -0.00221518630408129  0.00892241216817544  0.01896261193461815  0.02981749209818572
  0.04049795965946452  0.05129742897562015  0.06189291506557398  0.07238950662979225
  0.08282386280618784  0.09318712552245988  0.10342799215312952  0.11366384074762302
  0.12397538994548571  0.13468832251852977  0.14534894266246953  0.15594745173110858
  0.16649457698440948  0.17729690223319677  0.18779028743216739  0.19839141667711344
  0.20876574987622001  0.21947292912649186  0.23019214621456907  0.24101793546734868
  0.25182867356856059  0.26269400915680413  0.27329809076912481  0.28403385995928737
  0.29434736146258178  0.30456981335755795  0.31474779785386936  0.32493589062786687
  0.33508097250212071  0.34527528929574469  0.35538785934097938  0.36581900085497265
  0.37613156717517371  0.38665036444862971  0.39723113629524964  0.40784264008514243
  0.41834597591795303  0.42898047278514101  0.43968151001436834  0.45042383413675441
  0.46116704885698678  0.47189478903374765  0.48253197936686548  0.49311719181626290
  0.50387478974703992  0.51476970882718542  0.52544838611847855  0.53598417590156333
  0.54640793310849356  0.55717257769524098  0.56781147269464549  0.57848214404388065
  0.58907595793013845  0.59972349801731362  0.61021519421698978  0.62092066393077061
  0.63142117124649910  0.64194406374701873  0.65246308801382358  0.66297194317138364
  0.67353281146378940  0.68393885354454875  0.69449076738666282  0.70522266728567951
  0.71575934417764497  0.72662699777086037  0.73716806010660985  0.74787511299079723
  0.75837698601991976  0.76905790565142662  0.77988260782688423  0.79063515311399590
  0.80133774961492676  0.81188891383063966  0.82253831334672656  0.83306042648945100
  0.84365601237420784  0.85430035638283963  0.86456956181072375  0.87494366945043356
  0.88516337737836071  0.89547449691623793  0.90576867827414509  0.91595845346893245
  0.92649859575992932  0.93698776490110880  0.94745830581309431  0.95818707428595007
  0.96859343998171066  0.97907285139755518  0.98964125935536640  1.00000000000000000
 -0.01412784281433180  0.06324607143585802  0.10903243002318250  0.14423983345784297
  0.17386494179795861  0.19998708368927903  0.22367488737433058  0.24536252300782083
  0.26530117531331854  0.28400231589168407  0.30189659505550159  0.31913513959911305
  0.33557596406129336  0.35127193518423111  0.36628399925225125  0.38073730720261284
  0.39462621789435715  0.40809671261171732  0.42112439706453042  0.43371487240620127
  0.44592492596297095  0.45789767659674696  0.46966552735896411  0.48109576334394166
  0.49205759970492619  0.50286539894505700  0.51350928584963706  0.52387157795085471
  0.53382746272924142  0.54371177456009590  0.55359963510715515  0.56341859724878618
  0.57299141258477804  0.58242115221910762  0.59167553924216809  0.60080634222787777
  0.60980083495883386  0.61862821789981493  0.62732260702336529  0.63589658722254860
  0.64434703933926030  0.65274989785999871  0.66118634409243682  0.66948902144871847
  0.67764633451167966  0.68569879063921457  0.69362181269896583  0.70142868626343435
  0.70910818932739683  0.71668930936562081  0.72414070094110516  0.73150451362261359
  0.73877415062047014  0.74603355849273945  0.75322475764435315  0.76036881371586351
  0.76746105307756451  0.77443172660227844  0.78130143399686369  0.78811204908236787
  0.79489093574616021  0.80164664792730311  0.80833420553267998  0.81493584329429114
  0.82150014689163553  0.82801583667810452  0.83443853368588339  0.84077781988818079
  0.84708973181732672  0.85339616849941313  0.85966895127073562  0.86590599896926723
  0.87207225539231881  0.87808287404053809  0.88396026187561316  0.88979342088531532
  0.89557048024785879  0.90125952898556028  0.90690075714772300  0.91251035873088238
  0.91810079967282943  0.92368279491878391  0.92922869314965628  0.93473016680377830
  0.94024223893074976  0.94580172321091449  0.95133593626575796  0.95681438320246026
  0.96228877548123060  0.96775121166629663  0.97318977747873614  0.97858953985411690
  0.98395171940572590  0.98929497565515934  0.99464828444636899  1.00000000000000000
 -0.00233787207081769  0.00912181120180373  0.01925966993523424  0.02991821732263359
  0.04071722511180846  0.05098035246492618  0.06140363354659058  0.07179763406868314
  0.08251703999715920  0.09301172674249220  0.10339711340107331  0.11381691670579522
  0.12430677257068744  0.13480745712815012  0.14538829678240989  0.15594764192051683
  0.16646594791231198  0.17669466463633005  0.18702309090776331  0.19729220220995425
  0.20777747088249821  0.21842802885468360  0.22900236907455482  0.23946268094700818
  0.24980208597261000  0.26039879524992965  0.27103512950097580  0.28174179035086877
  0.29241430524423712  0.30311719128462844  0.31371705268115702  0.32434170124342032
  0.33499802225268127  0.34581556916619927  0.35653991526013434  0.36709515237268142
  0.37756679752521433  0.38825589913490599  0.39888299357711160  0.40911308193699342
  0.41919609832949767  0.42948841807945420  0.43975061043451313  0.45016606343268367
  0.46067677830426890  0.47153474476423524  0.48228492197277195  0.49290368553027863
  0.50348740710719841  0.51407800416008009  0.52465128050558463  0.53527220389075769
  0.54575462941794173  0.55628874180734378  0.56684336497011567  0.57733304483683801
  0.58793907355891528  0.59850918842147471  0.60940864478905710  0.62016377295222369
  0.63092350206599390  0.64137506715241432  0.65184603579309774  0.66248096367600884
  0.67333136374229141  0.68428168621192564  0.69499620400562023  0.70561318818527796
  0.71627680718108744  0.72704254294539106  0.73767348804674049  0.74827958000768202
  0.75847540662434931  0.76873689800734923  0.77883872099024976  0.78892869819642619
  0.79932749481109622  0.80924425971915015  0.81981542236136684  0.83036409621589957
  0.84141823222084289  0.85223640822230440  0.86309382719263350  0.87381142910949527
  0.88430733219357849  0.89475983169517692  0.90525402659845688  0.91572962327354546
  0.92606240250540905  0.93637791365010759  0.94719984661733181  0.95776588008382058
  0.96820244298658731  0.97872743878123425  0.98929945813622955  1.00000000000000000
 -0.00226621164628158  0.00914159762866481  0.01872813279191091  0.02956405471894284
  0.03990926451995785  0.05071333743666390  0.06092840165780561  0.07169776438071432
  0.08215311736401931  0.09273504142875755  0.10344812269002497  0.11420697249999831
  0.12494808557315380  0.13555988318732617  0.14625662976328935  0.15708767236169752
  0.16798821069831471  0.17880914834199249  0.18960887126810469  0.20026601775290476
  0.21087783923709516  0.22133181699940255  0.23186510438525038  0.24237630893138912
  0.25298661307183451  0.26362043550639419  0.27425006029062837  0.28478007087859236
  0.29527934479118528  0.30586341795565297  0.31635971512352845  0.32688071090672138
  0.33742411578912085  0.34796656610992410  0.35849892463372834  0.36896995402355326
  0.37943959892835044  0.38991721569300958  0.40049199315448858  0.41112093346897016
  0.42155060177969217  0.43186961621678061  0.44228386417462739  0.45282896124908112
  0.46337906841879828  0.47387409957814597  0.48436212733523476  0.49492943728054056
  0.50555614219056422  0.51629302462697213  0.52668539793519320  0.53700396123889460
  0.54741566807906161  0.55791106656611589  0.56831434625614174  0.57866838420402888
  0.58914145449020883  0.59977229943517940  0.61027082542827593  0.62073906815207192
  0.63123540834094483  0.64184290852138459  0.65251350226404647  0.66322413102265731
  0.67387292270901544  0.68447299832206032  0.69498934169335747  0.70553538249053882
  0.71613145097496378  0.72674685146241791  0.73737307530729956  0.74799043750921934
  0.75859790316597175  0.76913440348756368  0.77967585733438660  0.79023368927148474
  0.80089236713689949  0.81154899647673939  0.82218832194454339  0.83281920250830233
  0.84330015709733219  0.85366040843433710  0.86393854376751666  0.87415250703489211
  0.88442254909161622  0.89456629563574086  0.90499935192688941  0.91538957515476571
  0.92624121339662147  0.93701583863385551  0.94757628355140888  0.95797546066362649
  0.96836525410082619  0.97901899433232920  0.98944371298626643  1.00000000000000000
   6.6506010793772452E-008  -1.0000000000000000     
 F F F F F F F F F F F F F F F F F F F F F F F F F F F F F F F F F F F F F F F F F F F F F F F F F F F F F F F F F F F F F F F F F F F F F F F F F F F F F F F F F F F F F F F F F F F F F F F F F F F F F F F F F F F F F F F F F F F F F F F F F F F F F F F F
  <DiscreteSampler_grid>
  grouped_processes
  1 # 1 for a reference and 2 for a running grid.
  10 # Attribute 'min_bin_probing_points' of the grid.
  1 # Attribute 'grid_mode' of the grid. 1=='default',2=='initialization'
  0.0000000000000000 # Attribute 'small_contrib_threshold' of the grid.
  0.5000000000000000 # Attribute 'damping_power' of the grid.
 # binID   n_entries weight   weight_sqr   abs_weight
    10   10   4.450329233175931E+004   5.865596787237384E+009   4.450329233175931E+004
  </DiscreteSampler_grid>
