  0.00250095379324632  0.01594181109357681  0.02964296810356812  0.04171429624637221
  0.05333709420841087  0.06449073542754628  0.07566518564471927  0.08666946322772215
  0.09776222841630496  0.10894043720890018  0.12020788597902093  0.13131282909707767
  0.14224223947327908  0.15319167882151200  0.16408262223952075  0.17487850556620152
  0.18565743817168778  0.19643816438800524  0.20730401889803932  0.21818740012746424
  0.22899670381158105  0.23970059052785747  0.25028531919072111  0.26094547507613586
  0.27164319173049162  0.28235224693334132  0.29311224534710545  0.30381906093684408
  0.31447421174497303  0.32491635985089462  0.33530719976193873  0.34575833012555057
  0.35634020229252222  0.36689163550382642  0.37737097789801494  0.38782277120420394
  0.39832145491861137  0.40891270061863699  0.41952103260093621  0.43010580101499246
  0.44061627178294765  0.45115986944757336  0.46182410524053552  0.47253899216993911
  0.48324683861205053  0.49385520821985218  0.50437630855291604  0.51491952210192848
  0.52555466695688735  0.53627279072605649  0.54694745692690261  0.55757140301879149
  0.56818782235340881  0.57876502395075335  0.58936814453844999  0.59997925497412963
  0.61060867748177605  0.62119343118694015  0.63172438634943517  0.64222777408712706
  0.65259611509892834  0.66283983797630475  0.67306510900275152  0.68332861785778642
  0.69361347451294741  0.70392938945142025  0.71429500446942484  0.72472575740930523
  0.73513262704435112  0.74545941627352996  0.75583614363993024  0.76620623592700554
  0.77657140964859273  0.78685804315927832  0.79704033049685097  0.80722786631325005
  0.81752249241960273  0.82791691685109647  0.83831714835740345  0.84862481984376381
  0.85881899725093380  0.86889032563744339  0.87887556956938062  0.88874096145020509
  0.89858703816064300  0.90849276495423581  0.91849103246828490  0.92851967767453347
  0.93844289870768349  0.94811833906469800  0.95750784203555261  0.96668113475240858
  0.97547874960645586  0.98382365327489008  0.99198193212759123  1.00000000000000000
  0.00252614849806598  0.01584398488991602  0.02922069328174947  0.04111051163486619
  0.05259821669723697  0.06374729401787758  0.07479641657654364  0.08588316104194077
  0.09698667447889024  0.10794236616065143  0.11876394281555268  0.12965367093142022
  0.14062812264609120  0.15154146863002435  0.16231456226038088  0.17319504021383217
  0.18417965030729558  0.19506210313441669  0.20579484743029752  0.21638925737127584
  0.22701135309291984  0.23763963302043076  0.24831567685299133  0.25902434277913983
  0.26980550920732727  0.28057532200750840  0.29130441619737280  0.30196083434101351
  0.31266888161332657  0.32338062658990935  0.33403073824069790  0.34464173750934263
  0.35528992572402279  0.36593696183666563  0.37657761459566891  0.38704950389644260
  0.39753685654135240  0.40800326198194564  0.41853614671755179  0.42916327274677352
  0.43973448568814383  0.45011304033134308  0.46055261281943582  0.47115336480928943
  0.48175143853705743  0.49217345257485684  0.50249438836167326  0.51296368489874422
  0.52341614107738910  0.53382682004369730  0.54428481417347230  0.55477300979285038
  0.56522558557211888  0.57568371230341342  0.58624324970573571  0.59681991531017164
  0.60734316901152241  0.61780884693853244  0.62824913384743053  0.63868228503697022
  0.64902099811234681  0.65930766064323565  0.66965283906762207  0.68006256938419574
  0.69046176552419625  0.70082182420073902  0.71122392076462537  0.72164657151883915
  0.73204102276687821  0.74226028829605128  0.75238022693609330  0.76248598902644671
  0.77256028251740416  0.78252774433796346  0.79238883034912766  0.80238417791015237
  0.81247148354444387  0.82260059402668384  0.83266261239967732  0.84281111563845623
  0.85304030194466463  0.86321753458671080  0.87339026082547166  0.88347815779842787
  0.89347130897098304  0.90335696751300754  0.91321231319481211  0.92301056411308646
  0.93277321429186144  0.94228479135252341  0.95161934803059844  0.96068482726834503
  0.96941358228543884  0.97777693858260517  0.98561335016103135  1.00000000000000000
  0.00585992525911219  0.00754148478221050  0.00896327852683667  0.01023108686423985
  0.01142611230292213  0.01258889589136338  0.01375064351598642  0.01493541584654244
  0.01610580905765168  0.01728156718151556  0.01848111313932285  0.01972810922196477
  0.02101714186427435  0.02232409257586428  0.02362997582346547  0.02489398827469438
  0.02600842306345124  0.02701660421242337  0.02810961808518928  0.02935700941386995
  0.03062857991779833  0.03190269412471236  0.03320468971386441  0.03453483091518894
  0.03590376985752016  0.03730280815052456  0.03872750287835744  0.04017320581622554
  0.04166156673450851  0.04320090361907902  0.04479563894686268  0.04644889434494268
  0.04815827324561420  0.04992773456819978  0.05176148865230870  0.05365360824506415
  0.05558846406479580  0.05757097645210043  0.05962290770632463  0.06176021424332397
  0.06398583733582745  0.06629795116159475  0.06868992835165154  0.07115316976361633
  0.07370094371647462  0.07635674725851717  0.07913341139133268  0.08202686726106381
  0.08503435741446033  0.08816071500726384  0.09141128794549913  0.09478324366332379
  0.09827317542400808  0.10186916719057605  0.10561464447569550  0.10953937127628560
  0.11365070362885515  0.11794361131865576  0.12240595599973343  0.12705083202120124
  0.13190672068761544  0.13700255058220914  0.14238256218709333  0.14802021141887078
  0.15393548076181746  0.16009470797749428  0.16654249444001068  0.17337775117040838
  0.18061261398916303  0.18818841106739354  0.19614932771184124  0.20460149287656143
  0.21355180172647664  0.22299698926067607  0.23306004399744973  0.24371237503059409
  0.25484005734403231  0.26679815988991806  0.27973609547420064  0.29351216260160218
  0.30834791854006688  0.32436468971230842  0.34157957078957357  0.36015869221682428
  0.38040373387727611  0.40262136822609795  0.42726601002772313  0.45465560719786563
  0.48510762546966496  0.51965600178672045  0.56037153857679822  0.61016776450540533
  0.67687384088950520  0.77464019972608555  0.84748189946872510  1.00000000000000000
 -0.00106451268689852  0.00400606325213386  0.00933363171775741  0.01462351571912212
  0.01993916659281336  0.02528044525092632  0.03066340450068170  0.03607899469648540
  0.04157135904979975  0.04712571728526849  0.05271777654847135  0.05831968973679744
  0.06393072737721768  0.06956995726033514  0.07527806340653483  0.08107361356635485
  0.08690273172904085  0.09272115497013128  0.09855484921273874  0.10442433341375949
  0.11034376622692331  0.11633056691751770  0.12237906363709863  0.12848281027811423
  0.13462132351044298  0.14078559466885876  0.14699727017962705  0.15329029009320469
  0.15967658352396266  0.16607885653699636  0.17242673186609955  0.17879250826035831
  0.18520688275322317  0.19167007454523372  0.19818447621313870  0.20473895131535816
  0.21137850401728051  0.21810822692614865  0.22492451246074552  0.23188001042747583
  0.23905957926387728  0.24628736637565041  0.25354485699692492  0.26081475430860018
  0.26812423453421635  0.27553321662737640  0.28314778356445047  0.29087528972636922
  0.29862611586667254  0.30637849388971145  0.31415206789644678  0.32199168154597818
  0.32994639262159520  0.33802845907366519  0.34624283586934163  0.35458634635719549
  0.36298339895598569  0.37144817490741106  0.38012147213781988  0.38894265889970842
  0.39791807496814985  0.40702290989586443  0.41636560951644169  0.42588698892075266
  0.43552389375092349  0.44524951761717019  0.45517698819458163  0.46531713096083505
  0.47563338470316818  0.48614750018552694  0.49692576706652142  0.50782610146043317
  0.51886881883150404  0.53008808435532029  0.54164418769199418  0.55339647568797479
  0.56548178310119745  0.57785425763848752  0.59058853321491767  0.60379469813997100
  0.61745435128284143  0.63168628890272982  0.64662163490378133  0.66215189367165550
  0.67850719524780712  0.69582632772619424  0.71401035003721880  0.73297487240858272
  0.75286173854953387  0.77415527947791174  0.79746031868899547  0.82347396456717215
  0.85323076011793719  0.88785908442746209  0.93318534880629966  1.00000000000000000
 -0.00230061388236270  0.00917567129308135  0.01888103461127332  0.02943791657182186
  0.03978482618517176  0.05016680763609754  0.06048693764398050  0.07088486741388919
  0.08146829715774954  0.09187156711095042  0.10222121112361922  0.11257099518215259
  0.12302493993364640  0.13368729444333285  0.14430754349133526  0.15492381163633268
  0.16547619263028349  0.17621734089862370  0.18679826274252306  0.19726796137825600
  0.20762250127020065  0.21824835072856988  0.22903064399816428  0.23984556606764004
  0.25032727812403038  0.26084843102045357  0.27135029970502195  0.28181015224848838
  0.29238147692702515  0.30291968895749749  0.31354310240454936  0.32381211878317068
  0.33414993242523250  0.34475261357053111  0.35510220537823134  0.36549589925426484
  0.37584358816970664  0.38650308418544171  0.39709887428627422  0.40767268034781268
  0.41827711076732682  0.42888754719887728  0.43938088195689134  0.44988531092051870
  0.46055968435083705  0.47096314566795877  0.48139252196368920  0.49169459132755922
  0.50195030150301045  0.51232308302338947  0.52281545364507043  0.53353058387001506
  0.54419270288134525  0.55486684299915556  0.56561531755251526  0.57619579950063726
  0.58679207934125066  0.59747474078677709  0.60821925389679676  0.61891108581022714
  0.62948597536002560  0.63999300737197817  0.65052125074456879  0.66103683829459325
  0.67156025405974540  0.68194004613944503  0.69245123131652664  0.70311831565633243
  0.71375882665147872  0.72451633036184071  0.73516495783113855  0.74584629439985506
  0.75626170096473455  0.76675134803251344  0.77726197374650774  0.78778194669224755
  0.79841128350333879  0.80893413326293562  0.81968528929864448  0.83048714630776821
  0.84119397307068144  0.85172069702964093  0.86238087903071936  0.87300152166681211
  0.88358889316386702  0.89406563475587353  0.90473117968837902  0.91540487581207675
  0.92605561754207999  0.93658998256871373  0.94704228345792718  0.95758300900727145
  0.96787231819217656  0.97868218731323220  0.98911023434673762  1.00000000000000000
 -0.01419447624378240  0.06405349327358653  0.10993237978721053  0.14458946254089811
  0.17425413492375619  0.20078886279813402  0.22445173725605946  0.24611378585479540
  0.26626592124096399  0.28505296282013065  0.30277141322246554  0.31972506430245912
  0.33597082549593804  0.35151960522892745  0.36639387005811702  0.38056796684228361
  0.39418728686260335  0.40757158055201814  0.42077055113472767  0.43352747261793356
  0.44587309233675915  0.45786030204522521  0.46950475039754047  0.48086411584606914
  0.49199992746983506  0.50295451986334394  0.51372976166217266  0.52436396679506159
  0.53476151158899721  0.54491309545845068  0.55479937887117781  0.56446570821793784
  0.57399371181277281  0.58340316444056395  0.59273568720191994  0.60192673103363836
  0.61097572705854686  0.61990206349060284  0.62866784952458588  0.63729137948889791
  0.64578203628960240  0.65418120643742983  0.66254918323924306  0.67074994221105722
  0.67888815270609970  0.68692271297947616  0.69480048537464267  0.70254407383710493
  0.71020311384314228  0.71779112780124232  0.72533522839121134  0.73281195424300238
  0.74020819557487427  0.74749179851238678  0.75465243085580147  0.76167634148304686
  0.76855757220120091  0.77534222940473363  0.78210997067609078  0.78889875354020234
  0.79569681214313104  0.80248031490337113  0.80918555638065126  0.81582424698772837
  0.82239109817981293  0.82886089301211041  0.83524461384756632  0.84155911019967722
  0.84782931061901079  0.85404700412365475  0.86019915708912498  0.86632597201966921
  0.87244340765008010  0.87851562533420691  0.88449637040023443  0.89039439434655454
  0.89623714467108129  0.90201068815316077  0.90773885771772023  0.91344734538660377
  0.91911734599578565  0.92475678127390171  0.93038795705910537  0.93600111082347215
  0.94155601509649045  0.94703907008094912  0.95248090323143131  0.95789295773888139
  0.96326372458198839  0.96861481257696291  0.97395496722146668  0.97926866810524205
  0.98450095192410891  0.98965127613161297  0.99484531645768859  1.00000000000000000
 -0.00237452886909299  0.00917018655579358  0.01933904082915344  0.02989848329735827
  0.04045939306694882  0.05079905745996480  0.06119989619868471  0.07154209996529988
  0.08188184713464822  0.09250727675271769  0.10294871056679746  0.11383030770422402
  0.12447862850386841  0.13512609256164096  0.14573072405466705  0.15629456969811034
  0.16698922642680927  0.17758380475241681  0.18817286220858290  0.19892112519150776
  0.20948704570847115  0.22014431474970797  0.23057980990329180  0.24120201400243399
  0.25166706427075219  0.26229260614013228  0.27275921643658141  0.28357849431562904
  0.29420608290736905  0.30505401769582918  0.31553967439987912  0.32601828547076545
  0.33648747560962627  0.34693339544726182  0.35751462416012902  0.36806311651333679
  0.37878250353567827  0.38946659987435761  0.39994962308898546  0.41048824574134996
  0.42088589203290561  0.43157029578036904  0.44199825128111414  0.45239913670657228
  0.46279701417075036  0.47335887653956882  0.48380806731126652  0.49432090233703024
  0.50503227201305123  0.51571001859830112  0.52620688889250478  0.53652015719458790
  0.54701961121511589  0.55756062219614233  0.56813070746149086  0.57905279091367579
  0.58950448980083980  0.59976584341543482  0.60997920821479301  0.62029976195660508
  0.63069783758683329  0.64099756473665737  0.65143581780196735  0.66222418668166649
  0.67289436586163887  0.68363893142644128  0.69432731514274904  0.70496247946387225
  0.71548056107138269  0.72601199043406428  0.73654670647446330  0.74705488127163422
  0.75751303205522014  0.76796300246733573  0.77837914427022803  0.78869944883391774
  0.79916539443144208  0.80964479045140259  0.82004753424472665  0.83043512714734591
  0.84090110759469594  0.85155481405605937  0.86216981346377941  0.87272527113257337
  0.88335093763082384  0.89391173103792487  0.90466580693777587  0.91539986884707547
  0.92597219040837619  0.93645658927021935  0.94700178788581368  0.95784057162479297
  0.96854943189231102  0.97900204773904831  0.98948819567975543  1.00000000000000000
 -0.00224500476341076  0.00907104526641254  0.01869356851776559  0.02913079336058479
  0.03948313982697972  0.05005875337310887  0.06021285132948539  0.07085104147724146
  0.08123728493714510  0.09181863093826262  0.10219609196163970  0.11278002567239895
  0.12339615661716265  0.13401719009629179  0.14451976111767312  0.15502217943160573
  0.16552399575204108  0.17615858227791506  0.18681677902120455  0.19763560923845044
  0.20818258024363237  0.21872621476841117  0.22919073650135785  0.23982588091625201
  0.25063487492485637  0.26117607433420903  0.27177585933958315  0.28240307615258653
  0.29303321618312023  0.30368643676399054  0.31429764379925840  0.32521512624397275
  0.33595438854214810  0.34671608368217904  0.35727756876670191  0.36801122923141383
  0.37855664601132361  0.38897235978133599  0.39935195616594754  0.40978388699527418
  0.42040518727525072  0.43108029309326795  0.44167260547193682  0.45227430274008290
  0.46268645584108997  0.47308787255412305  0.48350048948678193  0.49394460798749090
  0.50457474467692165  0.51506756977206036  0.52554110962883671  0.53595739149633248
  0.54649055024416782  0.55703702933753552  0.56764228836696629  0.57825728935248810
  0.58900731802990292  0.59983307516729956  0.61049746630144064  0.62105992160518764
  0.63170921337777963  0.64234055119319844  0.65301626099984467  0.66353566513963291
  0.67424035546134309  0.68507457355476153  0.69578049199152081  0.70644257825416679
  0.71717326833277950  0.72792206084309674  0.73854608842394176  0.74904463593251525
  0.75964305286079925  0.77030536338450240  0.78094629373886537  0.79151422503245217
  0.80230780301434768  0.81293909321428293  0.82362058658508408  0.83415051929130790
  0.84479163174790506  0.85538708865202473  0.86590804746391525  0.87630273487506782
  0.88675617919826044  0.89703099230176664  0.90722465554040133  0.91744208134191074
  0.92772067512086631  0.93795863135995594  0.94815493353681080  0.95843325438579252
  0.96898961764769376  0.97950187569757774  0.98977874495563489  1.00000000000000000
   6.6450523014463849E-008  -1.0000000000000000     
 F F F F F F F F F F F F F F F F F F F F F F F F F F F F F F F F F F F F F F F F F F F F F F F F F F F F F F F F F F F F F F F F F F F F F F F F F F F F F F F F F F F F F F F F F F F F F F F F F F F F F F F F F F F F F F F F F F F F F F F F F F F F F F F F
  <DiscreteSampler_grid>
  grouped_processes
  1 # 1 for a reference and 2 for a running grid.
  10 # Attribute 'min_bin_probing_points' of the grid.
  1 # Attribute 'grid_mode' of the grid. 1=='default',2=='initialization'
  0.0000000000000000 # Attribute 'small_contrib_threshold' of the grid.
  0.5000000000000000 # Attribute 'damping_power' of the grid.
 # binID   n_entries weight   weight_sqr   abs_weight
    10   10   9.790723209300568E+003   2.046380703739222E+008   9.790723209300568E+003
  </DiscreteSampler_grid>
