  0.00242700575783126  0.01604033286392708  0.02980980854851546  0.04209696860251159
  0.05381046767762682  0.06517313495995930  0.07644431264823943  0.08771537212204270
  0.09881913996673991  0.10973366703966884  0.12049419274603282  0.13138868458689038
  0.14228616700490176  0.15312853384925873  0.16393853752130580  0.17472595583159797
  0.18547339803001750  0.19614217267466239  0.20677662944510317  0.21749522442926700
  0.22825395433762435  0.23887555376359454  0.24926267011195738  0.25963487236541521
  0.27016238042504082  0.28075699653283315  0.29134288701911637  0.30194484017223083
  0.31256674229197362  0.32313064532185737  0.33359320066235282  0.34393684770151006
  0.35426061450929924  0.36480556457939645  0.37550982809950062  0.38631068797868079
  0.39707849448272886  0.40786063320396204  0.41860031247439999  0.42919792019221531
  0.43974206538518162  0.45028788934324920  0.46083050972467426  0.47139134951162165
  0.48196159665272420  0.49256403212091948  0.50312990036539562  0.51363571990832702
  0.52409131643483575  0.53445448399107942  0.54473328537361065  0.55493293258697673
  0.56506466982029757  0.57523455199022688  0.58549756119083385  0.59583796452591953
  0.60612580037611830  0.61632508453611301  0.62654099178350819  0.63682831868355838
  0.64713581525856856  0.65742550211125894  0.66773779042118053  0.67809507916295275
  0.68842355761222551  0.69871626499505157  0.70903635758971917  0.71941666620754718
  0.72984578608930906  0.74029076718107667  0.75070987322926663  0.76101518495131626
  0.77118080919194831  0.78120806087056271  0.79122242052453251  0.80129365053378099
  0.81142287117448408  0.82157350499876480  0.83168619398828003  0.84180646412530868
  0.85198541287048268  0.86214053787725786  0.87222247786822893  0.88213062230133288
  0.89196465856275786  0.90178449950464612  0.91163045397344700  0.92143145459404663
  0.93109675079246712  0.94066598112703403  0.95022018014111609  0.95966254822598951
  0.96890606539797042  0.97770414158373309  0.98591833239922932  1.00000000000000000
  0.00231023423186202  0.01643603320027012  0.03016081838201889  0.04209764036691569
  0.05370340564779756  0.06515861325115929  0.07656342227948873  0.08780881615742210
  0.09887182092495046  0.10978574480967013  0.12056144435889195  0.13125414644266156
  0.14193019014932076  0.15248201091285676  0.16312779661305810  0.17375108549000765
  0.18426402010214202  0.19482763446098841  0.20554074418194812  0.21626963172183225
  0.22691409218663150  0.23758412236871421  0.24835007277775378  0.25893413470985455
  0.26935504168851993  0.27982355722824359  0.29018173844703166  0.30051479786003860
  0.31095730155859885  0.32155355005297220  0.33229541168769561  0.34303578289085424
  0.35378362144259684  0.36435225664388377  0.37474001574146437  0.38506638450699199
  0.39532504319398232  0.40552688415000737  0.41581715151704829  0.42627449593041172
  0.43684788694943405  0.44735727027015293  0.45779574034717258  0.46815964342246391
  0.47848632274313818  0.48882892915899040  0.49922458056925734  0.50965417425650450
  0.51997846828998617  0.53023544915646481  0.54052654848182535  0.55096101131517528
  0.56146883203846243  0.57189252750877118  0.58222615938389188  0.59258185536473607
  0.60306049890313818  0.61360784315678008  0.62408754231187469  0.63446271635436857
  0.64476421601089628  0.65504470115869640  0.66534476623142014  0.67569465928615158
  0.68608358326077412  0.69647376476564860  0.70684872481333949  0.71722273420541904
  0.72757316662587501  0.73785960378812621  0.74807952753747897  0.75824487303235999
  0.76839432957922926  0.77856805866096479  0.78877619419597222  0.79896815889643302
  0.80910584482645531  0.81920399119793674  0.82931031981665659  0.83945371688883819
  0.84966252138607345  0.85992086815493707  0.87019795898180563  0.88039072163791077
  0.89047558583209863  0.90046762052662110  0.91038796449920234  0.92026909916965838
  0.93009131849750570  0.93981871261425731  0.94937869822351806  0.95867106281874959
  0.96765026262901344  0.97637272959673560  0.98465810989639591  1.00000000000000000
  0.00696684244693245  0.00827191757019844  0.00933866641007017  0.01035883671289654
  0.01139436899214441  0.01248809448150937  0.01364911358396706  0.01487897101486822
  0.01617190906811836  0.01745999973381043  0.01874373696734048  0.02001959835238820
  0.02128862635277776  0.02254541412020417  0.02388459567742346  0.02521819979487186
  0.02629429387143322  0.02728758919873923  0.02844125169126505  0.02968837494992448
  0.03095197646665648  0.03222643866219393  0.03351454668471251  0.03483073532864595
  0.03618140578310224  0.03756858652027623  0.03899196210358971  0.04045230841329954
  0.04194949870382218  0.04348543661875510  0.04507669595625659  0.04672821308212168
  0.04844739966258111  0.05022633239102333  0.05206501835826650  0.05395341196818279
  0.05588014839032388  0.05786071335236117  0.05990966030539036  0.06204492675854281
  0.06427097819738679  0.06657815959402204  0.06898183445013520  0.07146518399224758
  0.07404434396591156  0.07672133592969704  0.07951090652505517  0.08241468700570698
  0.08542437946283721  0.08854714698150631  0.09179786145470892  0.09516134225099684
  0.09862959289789683  0.10220963462811312  0.10592084471147276  0.10980774362365828
  0.11387821252368911  0.11813255132666187  0.12253750771070970  0.12708400325005451
  0.13185244338802482  0.13690610688445259  0.14225792891820563  0.14786767935006359
  0.15370935656323437  0.15979113796571565  0.16609970998857423  0.17274093425813544
  0.17978883147042499  0.18726804550702800  0.19515859841927205  0.20349618109607648
  0.21231940086832968  0.22154887650599397  0.23121986911841025  0.24150410925348198
  0.25258573964175546  0.26446675200390696  0.27715247443950825  0.29079452455119698
  0.30542267864510425  0.32107697133737167  0.33802794908939637  0.35642501029902512
  0.37622405242412232  0.39778413333219848  0.42173702304119903  0.44840114779771584
  0.47820460438395629  0.51203146367496655  0.55123516334477840  0.59798032489082331
  0.65871952390205557  0.74902816177185649  0.85479906752704582  1.00000000000000000
 -0.00101925864593364  0.00394690735672026  0.00910162332510690  0.01422841333858297
  0.01946230085121346  0.02475491042562084  0.03009339651116139  0.03541438355375270
  0.04079840887387426  0.04627723371689319  0.05183255508334485  0.05745441921976463
  0.06311169394572765  0.06878771789483663  0.07448803722331618  0.08023116412863608
  0.08604815576411479  0.09192953696754605  0.09787107193391682  0.10382527215344438
  0.10976806818897458  0.11568466943946902  0.12157025310168097  0.12747081514742792
  0.13340204548997261  0.13939936917283699  0.14548081324867337  0.15164684135880735
  0.15787348174059301  0.16412874522117410  0.17045270249259267  0.17687120101689455
  0.18334932892504033  0.18988633568832125  0.19646888900954251  0.20311138021004366
  0.20989106962111848  0.21676422292512690  0.22368758876028338  0.23058262647499334
  0.23748660825542464  0.24447597953013384  0.25159188948551187  0.25883329909756247
  0.26617372369322628  0.27354348517732052  0.28095301050474514  0.28842129236058689
  0.29601798806920820  0.30375698546604069  0.31157360096536985  0.31949402398076659
  0.32750833609049995  0.33565750936589794  0.34390049804142775  0.35219218053682277
  0.36061892853806388  0.36925162077750012  0.37801077543750033  0.38683083521445505
  0.39568486493484634  0.40473601150445354  0.41389590097019835  0.42320967548908361
  0.43270044837070054  0.44248384881525171  0.45255932312572467  0.46289056191978750
  0.47339072538634291  0.48394710693424831  0.49452055107340021  0.50524051297791750
  0.51623294909949280  0.52749582483379098  0.53908013862078130  0.55120750778870897
  0.56368040405070186  0.57624822858644464  0.58919337755736290  0.60262289014584836
  0.61655226290106069  0.63087087047841139  0.64565231110788013  0.66102216188720930
  0.67718936696860965  0.69435203406268009  0.71254362289340267  0.73154707477697234
  0.75165636915389611  0.77346838646057003  0.79723224972915829  0.82328118229476799
  0.85263028292001208  0.88719336248761882  0.93300648733236846  1.00000000000000000
 -0.00222774194168345  0.00897920045688385  0.01891190532359558  0.02965470154006471
  0.04032959812390990  0.05105118714912963  0.06153637470276947  0.07209885331414644
  0.08266402923652229  0.09331906169973404  0.10402167611216954  0.11467251210461797
  0.12533853125611161  0.13582531592166064  0.14641307041013202  0.15697088548849522
  0.16763331158672493  0.17829157516677396  0.18885325292610128  0.19938963965593387
  0.21000033066654245  0.22076415759209242  0.23161703237025683  0.24255727458642759
  0.25318110971359620  0.26360872018124681  0.27401529927866836  0.28458063603652989
  0.29502637461149467  0.30516055079269827  0.31557296162699977  0.32615472927289546
  0.33671309793165849  0.34725633466001593  0.35785293583224431  0.36841269916416980
  0.37893945227534231  0.38945550170216109  0.40000539726475703  0.41051973604202879
  0.42102268899371748  0.43147993310016070  0.44196791472891256  0.45238355254229101
  0.46279643050280239  0.47315613387428518  0.48362343899655996  0.49414603796046203
  0.50468490292157764  0.51513839567581721  0.52571184915215463  0.53628422511751073
  0.54676909208777702  0.55725924386968351  0.56809248965685033  0.57893243945648554
  0.58957272545180339  0.59985142364329214  0.61043649522806365  0.62100432293470120
  0.63141082968268791  0.64190483289607903  0.65231647837717133  0.66284998945176243
  0.67342603914280763  0.68402185444036179  0.69440873759511079  0.70483483266924929
  0.71526969476820823  0.72587340433571967  0.73639500379437783  0.74706245656247205
  0.75777261268007445  0.76842008469821488  0.77903610909884924  0.78955428748767598
  0.80010363084883407  0.81062388358556503  0.82127269495798794  0.83198063040674286
  0.84250632728501595  0.85289680217779185  0.86332009285862454  0.87379818211853133
  0.88433722293770978  0.89480595983639177  0.90547327656960686  0.91610847783854787
  0.92659660091488971  0.93715393405149461  0.94764033561916605  0.95820699101942874
  0.96863011334518712  0.97932964753739926  0.98970255770890003  1.00000000000000000
 -0.01411790494738131  0.06352891008571085  0.10899766462390895  0.14430166892851695
  0.17412288554991789  0.20027643574067089  0.22371595430160540  0.24508095935101937
  0.26480406544200069  0.28338232751483217  0.30111397643015497  0.31827770208593847
  0.33499705793067380  0.35102649595199426  0.36610869605153840  0.38042433907096235
  0.39428423013236197  0.40773333944316464  0.42080297763583796  0.43345674839621617
  0.44580933639611492  0.45789732989435206  0.46963728295064594  0.48103523493593681
  0.49222322190306461  0.50321778268930184  0.51393269960177079  0.52440555461434857
  0.53465927331089624  0.54476043211720038  0.55475693237855050  0.56462340041630565
  0.57428470523271613  0.58369198749260909  0.59295516439328366  0.60211518001046771
  0.61118548553877761  0.62005997851510264  0.62879067167691161  0.63736672039656450
  0.64586159338505267  0.65432476052090316  0.66268276599486586  0.67091691868769321
  0.67896288055334730  0.68690112927838731  0.69476141405697245  0.70252260193545268
  0.71022472299064554  0.71778422553147792  0.72534453902629770  0.73279383270993159
  0.74009975692282171  0.74727909518879032  0.75440779887331400  0.76154204593789221
  0.76859415753990223  0.77555465750743680  0.78243266700659242  0.78925599958538273
  0.79596957731220497  0.80261469725782453  0.80925277435585463  0.81580520209749741
  0.82223481237897089  0.82859136465658012  0.83489321772868375  0.84113699493298311
  0.84734805009626002  0.85354984068189688  0.85973753633950167  0.86588836937045810
  0.87200007102066568  0.87808121010944507  0.88411599710466460  0.89008772284315740
  0.89597310251486262  0.90178440766933543  0.90757065129220693  0.91333118321511375
  0.91904034580125959  0.92471199660486814  0.93037619309367181  0.93602147813005621
  0.94159226379498262  0.94710183150597149  0.95258605731456003  0.95801620795818332
  0.96344546947387910  0.96885148803047128  0.97421731463269512  0.97950347220429956
  0.98466605527711870  0.98979343758217386  0.99488347903453722  1.00000000000000000
 -0.00223782079198785  0.00886925443736844  0.01908405193231203  0.02952924497768900
  0.04024953729415569  0.05083072438221219  0.06139288342434170  0.07190059710141967
  0.08240208466737914  0.09303496884984692  0.10362258248881329  0.11428815980174238
  0.12488296794412244  0.13545654905576338  0.14597945459123676  0.15652753734556846
  0.16700966301786466  0.17757779223773365  0.18805845513433556  0.19845184396325724
  0.20879153303750861  0.21923076693927340  0.22972700044306393  0.24034241442889925
  0.25096414559650021  0.26174490361224839  0.27228482966352774  0.28269677955757400
  0.29314332136788268  0.30372891564714977  0.31438819450900563  0.32496366210929584
  0.33532090276734206  0.34600726735017562  0.35663786630582195  0.36734510090700473
  0.37805999515484501  0.38870292779074428  0.39921125941871211  0.40971040115308144
  0.42023858096993350  0.43080019027986050  0.44127845586364040  0.45180052092846718
  0.46232715318714773  0.47302602304128311  0.48360740667511898  0.49415873616790496
  0.50462785915689712  0.51512952641536303  0.52554829228011823  0.53596123118496608
  0.54643459321850318  0.55705402983691321  0.56760992402853994  0.57812279780218812
  0.58861229335862675  0.59918145488703556  0.60973560976910068  0.62038436426777477
  0.63108558250259394  0.64181430513464988  0.65249440215604282  0.66309029682584075
  0.67367315516934934  0.68414247049495081  0.69455220990950972  0.70486194135777069
  0.71526013379689735  0.72584586554279273  0.73642720144433615  0.74702696164149296
  0.75764356331286453  0.76838076312800097  0.77913653612045053  0.78974977628494591
  0.80040119325369252  0.81096758831585802  0.82159167541598510  0.83220830880369101
  0.84276142259741160  0.85336152968247136  0.86400943159418697  0.87468450688475219
  0.88551481410549504  0.89627936770618033  0.90670501277656668  0.91707436131743958
  0.92733038770231835  0.93765195798417011  0.94781278923249823  0.95780426349439152
  0.96870498750681622  0.97911800681658545  0.98970307707289396  1.00000000000000000
 -0.00220003132467844  0.00874963516813878  0.01878463854198538  0.02952517771235369
  0.04014339175281349  0.05072813462671167  0.06110808190821464  0.07189118267758791
  0.08252153798830503  0.09308343006358911  0.10349431579834494  0.11397805059228863
  0.12454617346415162  0.13500570836503087  0.14529966297363089  0.15574985647173881
  0.16620679143185330  0.17672849708097085  0.18712654215389507  0.19746598066474816
  0.20761430685790661  0.21795902099606923  0.22830099965154979  0.23863235861199691
  0.24894847419555607  0.25948271795110489  0.27006679593232730  0.28062131838532228
  0.29120042646998479  0.30193073493497258  0.31262211721907895  0.32316023487152479
  0.33369323622796820  0.34421662874594106  0.35471275647245415  0.36520577380268893
  0.37570862305848746  0.38630388359681889  0.39694344204662468  0.40758279410607551
  0.41843795516767085  0.42910063986425329  0.43976692898107878  0.45009468097016508
  0.46057522461894090  0.47104521105844865  0.48148863290799943  0.49177491361099340
  0.50228474736653084  0.51291363363361619  0.52346025198933754  0.53403537401329992
  0.54448943705199082  0.55524461738552400  0.56577737073985346  0.57619899690077558
  0.58666802892484327  0.59725634484940959  0.60783646476995834  0.61850285480761313
  0.62901726231875399  0.63973039640804807  0.65043484936868412  0.66106895121118392
  0.67167360396692910  0.68219525287884164  0.69282127421609740  0.70373123193793574
  0.71441601984184133  0.72516524392612292  0.73553836066250955  0.74596822266327201
  0.75644820227727383  0.76701327756418403  0.77772326355988153  0.78839237107327531
  0.79911653376940039  0.80955650648261956  0.82019914388790038  0.83066299071262206
  0.84128193179603350  0.85164276764572144  0.86230706901900789  0.87266086423377032
  0.88307284115111762  0.89332495389845501  0.90415664570185916  0.91494360979722622
  0.92574969141188268  0.93647088207550233  0.94691874890977823  0.95753959583910186
  0.96814767008647595  0.97887919516624389  0.98943313433415869  1.00000000000000000
   6.6507086384399402E-008  -1.0000000000000000     
 F F F F F F F F F F F F F F F F F F F F F F F F F F F F F F F F F F F F F F F F F F F F F F F F F F F F F F F F F F F F F F F F F F F F F F F F F F F F F F F F F F F F F F F F F F F F F F F F F F F F F F F F F F F F F F F F F F F F F F F F F F F F F F F F
  <DiscreteSampler_grid>
  grouped_processes
  1 # 1 for a reference and 2 for a running grid.
  10 # Attribute 'min_bin_probing_points' of the grid.
  1 # Attribute 'grid_mode' of the grid. 1=='default',2=='initialization'
  0.0000000000000000 # Attribute 'small_contrib_threshold' of the grid.
  0.5000000000000000 # Attribute 'damping_power' of the grid.
 # binID   n_entries weight   weight_sqr   abs_weight
    10   10   4.804035876626166E+004   5.156049253100529E+009   4.804035876626166E+004
  </DiscreteSampler_grid>
