  0.00231706802020078  0.01652479543553438  0.03028945772808184  0.04230704369907837
  0.05405292353540367  0.06543792613714451  0.07664261886198806  0.08783906572493441
  0.09900320540468215  0.11021335237674375  0.12133442937788010  0.13253516721212089
  0.14333992039838986  0.15425541078168856  0.16481173580255709  0.17541851658375215
  0.18584209708513277  0.19646526125420583  0.20708152157372203  0.21773564774264567
  0.22847093943114521  0.23932302318182730  0.25016458763259120  0.26085591915713707
  0.27149550986993726  0.28221537094870025  0.29302774509216734  0.30384579728286781
  0.31459559491457739  0.32526208506419868  0.33596233841630929  0.34665289039824249
  0.35749225540944746  0.36828160253430842  0.37903563243250449  0.38962832739182263
  0.40028188004524262  0.41097110447501511  0.42165108524082634  0.43233313184148459
  0.44299590959832141  0.45365560516099424  0.46423580811043419  0.47477280507514508
  0.48516875763477368  0.49548069540997208  0.50575258422157443  0.51618031155054245
  0.52668107435514167  0.53721930222858616  0.54772749003455012  0.55839355084536979
  0.56916402760682427  0.57994794087411106  0.59054890148598893  0.60107311111319661
  0.61164022109794858  0.62226628905299142  0.63278727918517974  0.64320067695100536
  0.65365139889334567  0.66411834988224716  0.67448998731083720  0.68476392339570225
  0.69517676219081392  0.70565166676950353  0.71600571434448990  0.72624577537900981
  0.73657903170125016  0.74716749658243486  0.75788171500848722  0.76863063843193014
  0.77917417308007419  0.78962759112183445  0.79992543921511838  0.81019585743690214
  0.82039114840267224  0.83058025653845990  0.84088188865075542  0.85115181657064043
  0.86137436396830347  0.87160289107336264  0.88178825043117148  0.89189337372321820
  0.90178781447818956  0.91163416513353956  0.92144196869125083  0.93122825455104852
  0.94086427075726442  0.95023175160477413  0.95960668588935760  0.96875255640891511
  0.97746192923574682  0.98546575700248362  0.99346078871880306  1.00000000000000000
  0.00208254312837405  0.01705918344291455  0.03070749792829407  0.04305820504264752
  0.05434218848852475  0.06604397769375304  0.07701771108072016  0.08808654385468599
  0.09912839303960773  0.11026081827586889  0.12133017403652814  0.13242307279269777
  0.14333101978668036  0.15415772843478021  0.16486780562777639  0.17563772187815066
  0.18645535228215571  0.19708556234766236  0.20769102596493827  0.21806599171759483
  0.22860521464649658  0.23928800215989679  0.24998799354654394  0.26069432454368519
  0.27122014836311725  0.28158383935786330  0.29200527439445501  0.30249755479543727
  0.31285745908191032  0.32303931512282780  0.33332891158432659  0.34388543192599030
  0.35460618389638676  0.36535975956515898  0.37597973758790831  0.38635618385990272
  0.39671168412904717  0.40711026391208555  0.41745867773025669  0.42772076209291210
  0.43812257514842501  0.44877241305127658  0.45942395218303017  0.46987263979207461
  0.48028624697899458  0.49073186159240917  0.50118563862805188  0.51157007177298475
  0.52196552673649865  0.53248106741944523  0.54304828984770914  0.55363089767003981
  0.56417330136201171  0.57470191917245905  0.58520979019764485  0.59568902824112879
  0.60619763096941304  0.61670766260979915  0.62718795828817264  0.63764117637257334
  0.64802684404501087  0.65834290385231209  0.66861200320408987  0.67886762651619703
  0.68917814304053315  0.69949260025433735  0.70975238017559905  0.71997405395638903
  0.73017440530218003  0.74045114768867837  0.75075728285904042  0.76097055029230920
  0.77112687655934231  0.78131515345454150  0.79153117288828723  0.80174884534063273
  0.81185230644587714  0.82187531997569829  0.83190680882870793  0.84205641616301274
  0.85229562962763394  0.86248015721757176  0.87258274206749720  0.88260722432915062
  0.89246325709252128  0.90220557107819899  0.91190555431940457  0.92158743940545196
  0.93125906397950442  0.94090323530885578  0.95050401980505839  0.95995051750588023
  0.96894893861322673  0.97757412423158241  0.98562609964853565  1.00000000000000000
  0.00833182064516477  0.00979492274523475  0.01073551055810297  0.01162221833108802
  0.01262770477707809  0.01373371044194833  0.01489712293507887  0.01608002094680472
  0.01726213198079600  0.01847403343762417  0.01969979214023887  0.02095335826643942
  0.02226483844781272  0.02364626259733119  0.02491220025573028  0.02594787951315738
  0.02692233760374620  0.02800601710851674  0.02921811866046875  0.03046074704382929
  0.03171557400539501  0.03298923841921676  0.03428664722215165  0.03561419048391277
  0.03696873300582900  0.03834440797946399  0.03974894555250836  0.04121278059328740
  0.04275716243098427  0.04434382641673298  0.04595172915488786  0.04759953358851211
  0.04931424381585587  0.05110671400969594  0.05296730963986242  0.05487998362921325
  0.05684385923574413  0.05887918435571853  0.06098135932421932  0.06314341728037709
  0.06535807497158616  0.06764959563434546  0.07004603243198990  0.07253985169875786
  0.07512849519574274  0.07779460797925576  0.08056913574987862  0.08347520650362904
  0.08649229665839767  0.08960962844141536  0.09280969255605248  0.09614137508270741
  0.09961077960028540  0.10323932888061968  0.10707100457643499  0.11109317944578283
  0.11527603151749649  0.11959727795458557  0.12409148628418676  0.12877588718318173
  0.13365836077118229  0.13875563951793071  0.14405413334075434  0.14960615345228886
  0.15542774760901307  0.16155637917222287  0.16799942962461595  0.17478730097333675
  0.18199420697996369  0.18962012748156404  0.19765730845833857  0.20612088826204009
  0.21507859214825359  0.22449034851650718  0.23439006753699970  0.24487377376015654
  0.25601208996930769  0.26786067362312838  0.28054353950673472  0.29421512412900480
  0.30896271411029946  0.32480080379592674  0.34191322308441802  0.36052580195899192
  0.38071887266072041  0.40283769851144008  0.42713968892051118  0.45404575670750080
  0.48416370950194643  0.51846929225628291  0.55875466319682920  0.60757932050154495
  0.67173858422845611  0.76830544205265194  0.86345017331878993  1.00000000000000000
 -0.00102003449715796  0.00396564585170147  0.00917254165187847  0.01434812329215000
  0.01961726306321857  0.02495618507305754  0.03035998455695194  0.03577544964173767
  0.04120383781655498  0.04661898193512483  0.05205947867154990  0.05756750655528235
  0.06318084046402937  0.06885854156308154  0.07453563138850734  0.08020861040561218
  0.08592222843580087  0.09169801525388699  0.09754528599326852  0.10342076545878945
  0.10930641701866546  0.11521050461605610  0.12117228058834704  0.12725867426826210
  0.13353057586687681  0.13988901273642845  0.14621754674273957  0.15253927526445751
  0.15888134905834708  0.16525227426968539  0.17164570973934626  0.17807288243820918
  0.18458386760042206  0.19117973683778575  0.19787034711795540  0.20463825365532395
  0.21146721036054117  0.21832624716836424  0.22518629995891867  0.23207425744876842
  0.23909384757584426  0.24623818885669724  0.25346405316013343  0.26076236374555700
  0.26804107240378960  0.27533441826825139  0.28271163771384161  0.29025183905772123
  0.29793131863496441  0.30567459143695530  0.31346823917317718  0.32138380684128648
  0.32942439342578045  0.33755473400769204  0.34582436012445411  0.35418356181303517
  0.36265929745881947  0.37121482190315719  0.37989773848810715  0.38866656098923008
  0.39757434819989595  0.40666712478945621  0.41597241317900757  0.42547282860626023
  0.43509933738372525  0.44480311896218205  0.45464026453715611  0.46462050590624770
  0.47484653884358113  0.48536174140136484  0.49606329290698464  0.50688323805431934
  0.51787775665858748  0.52928533938189049  0.54104406746749090  0.55288771614855725
  0.56498106949134075  0.57727689296989171  0.59011757522075203  0.60346328087252843
  0.61763160991594301  0.63203678092878701  0.64691564959656833  0.66221994258160388
  0.67804963340228219  0.69457824183752015  0.71232332656437602  0.73130590033620035
  0.75167529776599196  0.77333348478242958  0.79658447224244722  0.82250545509822293
  0.85200662501115199  0.88669293011135575  0.93257646926643234  1.00000000000000000
 -0.00235355162935019  0.00930725329475978  0.01930215648974338  0.03005153226623478
  0.04068801089438153  0.05138691874644972  0.06209486536781598  0.07261272273209306
  0.08301175466466819  0.09335387755210221  0.10407725928665137  0.11401615580188350
  0.12495664381857538  0.13491787348660980  0.14524627524484204  0.15531869275140733
  0.16531955192260112  0.17556790448106291  0.18597749658897278  0.19651036004583530
  0.20712789019939018  0.21759236824761230  0.22797524360753835  0.23828738511077610
  0.24863856861472097  0.25906871005203358  0.26959527995582583  0.28006314766488044
  0.29051687298801215  0.30091737103726102  0.31134673421342141  0.32185426940679823
  0.33256099614515172  0.34332936084154503  0.35414113472736292  0.36485427690881106
  0.37554437529250334  0.38596262688668576  0.39624525844208186  0.40656008397219501
  0.41693711949309437  0.42731936913894597  0.43773017881511972  0.44829519752959524
  0.45894082602166353  0.46944231789925861  0.47985817801567621  0.49024668464070642
  0.50072147735587258  0.51116801966109859  0.52164815561265554  0.53214633587605276
  0.54280987428000860  0.55356958027818537  0.56447522759253654  0.57525708766374173
  0.58596480878474699  0.59655781064061597  0.60717440949833712  0.61791970575478894
  0.62865355362470299  0.63933995340517003  0.64985389639794067  0.66043389720283641
  0.67107960679129508  0.68175683848966140  0.69232431760649826  0.70282278448537572
  0.71350860745096834  0.72418343106523231  0.73480483495187732  0.74511086276358307
  0.75560365772282667  0.76604878879040095  0.77656810377287500  0.78701563822563936
  0.79757012092125645  0.80817248446458945  0.81883944718370938  0.82959970396342730
  0.84033870293659940  0.85116644155797294  0.86152860308505930  0.87212766217976068
  0.88261568090508258  0.89302019707321412  0.90352270620679520  0.91381461985434742
  0.92461178604712280  0.93537574657570011  0.94643037919497697  0.95770019433879894
  0.96810375114632385  0.97870425285033580  0.98915591565821281  1.00000000000000000
 -0.01403577899101442  0.06323690846999061  0.10910820994765075  0.14404724534984986
  0.17351949171966000  0.19940875206528885  0.22276029957204810  0.24422936264746067
  0.26430249063930716  0.28311777606843275  0.30078874626047875  0.31749736949956681
  0.33357271752498419  0.34921212901720733  0.36428475963261897  0.37870571026371019
  0.39263820532140242  0.40627976602562293  0.41940443236025282  0.43204287227357219
  0.44438571893616041  0.45642739381128655  0.46818276884375454  0.47969910179698638
  0.49095564130301950  0.50192433458221619  0.51267843230403898  0.52319595205522584
  0.53347090138732578  0.54354530661960820  0.55358872520620583  0.56356654049262300
  0.57340750965769982  0.58311775479976125  0.59261721328356431  0.60186397407888614
  0.61096101836120753  0.61980793094408004  0.62862864676363517  0.63720490128162921
  0.64554118767536495  0.65383873763315137  0.66200724036767400  0.67022420452982667
  0.67838543867058587  0.68638105922574522  0.69412567565363870  0.70169165157559665
  0.70921343566063222  0.71672534879055483  0.72422852330071141  0.73165600620287519
  0.73896925029219196  0.74618919758603841  0.75324441923440943  0.76017966670971626
  0.76708391092648820  0.77396156482787593  0.78078786740003903  0.78750761158491034
  0.79415067033885522  0.80072329666330355  0.80726169797303771  0.81380747293993994
  0.82043430456255151  0.82705637368019391  0.83354168440337695  0.83989316813047266
  0.84616644145480935  0.85244050696506213  0.85873097190730052  0.86500501393059093
  0.87121278738643460  0.87731147173990476  0.88330998967950469  0.88928906209427405
  0.89526266766461415  0.90118329187731205  0.90706436659766554  0.91289570293115030
  0.91866298255827894  0.92437671376033148  0.93007174170296247  0.93574004581501646
  0.94135656110010824  0.94693749278865458  0.95248495023671154  0.95797011761032824
  0.96331609041159083  0.96860282131825437  0.97391136962540403  0.97919171646737002
  0.98440819416741798  0.98963406421876998  0.99478959615975848  1.00000000000000000
 -0.00230374741887268  0.00910105042133997  0.01912917457998397  0.02976024275065518
  0.04032442231591715  0.05090331345946955  0.06149152909859736  0.07209543638924083
  0.08260679986739342  0.09311092519836742  0.10355761805428730  0.11424172049223459
  0.12483484399042816  0.13523779120503054  0.14569417085292333  0.15606785958752789
  0.16673498426322733  0.17725971330974069  0.18781442905003237  0.19835109987888258
  0.20891413594500180  0.21976148358882092  0.23046647656963831  0.24108848372372160
  0.25147725707764007  0.26193307684424616  0.27238640357370930  0.28292762593547877
  0.29336976187786507  0.30371745059396388  0.31426174320600520  0.32499144547722170
  0.33558027562653481  0.34607980558228407  0.35650872116378834  0.36710975552091790
  0.37771192816761062  0.38849905240293897  0.39914281992059092  0.40964735023480109
  0.42020808152836464  0.43088446240641098  0.44143641614444279  0.45187895351556540
  0.46256623823932341  0.47341909158370821  0.48406011149873163  0.49452415172927100
  0.50497955085274271  0.51559874057001609  0.52614712912020201  0.53688851271039095
  0.54747384397485865  0.55818068619662853  0.56850943429768508  0.57868626974566595
  0.58895582697852022  0.59910643770724370  0.60941868587731196  0.61947498787771793
  0.62972992777440173  0.64010546884646835  0.65048132051727992  0.66092496616489294
  0.67136419804200320  0.68196271456763513  0.69260482600873696  0.70319079329598677
  0.71387232643208021  0.72439984458872375  0.73486964900741802  0.74532690832207993
  0.75603578482375033  0.76686977491482289  0.77764176226976878  0.78829019659813171
  0.79888662451910131  0.80932042897937895  0.81986151041126376  0.83037132643602951
  0.84081807339361903  0.85122706234930101  0.86176302885394462  0.87243805233608074
  0.88297054614134607  0.89327718881918916  0.90370343159147004  0.91419573446305236
  0.92505944220311476  0.93574125403543462  0.94653518051585406  0.95713896699109302
  0.96794626637601444  0.97863785837182282  0.98929637473839349  1.00000000000000000
 -0.00223698345837317  0.00897812970536210  0.01883426212534375  0.02967192385948055
  0.04051869219144007  0.05150175867376446  0.06224189784634138  0.07281362316236627
  0.08338915873368974  0.09386148959711349  0.10426843316976048  0.11480480939487604
  0.12529636489075455  0.13576844319168985  0.14621593813409475  0.15669531856480604
  0.16717346926375234  0.17753701825394336  0.18804842225871105  0.19865299508518797
  0.20934944592582672  0.22004354784295885  0.23087712900570420  0.24174425211866418
  0.25240382103332148  0.26282628284353782  0.27325036049153362  0.28359491049651009
  0.29402180357213858  0.30447855571523280  0.31512770040680710  0.32574839644366516
  0.33628617132481392  0.34682693295366629  0.35752206803669989  0.36829738982149945
  0.37898414280731196  0.38948945087604336  0.39990582992293655  0.41040773241086626
  0.42090977642852434  0.43137185724663513  0.44196386857964154  0.45263731027204845
  0.46327675206680385  0.47371313863257003  0.48403830492927413  0.49435846634348024
  0.50469033911258765  0.51477992240704640  0.52494510537606232  0.53502533833602073
  0.54526541854208033  0.55578016849237954  0.56621541648579199  0.57688172673825411
  0.58752274078302147  0.59821520613721402  0.60895949079770884  0.61983457894725624
  0.63061885909811344  0.64122062229345489  0.65166034369617976  0.66220099421644518
  0.67265805872566897  0.68320385415035734  0.69386456650574591  0.70462577116138903
  0.71527493497494132  0.72588186148461353  0.73641318313491300  0.74709350702253652
  0.75769478410669600  0.76829897841923667  0.77889884145906829  0.78926445763043707
  0.79998555057421816  0.81034197036609712  0.82099465306654429  0.83159139009870675
  0.84220025771851981  0.85310070901946122  0.86330868045767406  0.87370460036955222
  0.88390404840379810  0.89427987068250581  0.90481188545597635  0.91512111778675043
  0.92583287911819057  0.93633451030443093  0.94723716773759814  0.95767698702299786
  0.96839970899508110  0.97877893765899582  0.98955516180545211  1.00000000000000000
   6.6379441435161363E-008  -1.0000000000000000     
 F F F F F F F F F F F F F F F F F F F F F F F F F F F F F F F F F F F F F F F F F F F F F F F F F F F F F F F F F F F F F F F F F F F F F F F F F F F F F F F F F F F F F F F F F F F F F F F F F F F F F F F F F F F F F F F F F F F F F F F F F F F F F F F F
  <DiscreteSampler_grid>
  grouped_processes
  1 # 1 for a reference and 2 for a running grid.
  10 # Attribute 'min_bin_probing_points' of the grid.
  1 # Attribute 'grid_mode' of the grid. 1=='default',2=='initialization'
  0.0000000000000000 # Attribute 'small_contrib_threshold' of the grid.
  0.5000000000000000 # Attribute 'damping_power' of the grid.
 # binID   n_entries weight   weight_sqr   abs_weight
    10   10   1.332283677468461E+005   8.236091157547023E+010   1.332283677468461E+005
  </DiscreteSampler_grid>
