  0.00231105240906391  0.01654919957605521  0.03010613835065874  0.04206899868214399
  0.05355188829204696  0.06478942142610547  0.07585146910664091  0.08690476389152468
  0.09799679536940931  0.10893286141276072  0.11958180546589856  0.13031393429397492
  0.14110853654378364  0.15181752389701003  0.16243147781119613  0.17293394425125366
  0.18351174760890157  0.19417698346362278  0.20490738605137387  0.21563597098292792
  0.22631387661267549  0.23695585721196710  0.24756847625355183  0.25814795918235012
  0.26883549353713426  0.27963148725980880  0.29049929914589229  0.30130557061566549
  0.31200214671110854  0.32255063516965077  0.33309352034995188  0.34365927278483416
  0.35433288748135910  0.36499827520714839  0.37564599781685176  0.38621050778405930
  0.39671250798042751  0.40732601465354951  0.41800549158890721  0.42868539578815712
  0.43926939626930123  0.44984584317278697  0.46044668354480744  0.47105102639921242
  0.48164022538752277  0.49221542442601823  0.50276149933567427  0.51323794566448189
  0.52365958739597751  0.53405640540496369  0.54442520202463196  0.55479250349122411
  0.56520524532951155  0.57566630658723195  0.58613114243286280  0.59662002102883582
  0.60714761675692919  0.61769683794217678  0.62817738055412442  0.63856779319195567
  0.64892483981272953  0.65931159637643488  0.66976149928428197  0.68029566687560739
  0.69076249217986407  0.70095522889533468  0.71102285295735701  0.72101913905773174
  0.73098114174476259  0.74100599688264945  0.75113422663674168  0.76147542881654673
  0.77182052009857660  0.78202543671582603  0.79214425991534521  0.80230677102632386
  0.81250086617072537  0.82269161970177906  0.83275355813438945  0.84266427747784345
  0.85258546146918701  0.86255977376981463  0.87248612295053618  0.88233459069647324
  0.89218488112557270  0.90203373592578595  0.91190786975578486  0.92172217021566216
  0.93145072980812949  0.94110977625515746  0.95060868209687432  0.95992536767924530
  0.96898198968064009  0.97765224688638541  0.98567926525808780  1.00000000000000000
  0.00228832122726250  0.01656842715154151  0.03038575217469499  0.04247777619279054
  0.05417093915246159  0.06581778190006314  0.07732035209435546  0.08865875603525444
  0.09958131752180149  0.11068354903421124  0.12170640062531476  0.13259872541165349
  0.14330411019937972  0.15401362978294295  0.16474817500031563  0.17547123716614904
  0.18623602423406760  0.19704707068826566  0.20786851034022322  0.21868941150281923
  0.22956542084777171  0.24044798219864807  0.25128605085087391  0.26216004109434637
  0.27310471754900439  0.28395678516461043  0.29463453670894790  0.30519389202977770
  0.31576585289312181  0.32644202868050615  0.33710221100846083  0.34778572556404969
  0.35844489578415650  0.36914165583522168  0.37982354957559583  0.39060707220053142
  0.40153835152451589  0.41252173847930163  0.42334827810454212  0.43383079896798604
  0.44464558647632763  0.45561745145050753  0.46667364258888333  0.47729609369526937
  0.48794121599536916  0.49849764324831886  0.50917893082498245  0.51967017822744188
  0.53018065472276665  0.54062087541843573  0.55122244223788508  0.56198291590527027
  0.57241584654021715  0.58258351521567908  0.59273386713524578  0.60291050097443044
  0.61310431524834130  0.62332051516823039  0.63371192966752110  0.64419208587728150
  0.65470303113862793  0.66522184493975944  0.67588095366734913  0.68659876999439273
  0.69726327388449960  0.70783421301889315  0.71830722926192647  0.72886118668982269
  0.73935683777336692  0.74974739247265509  0.75975331929156142  0.76974217147788238
  0.78000183900857478  0.79035312671855873  0.80067672242890597  0.81086549687865106
  0.82106424055937799  0.83131201987984271  0.84149338951549668  0.85167036183184741
  0.86185424501400187  0.87195507991134324  0.88198158133317950  0.89208628321206962
  0.90208052403037986  0.91196231360007163  0.92165413350292902  0.93132385753894720
  0.94093524647191107  0.95048651408658458  0.95986524928193817  0.96905993773152088
  0.97793314272454501  0.98609868572571413  0.99355092757656571  1.00000000000000000
  0.00904506015299739  0.01045002206669165  0.01143998018802979  0.01242954399143041
  0.01347663115489233  0.01458090475725245  0.01574764952161293  0.01694774797459922
  0.01810939963796803  0.01928138904700633  0.02048937717236258  0.02173932404054898
  0.02302437691548107  0.02432163315713845  0.02553966769076452  0.02650775497030740
  0.02749665805712020  0.02866744323498103  0.02989955613226170  0.03114954940661483
  0.03242196070433721  0.03372316961760731  0.03505084124003639  0.03640215442079337
  0.03777715098421994  0.03917630587976277  0.04061127900577836  0.04210154687996011
  0.04364381872886374  0.04522456361790335  0.04684632696604703  0.04851059736565096
  0.05023133817606056  0.05200896997938249  0.05384692424846098  0.05574524097254269
  0.05770407362766678  0.05973920056944993  0.06186015935220197  0.06405251339067634
  0.06631448853423684  0.06867850287797071  0.07112279494624321  0.07363961716743847
  0.07622042599797080  0.07890062212799880  0.08168116911463394  0.08455632360999658
  0.08754912876436385  0.09069376231151322  0.09398265195253580  0.09739243546975988
  0.10089566886347275  0.10450403048896320  0.10822782196838149  0.11208650453666061
  0.11614136129480021  0.12042692400469067  0.12488736258723494  0.12948974507764646
  0.13431633120765329  0.13943499131446729  0.14484499009463919  0.15050241298795453
  0.15641796861228682  0.16259045896305765  0.16901843087038909  0.17576739939413064
  0.18286180523585294  0.19033381415833028  0.19822685604371681  0.20661685782643241
  0.21545946844121688  0.22477488269586238  0.23458186971697803  0.24503692268277319
  0.25623328136406592  0.26824421019836098  0.28105348888008824  0.29473415728128494
  0.30938084290340923  0.32513003195685802  0.34200743239001796  0.36017257745670145
  0.37987070194007261  0.40149688381671622  0.42520072462751374  0.45127849343405574
  0.48020931943322914  0.51286113136277667  0.55080614402103212  0.59641636130126796
  0.65405795714460990  0.73701056458680181  0.85530160452023329  1.00000000000000000
 -0.00108972643778412  0.00411181185127422  0.00937680561106921  0.01465228854197511
  0.01994953064919052  0.02533965768170520  0.03075353501059289  0.03621555671280931
  0.04172608894072675  0.04728180837431450  0.05284439984002946  0.05840829477411851
  0.06397836017879199  0.06955120303836901  0.07517612095485679  0.08088018036182298
  0.08665509009768313  0.09248604994223387  0.09836699932328298  0.10430757660360836
  0.11030665645653019  0.11631429301577698  0.12234968344185825  0.12846700061268451
  0.13466194173138604  0.14091290926586217  0.14708258644727462  0.15313942384893503
  0.15928752779097718  0.16557589801125433  0.17195407607328250  0.17837522915175244
  0.18483757203443243  0.19130088967374381  0.19774732320816882  0.20426578903751022
  0.21096227932685810  0.21785159291609890  0.22481262474655164  0.23180347437465021
  0.23881150111559502  0.24586710104671083  0.25303825920484552  0.26038578790741868
  0.26779281989873721  0.27521170522416633  0.28260161226690789  0.29001360416683758
  0.29762766514096040  0.30542339096369386  0.31343597117467942  0.32153913122239264
  0.32963582182416162  0.33775435986207691  0.34598525113461853  0.35440553074402081
  0.36292641077305915  0.37155084602160571  0.38029676972321375  0.38913010698071032
  0.39807204078576930  0.40709672885067405  0.41631754677856864  0.42567391675181626
  0.43518530729281574  0.44481139496872485  0.45460443166384545  0.46453146611287982
  0.47466368445805240  0.48515316584441748  0.49594664360501806  0.50687334309525467
  0.51786206762891862  0.52915185860982161  0.54078164412377727  0.55267043552480910
  0.56501691758121153  0.57774141482616270  0.59079644960084754  0.60410829316712245
  0.61808524170734125  0.63256656656249410  0.64758800004031936  0.66309173634283447
  0.67929713650479995  0.69632219458186251  0.71432801828578329  0.73335075878077349
  0.75354263216756046  0.77532925688159948  0.79889109093876376  0.82451226782430564
  0.85326239106860913  0.88757184132585842  0.93305201577701280  1.00000000000000000
 -0.00223448035287968  0.00893096689350424  0.01917754281700406  0.02970027859027265
  0.04048575569149170  0.05093621727684902  0.06119926158598568  0.07164578823947322
  0.08219000210554001  0.09281066168103218  0.10329035262521420  0.11404537755008506
  0.12490869132740337  0.13562522190571616  0.14636004373935321  0.15656560973962277
  0.16714230424034682  0.17727276146905557  0.18767408949172670  0.19784997284221525
  0.20813592757871929  0.21871932478842845  0.22929938432823807  0.23987190679004869
  0.25049673354078184  0.26097540817829595  0.27135985135795060  0.28172804631595050
  0.29229731036812118  0.30304459241590304  0.31365918236089729  0.32434331861034987
  0.33496156750818207  0.34552637264530017  0.35610660134825045  0.36668228550440529
  0.37701483672379044  0.38758872871011346  0.39803671142711233  0.40897013740078869
  0.41966267150793207  0.43019256191685962  0.44079514728352753  0.45132986815168258
  0.46175372006408305  0.47209146474467512  0.48232474487318161  0.49294391724645847
  0.50347016913241149  0.51433082965818300  0.52474142042424987  0.53533117445303935
  0.54577941335588953  0.55645716067030082  0.56718014395971705  0.57795698210259061
  0.58867327808010406  0.59937341005074796  0.61013464004650808  0.62075337869292324
  0.63144822289936253  0.64195910593080274  0.65274234512340323  0.66342975956442451
  0.67398249340842231  0.68464301241975389  0.69507503104878543  0.70561259790378805
  0.71601424541623793  0.72623105335040505  0.73666219993071524  0.74677790166770641
  0.75732583405346976  0.76783101231909567  0.77847867180492858  0.78913557762467601
  0.79981660337552229  0.81051978560414872  0.82134669045589859  0.83207661452630688
  0.84249852337290110  0.85290545366780401  0.86338507074941029  0.87401789188050660
  0.88460810808821899  0.89505369523706346  0.90525006389062734  0.91559247730983762
  0.92612237623605254  0.93659893300307251  0.94703352880368941  0.95728675616131609
  0.96794262533637654  0.97855723812503281  0.98926378447198871  1.00000000000000000
 -0.01422907306444338  0.06334534007153295  0.10919258968205056  0.14448677800025828
  0.17432939512975784  0.20023284577119471  0.22338808705278110  0.24492225302944876
  0.26527278639178364  0.28453448470756038  0.30283160858082847  0.32020311763002285
  0.33665842866295465  0.35234412752765276  0.36721047281529645  0.38142457350606246
  0.39513177039677261  0.40838977844879060  0.42136094116392819  0.43401455559009372
  0.44624346038426188  0.45807536437467561  0.46968330271131625  0.48112764754898674
  0.49242708115671657  0.50346729221223963  0.51427468004162691  0.52488138070277568
  0.53526506160060650  0.54544806691238612  0.55546720840503461  0.56533599464917861
  0.57496912195468841  0.58440146987290320  0.59359821917106537  0.60262025505328642
  0.61145487984403268  0.62008653598539909  0.62864322799987382  0.63716047209621995
  0.64562427067617256  0.65395092844592084  0.66222628733800948  0.67039813614223542
  0.67835615616409328  0.68616435971237411  0.69390732363420748  0.70166916002791480
  0.70936337913973091  0.71705445492225794  0.72464518091327978  0.73201366341770124
  0.73930222093175701  0.74649780531616872  0.75354428476091495  0.76045860625760786
  0.76732313772118843  0.77412537636403289  0.78080592153248563  0.78740161984241019
  0.79396201898550112  0.80050942651702495  0.80702915838231781  0.81358564035729530
  0.82022919949413631  0.82688852606937802  0.83345955662660709  0.83989539168892968
  0.84614750068407441  0.85234923464270740  0.85853836441735443  0.86468158705768960
  0.87076596165007702  0.87678983816927236  0.88277469816150378  0.88874740134587427
  0.89471007792526080  0.90063867277353404  0.90652111796767398  0.91233614518769979
  0.91810658569066250  0.92385578077297281  0.92957358513854771  0.93525217959605056
  0.94087553082324171  0.94642460871847467  0.95192549545737937  0.95738020479314156
  0.96278437636767489  0.96817267235610038  0.97354324856693897  0.97892397666705722
  0.98425492280828841  0.98953340168481030  0.99479816893210260  1.00000000000000000
 -0.00236538998782035  0.00927934949390386  0.01931447635517057  0.02969118160981132
  0.04002654482968895  0.05050578295637000  0.06105259599380891  0.07161491481437926
  0.08201890877033784  0.09247803044860439  0.10273705492857237  0.11324576412016456
  0.12373915592389979  0.13433803072921360  0.14491448960515035  0.15542461937789664
  0.16613787994075255  0.17702050162528868  0.18790908435455037  0.19868818289101564
  0.20935573449734363  0.22013720145604304  0.23065823081631792  0.24113514076666093
  0.25152970727993945  0.26192859260786777  0.27221474270454016  0.28242365460892294
  0.29276015682748480  0.30322870826818449  0.31369072337697412  0.32419418795658006
  0.33475582467538295  0.34553193373128510  0.35622248242140686  0.36679111255436359
  0.37737192007390036  0.38806034895735780  0.39885240664021659  0.40966201244546885
  0.42045393260451558  0.43138477720818308  0.44206312418230898  0.45254602901186231
  0.46297754712758088  0.47366806908197878  0.48423795591149199  0.49457849029822554
  0.50486496588811947  0.51509202854850056  0.52548387441449151  0.53589405098620357
  0.54640820811378998  0.55715714529245108  0.56769053064616126  0.57806692680040306
  0.58830115334358635  0.59864401959077718  0.60912507459830501  0.61967016663387919
  0.63017818913032841  0.64086073886238537  0.65140810720557130  0.66213067741773757
  0.67261640918028220  0.68292526782214014  0.69327865544565959  0.70360077274981891
  0.71411327586000084  0.72442421312958949  0.73487764716540971  0.74537931783253220
  0.75604123258630118  0.76669845918509527  0.77741848318898454  0.78801840809121770
  0.79865333632358437  0.80921187254800353  0.81983921057381126  0.83040277522998462
  0.84101325822503314  0.85154048812114835  0.86204043407973885  0.87258757372363382
  0.88330321825331004  0.89406235215154883  0.90471303202584674  0.91521324675117433
  0.92585202719625137  0.93657416571351748  0.94734180114626043  0.95823473810778703
  0.96861818213022421  0.97926486917418043  0.98957508502319680  1.00000000000000000
 -0.00236235123661967  0.00937499944941992  0.01941022256101983  0.02995382180550090
  0.04038348278790916  0.05089869873183667  0.06150238126354568  0.07215056901731969
  0.08267594515508048  0.09339055730725890  0.10404859188204783  0.11470303112784140
  0.12525253709409018  0.13599454967898233  0.14691254291299730  0.15780611854923349
  0.16858458347310798  0.17928696473145672  0.18990304113029333  0.20052656618827780
  0.21120250918828373  0.22182011367311466  0.23241706740364268  0.24298079747281956
  0.25353660775130082  0.26411825440901565  0.27465184217469857  0.28515155133765707
  0.29565151161919778  0.30606676350211187  0.31651442220160431  0.32705477049633663
  0.33772891346231632  0.34834384387351891  0.35876998972015339  0.36912668809270532
  0.37958029176644248  0.39009693782303906  0.40056031607315606  0.41090157670564914
  0.42104015344507750  0.43122614873025644  0.44159776292426750  0.45223344880050653
  0.46275986014286774  0.47322042909692036  0.48367988622171232  0.49422751453609898
  0.50479526664051044  0.51547280371930382  0.52600139926821865  0.53645539358114347
  0.54684662135010287  0.55744988442095988  0.56807105932972191  0.57866359353866681
  0.58908008719720417  0.59951420396648025  0.60999748234360174  0.62055363126843877
  0.63109732677082697  0.64167143050045505  0.65230658994043866  0.66288083903357464
  0.67335362931380960  0.68375173835874070  0.69427649123998325  0.70475166388379118
  0.71528832547363719  0.72582502257108084  0.73638704533220356  0.74690530749541517
  0.75739403786132620  0.76801154924547077  0.77879631358803147  0.78955420535894139
  0.80020387209350985  0.81080069188380000  0.82155091969526983  0.83226441479375013
  0.84261378303024015  0.85304858878082557  0.86344378923540666  0.87384749982555443
  0.88411780058295242  0.89469089425869974  0.90516706070157615  0.91563136029236836
  0.92592955976534952  0.93654657837588573  0.94705761749435058  0.95756597023474099
  0.96811333366555508  0.97894157656400849  0.98948122107083647  1.00000000000000000
   6.6731161241656586E-008  -1.0000000000000000     
 F F F F F F F F F F F F F F F F F F F F F F F F F F F F F F F F F F F F F F F F F F F F F F F F F F F F F F F F F F F F F F F F F F F F F F F F F F F F F F F F F F F F F F F F F F F F F F F F F F F F F F F F F F F F F F F F F F F F F F F F F F F F F F F F
  <DiscreteSampler_grid>
  grouped_processes
  1 # 1 for a reference and 2 for a running grid.
  10 # Attribute 'min_bin_probing_points' of the grid.
  1 # Attribute 'grid_mode' of the grid. 1=='default',2=='initialization'
  0.0000000000000000 # Attribute 'small_contrib_threshold' of the grid.
  0.5000000000000000 # Attribute 'damping_power' of the grid.
 # binID   n_entries weight   weight_sqr   abs_weight
    10   10   2.224551867454107E+004   1.258302278033618E+009   2.224551867454107E+004
  </DiscreteSampler_grid>
