  0.00238880110428916  0.01622817317815079  0.03002669410081428  0.04217448244496083
  0.05371892038520504  0.06494631443170362  0.07620330520067954  0.08734629390598860
  0.09842558586414371  0.10935127893423055  0.12031166606592207  0.13121275565739282
  0.14189232487903486  0.15268278409173824  0.16353142946237031  0.17429999765567206
  0.18511968759532635  0.19589138088985220  0.20680461644938691  0.21743971099667952
  0.22791861349999629  0.23849711998847431  0.24900614328461657  0.25958524526714516
  0.27020208418278951  0.28097782172914454  0.29174638391183677  0.30233811436845298
  0.31288409235149722  0.32340183242017895  0.33386839850124023  0.34429016198505269
  0.35462374281133868  0.36496346584971262  0.37551521495643275  0.38635757474978949
  0.39730258316328221  0.40798875008373592  0.41849326834410638  0.42898892546671985
  0.43946845678473995  0.44981847019593563  0.46009784370757317  0.47041226241742978
  0.48074749800418731  0.49104326981106278  0.50130883597529319  0.51157872914396374
  0.52186959003634770  0.53218682707332599  0.54258112833185324  0.55305692047652977
  0.56354253476681448  0.57403864518762093  0.58452204395580287  0.59500511577887882
  0.60547613784188947  0.61590974235950169  0.62638373785697388  0.63689625170596853
  0.64739649496208906  0.65782421184204076  0.66816219133082411  0.67847462813741222
  0.68884835038802106  0.69922899311426223  0.70950939156764625  0.71966955861869575
  0.72984696009839134  0.74016041855360248  0.75057201635327886  0.76094568338374036
  0.77121753601254639  0.78145285471144688  0.79167159215116645  0.80185665509913917
  0.81198976882990437  0.82206986099981016  0.83215909632582641  0.84226337423264586
  0.85239204540361369  0.86248541440061710  0.87257546924227025  0.88268873644004275
  0.89284833119312357  0.90296492841894616  0.91300841590910475  0.92297796271741195
  0.93278907275425660  0.94237159520236313  0.95177033943181089  0.96100525408231741
  0.97002869252795088  0.97844398706576052  0.98683009430636404  1.00000000000000000
  0.00239872560632804  0.01624712443815325  0.02999883832899434  0.04169840848609301
  0.05333358741045821  0.06475259208915986  0.07604151539714123  0.08714197953767576
  0.09831684629407419  0.10942653894962129  0.12028558137613546  0.13105599846556903
  0.14175376688653102  0.15249429510722132  0.16327426755198329  0.17415432684712071
  0.18510156485071994  0.19596155717850330  0.20676421507162418  0.21753014902910114
  0.22821234743527385  0.23897519058779010  0.24963390291396262  0.26033681592707575
  0.27098037833446748  0.28176594395331367  0.29253189796488338  0.30312993717562159
  0.31365341617681564  0.32414578035097097  0.33466605309261377  0.34512365278815055
  0.35561665003229626  0.36616618302599530  0.37670505013685951  0.38724179716647228
  0.39780809848506787  0.40848205899671081  0.41920661134372639  0.42997814594209011
  0.44063516816194948  0.45112362423906710  0.46158795441423334  0.47204873622703963
  0.48245485196622812  0.49285866259100530  0.50334108150738321  0.51391444476904213
  0.52442869735260844  0.53491580785381265  0.54546761145915901  0.55606310129828873
  0.56663129710786109  0.57718424027936110  0.58767413198891916  0.59813401027036295
  0.60859169800445490  0.61908975939099864  0.62954124502768238  0.63999430500669174
  0.65048222556848911  0.66099404077319079  0.67145319280747118  0.68187363311197058
  0.69237163380494127  0.70291862947480321  0.71346222386148495  0.72391751558237161
  0.73424702885591098  0.74444454528504500  0.75459132462022427  0.76473872886766570
  0.77492489146187926  0.78509112135805181  0.79524532621168575  0.80535054456201338
  0.81544725982632760  0.82553920983010465  0.83569539132918280  0.84593022763753600
  0.85617317650617297  0.86639279616800735  0.87655863404912160  0.88666209880996238
  0.89669936114206483  0.90667418738390382  0.91660902261993160  0.92650657511480050
  0.93634246512027608  0.94602674994677005  0.95545954786761245  0.96460646423926943
  0.97338123992680980  0.98154744137527705  0.98960096799323694  1.00000000000000000
  0.00824674546730478  0.01029002066817507  0.01156092011929835  0.01267035160610481
  0.01376876800679052  0.01488221972421600  0.01603015283585084  0.01719810925429205
  0.01836879257129252  0.01955030467834969  0.02074664210441358  0.02201216827253238
  0.02335075728441877  0.02458282193542244  0.02567930998232636  0.02670107292661345
  0.02774866122786509  0.02889788442436586  0.03010662903988381  0.03134209006687882
  0.03260933328646602  0.03392164295208774  0.03526578274940072  0.03662410235240212
  0.03799232787208726  0.03937995987006055  0.04080934572295580  0.04228843447783211
  0.04382871652362327  0.04542739933016144  0.04707609005115034  0.04876017248052647
  0.05047933472110333  0.05225797582941890  0.05410808923628675  0.05601521267553533
  0.05798157925344984  0.06001790031448932  0.06214793316507448  0.06434862579348929
  0.06661292112485760  0.06895507153278953  0.07138808064637087  0.07390574328971571
  0.07651745004007882  0.07922336646246972  0.08202948634931705  0.08491973890586282
  0.08789690180309656  0.09097018900443303  0.09416408124758517  0.09748905845983202
  0.10098506690910436  0.10467159277486357  0.10857840840027111  0.11266844295802532
  0.11686431224066388  0.12117884509932519  0.12568454990272107  0.13042851269737898
  0.13535103057853232  0.14042766432945691  0.14570273540612597  0.15127941306397236
  0.15719223676199276  0.16336264743172607  0.16983009671863944  0.17659873032185880
  0.18373668044175204  0.19119695083284280  0.19908074384969199  0.20751370631809443
  0.21649600529639929  0.22596797771295202  0.23596507672762562  0.24654970965186740
  0.25772271514091777  0.26954362039610025  0.28210506724403978  0.29551625910209572
  0.30989765212963238  0.32539360173933835  0.34215323490477872  0.36025870413926930
  0.37991713194862320  0.40141100573805610  0.42503950573501043  0.45121631404201662
  0.48066183503949472  0.51418549349103959  0.55298340305661597  0.59917753420613307
  0.65770032117937838  0.74565693479766715  0.86471560746808829  1.00000000000000000
 -0.00100586122937701  0.00390769917570246  0.00907144892588154  0.01424567828324131
  0.01954396101945089  0.02488617993471196  0.03024027337102532  0.03561344473271660
  0.04101945840581622  0.04651131772755784  0.05206693391542402  0.05764127228156873
  0.06325550746746379  0.06891101158388015  0.07459395479320945  0.08031285660407103
  0.08604312648933407  0.09180883052209617  0.09764854382713808  0.10356469149382513
  0.10949429122107859  0.11544454586747685  0.12144896539357775  0.12754582453269986
  0.13377054740289612  0.14009317296446774  0.14645576156078638  0.15281584077966465
  0.15916177549272609  0.16551588845405718  0.17195020684951323  0.17846419885909082
  0.18501833470498219  0.19162346976788752  0.19826044570858506  0.20494363164990514
  0.21171574465016754  0.21859867293674884  0.22555248403642558  0.23258079385467748
  0.23967308741372351  0.24683453841673061  0.25409721426516269  0.26144409412167297
  0.26879354863310712  0.27616339723155836  0.28365294911460615  0.29127586745031714
  0.29896218106285039  0.30671153269250551  0.31451124869472241  0.32245815149105855
  0.33049076868278238  0.33863725829075314  0.34687894646092848  0.35517283413457867
  0.36359480248224241  0.37217217708784694  0.38091178197691927  0.38971506054468508
  0.39860169116403094  0.40761987276002415  0.41680959482562258  0.42615847357348074
  0.43566121006083863  0.44538357683913926  0.45526564655775459  0.46534153779757759
  0.47561381219555704  0.48618880941091935  0.49710624015438748  0.50825642830247342
  0.51959365238955679  0.53111838138900636  0.54298737235232575  0.55506609277339869
  0.56725112027128000  0.57964550103488277  0.59253352821505678  0.60596366199974150
  0.61963136026241861  0.63389770669644019  0.64880918002424626  0.66434037729410855
  0.68049967833495506  0.69738833452123017  0.71504500030396134  0.73379118972790291
  0.75382781397289611  0.77546117952250770  0.79889742392623242  0.82473827979845571
  0.85401819156433756  0.88831885653036224  0.93387286898474364  1.00000000000000000
 -0.00217595382815034  0.00883926098964860  0.01864981107536160  0.02924468460823547
  0.03971477004978359  0.05023659637727283  0.06071704096414747  0.07115163608532390
  0.08168968549430522  0.09232476708289619  0.10311566999855057  0.11362674356526142
  0.12406635987396422  0.13438976649674989  0.14475223799256989  0.15513211043654399
  0.16561799348306649  0.17639421779793682  0.18720101008586990  0.19811115929904669
  0.20885490204391766  0.21950604471062626  0.23009980182887335  0.24091531729696575
  0.25165222344996668  0.26242433117765251  0.27297456762809680  0.28363307495044016
  0.29429107942325805  0.30510659944647700  0.31571197171915361  0.32650855931014844
  0.33698806422035010  0.34736449833449218  0.35767071195193312  0.36804964383253463
  0.37850566039812217  0.38886182464751906  0.39912678182143102  0.40977685973648675
  0.42036559039349114  0.43096944270172066  0.44151400692407577  0.45209928575509978
  0.46267871599377436  0.47308165795901386  0.48366969199288790  0.49420313423704831
  0.50480420146279559  0.51542257631707955  0.52602724367415343  0.53673940430836875
  0.54719717908190701  0.55735475841741089  0.56778238136327941  0.57809324243869353
  0.58862797518578125  0.59904631406603881  0.60951543431033783  0.62004796952773034
  0.63047912178460708  0.64085592988930729  0.65142354630258958  0.66190693571497294
  0.67244022239287238  0.68295464933027716  0.69351243151780317  0.70406534962438727
  0.71458694323061467  0.72521120357691382  0.73582071229795842  0.74653902910133574
  0.75715172317717638  0.76781239393045042  0.77817103829742784  0.78882592945916263
  0.79926171882532393  0.80985860991305747  0.82029634986921907  0.83091356658982396
  0.84175281721253936  0.85246791689803203  0.86307331995890912  0.87351278296164181
  0.88432109478385224  0.89479271656515158  0.90549756501830614  0.91609223895435254
  0.92683885896827789  0.93739455410310579  0.94792239691556601  0.95824808292436758
  0.96859511691222866  0.97892536099404570  0.98957826020935069  1.00000000000000000
 -0.01400919977525647  0.06273837738122667  0.10834018224495583  0.14385425872166363
  0.17391630520173634  0.20047665329975092  0.22455701603736902  0.24667120383532973
  0.26723201576836830  0.28635159359775997  0.30414457839949016  0.32086739756043209
  0.33679924105646553  0.35208495380367272  0.36677337567790180  0.38095168313768807
  0.39451542277580492  0.40767628011674956  0.42067388019291002  0.43350108361465539
  0.44586022127319919  0.45778611869766089  0.46938786505896457  0.48070081553126365
  0.49176975684362151  0.50262141451834474  0.51325973166343730  0.52367700658439320
  0.53393188640552935  0.54397873133305863  0.55368857481699407  0.56319198060094700
  0.57266347049593669  0.58208533712405797  0.59127022418228070  0.60022600395978876
  0.60909820044193275  0.61790453302120496  0.62661285003238909  0.63514281058291366
  0.64347154593954270  0.65162525300134033  0.65965698289777064  0.66764586289772876
  0.67558672441029743  0.68346643682992536  0.69119607435372843  0.69879231296367317
  0.70629842193415437  0.71380232626106166  0.72131482055458185  0.72883555536895606
  0.73633157888284895  0.74376653605341658  0.75098633176685092  0.75799578602706730
  0.76492089135616625  0.77185635102059480  0.77881527072312806  0.78571213064089074
  0.79252647762760486  0.79922264936498955  0.80585152129606996  0.81242988815540440
  0.81899484139439749  0.82547962937214936  0.83193099819542615  0.83836258458481472
  0.84480124265786871  0.85118869541021036  0.85744585353666769  0.86360027975033749
  0.86971482456105997  0.87580034162199449  0.88187867198077585  0.88788631969563769
  0.89379762903900462  0.89966624954054442  0.90552242340554379  0.91134739287077993
  0.91714728928201428  0.92292362199158284  0.92865001202975883  0.93434030522787315
  0.94001813409220958  0.94567946323683050  0.95129937548046362  0.95687670276420000
  0.96241321724758411  0.96792384923705177  0.97339181058957847  0.97881857738188194
  0.98418758616332569  0.98949676492421568  0.99479575124961150  1.00000000000000000
 -0.00228816963091698  0.00913472622449661  0.01930539005524751  0.02985024463640047
  0.04050215001072684  0.05073378573426912  0.06091770240664684  0.07157079815262385
  0.08200086304020957  0.09262325766947792  0.10325871347570179  0.11390554044524265
  0.12450287719953435  0.13506800020400767  0.14567262729898131  0.15628501448516058
  0.16701333139669197  0.17759513290605680  0.18812551449897949  0.19856294329526789
  0.20901070304479796  0.21940387952911045  0.22979785451897081  0.24040306276486575
  0.25107493252143714  0.26145536002256664  0.27191314269469707  0.28252427347476539
  0.29298276845584165  0.30331648450929533  0.31357230453862273  0.32414660035017817
  0.33463941569214090  0.34508684614013907  0.35557379872604439  0.36629604989311165
  0.37681008738505445  0.38721000427129043  0.39757110251737215  0.40810279027443419
  0.41878032169661500  0.42948430619098071  0.43997253056807367  0.45048403738678799
  0.46099482827733501  0.47164236147506450  0.48230041556285536  0.49296009368138161
  0.50370932506858290  0.51435058235202602  0.52488683450555496  0.53536199173511245
  0.54592529311523197  0.55648126920154917  0.56714446703829768  0.57781115828522323
  0.58865103404377583  0.59931175735326736  0.60971086133126373  0.62011736496121672
  0.63067936170078343  0.64137502576296157  0.65194661781213248  0.66236757604302610
  0.67281723459145526  0.68338295556332418  0.69403710644320138  0.70470382365976192
  0.71545458460872213  0.72611094835754231  0.73674241983554467  0.74733843556854462
  0.75797415015929304  0.76854043699444896  0.77903006969781641  0.78953167013732473
  0.79998397832428503  0.81047430182401525  0.82099666682635997  0.83159166561688691
  0.84216585393442900  0.85282752689542074  0.86356746156437958  0.87422676231527818
  0.88480884669967408  0.89541777677924805  0.90607666033049439  0.91673515320599430
  0.92741291510265866  0.93800713522520351  0.94833229106302586  0.95861408225154421
  0.96906691378025966  0.97944278072105484  0.98972689405355607  1.00000000000000000
 -0.00229201089812166  0.00910585482388074  0.01914367733635251  0.02945977661199526
  0.03992071243540206  0.05053234185292235  0.06120986583406673  0.07142429088022276
  0.08179514628327984  0.09243932165380962  0.10299454001847519  0.11348818651320038
  0.12395446766385393  0.13468251271897083  0.14557550189313365  0.15605590004583134
  0.16672286642840131  0.17727557920967441  0.18790121730333326  0.19825597117259647
  0.20878516364651670  0.21930760066752616  0.23011320805297528  0.24037928257391070
  0.25088193437593143  0.26114649941341550  0.27149591220689817  0.28180263259556609
  0.29216954201712081  0.30283372122791052  0.31366934078603026  0.32417155245479429
  0.33489105392067647  0.34536869563585521  0.35596749446660392  0.36647182258666827
  0.37698545561821278  0.38765506757183321  0.39830719450797203  0.40894116713593887
  0.41950071983916520  0.43012489415285576  0.44070766979053211  0.45129214472059165
  0.46154527021105640  0.47191976226561999  0.48234521399472008  0.49290320500760060
  0.50339544256650492  0.51379010672065095  0.52415830115974826  0.53457611043393261
  0.54502783178858827  0.55562851160435467  0.56615624176360946  0.57674336789339531
  0.58725948111033566  0.59778876777934331  0.60829291614849568  0.61885402264867151
  0.62930679476307927  0.63991686053957308  0.65067274444289236  0.66162238074384006
  0.67233990400392718  0.68275807372867803  0.69319832247711843  0.70382692322341844
  0.71456443009393067  0.72524145533180384  0.73595377144940544  0.74669712196483595
  0.75744309737543758  0.76801512713294162  0.77848357368845700  0.78902673781573074
  0.79981844478534947  0.81032553501038074  0.82064729419591798  0.83091179032590290
  0.84152788081791963  0.85226942410997175  0.86276720526738748  0.87333563526785074
  0.88376899221935534  0.89418428072310929  0.90469120086095478  0.91527760851120454
  0.92600453354899037  0.93668055349957657  0.94744548900463066  0.95815161567825435
  0.96850043435151945  0.97900838109960109  0.98946298214856665  1.00000000000000000
   6.6558464372343635E-008  -1.0000000000000000     
 F F F F F F F F F F F F F F F F F F F F F F F F F F F F F F F F F F F F F F F F F F F F F F F F F F F F F F F F F F F F F F F F F F F F F F F F F F F F F F F F F F F F F F F F F F F F F F F F F F F F F F F F F F F F F F F F F F F F F F F F F F F F F F F F
  <DiscreteSampler_grid>
  grouped_processes
  1 # 1 for a reference and 2 for a running grid.
  10 # Attribute 'min_bin_probing_points' of the grid.
  1 # Attribute 'grid_mode' of the grid. 1=='default',2=='initialization'
  0.0000000000000000 # Attribute 'small_contrib_threshold' of the grid.
  0.5000000000000000 # Attribute 'damping_power' of the grid.
 # binID   n_entries weight   weight_sqr   abs_weight
    10   10   6.082935666592388E+004   1.410816051614721E+010   6.082935666592388E+004
  </DiscreteSampler_grid>
