  0.00213043790320776  0.01696335349362495  0.03049989084869065  0.04251864409979159
  0.05411060341243193  0.06562606058489692  0.07691646453914565  0.08797749936526950
  0.09908551356650280  0.10997377188208386  0.12073985848053084  0.13150601799207046
  0.14228002986723873  0.15299809279990931  0.16375892689458635  0.17461190963899365
  0.18562126009481558  0.19648696201122806  0.20729751660301698  0.21815011408347865
  0.22900142371714069  0.23967502766198948  0.25019461056968245  0.26067462030742389
  0.27130038704139003  0.28192041960263692  0.29247392358716756  0.30298688992564349
  0.31343426941844527  0.32376435076359111  0.33415164744731485  0.34472834506261996
  0.35543167510891227  0.36610373754178849  0.37675646999077073  0.38743022434457480
  0.39803523345457686  0.40861965469206624  0.41921178324097236  0.42983580348080408
  0.44042063201535869  0.45104335867518075  0.46165370042245241  0.47218085963028728
  0.48259205698450441  0.49307504561671883  0.50359402987442292  0.51415485031529184
  0.52461857238788345  0.53500638517751642  0.54538884648329566  0.55587814874048458
  0.56638209668427919  0.57674696828456984  0.58708954938328017  0.59751086441835299
  0.60797942227588631  0.61837699087644249  0.62866672897890985  0.63892281016085539
  0.64917830862473225  0.65944284632416383  0.66970553003211586  0.67997795190969290
  0.69026356511489140  0.70052974775381260  0.71073345239618946  0.72087841063984737
  0.73106955429766096  0.74134568556499270  0.75160941829356387  0.76179858024661229
  0.77204843702814629  0.78241780095589397  0.79268642697713221  0.80273403184234993
  0.81270528056047298  0.82278202898589325  0.83294838193730336  0.84308389030192687
  0.85312273994020194  0.86308185860569764  0.87303252311073065  0.88307810880799331
  0.89300571743705071  0.90273437305920146  0.91235137972701796  0.92200577556752472
  0.93173588188578038  0.94135365345474797  0.95090473874129144  0.96033799259806996
  0.96946899653718721  0.97802132261892172  0.98598546750184302  1.00000000000000000
  0.00222178024438747  0.01696826269715181  0.03030969057563842  0.04236913885176809
  0.05404702406706065  0.06554710570271537  0.07697890616334030  0.08824225654844217
  0.09931504848653006  0.11035272464092673  0.12133293471451834  0.13219720098191007
  0.14296320092872963  0.15378895412166960  0.16470246490498347  0.17570232040446004
  0.18672231256061678  0.19766805476721672  0.20848567242464233  0.21925012722748771
  0.23000694445316439  0.24073963093601802  0.25129901009462502  0.26170602625932343
  0.27215209079953062  0.28275673513017796  0.29350134316565546  0.30425607830798512
  0.31498954217913094  0.32570917777139491  0.33639684942965892  0.34701510857467488
  0.35755024529295593  0.36813662869763675  0.37882463155203833  0.38957346722073305
  0.40038570301872523  0.41121765513363845  0.42191246775665026  0.43244246568101624
  0.44294491465199370  0.45344094979676763  0.46397650655193029  0.47452730149852862
  0.48514489252347220  0.49575382899000298  0.50642055135717090  0.51717622443546474
  0.52787469877548365  0.53849318324581186  0.54899732176443594  0.55942849333859623
  0.56982156055101985  0.58031244652323422  0.59093155683247323  0.60154133943539834
  0.61208312416621469  0.62260429242207060  0.63327364359052363  0.64400240575952916
  0.65478767895749190  0.66550232229764483  0.67609560010118275  0.68653342540966555
  0.69694400291107805  0.70741930038118761  0.71783985151253626  0.72817169412017391
  0.73846328667185390  0.74884355291541416  0.75931946520305849  0.76974470261531747
  0.78008391398025734  0.79030464938792344  0.80049236260547418  0.81069459476526928
  0.82094312825909455  0.83114786733295432  0.84124983796369790  0.85133050974776447
  0.86149730487517784  0.87182432038286595  0.88221074450962333  0.89252371577774825
  0.90276412401313089  0.91295762663995517  0.92309869743040762  0.93315049274839856
  0.94302222351170750  0.95269207473489137  0.96211815589975491  0.97114363004557980
  0.97950834569737233  0.98674402733016386  0.99354556216550094  1.00000000000000000
  0.00774662546358887  0.00816830402160930  0.00917754540715574  0.01023238424054397
  0.01134354275472282  0.01250702817757747  0.01370726483254110  0.01493425314887194
  0.01617601956981214  0.01741005472135302  0.01863271329885929  0.01991589045126049
  0.02125344595004162  0.02261691869578574  0.02395419961766211  0.02523649483710771
  0.02626371259199418  0.02723337918899124  0.02840594477441441  0.02965973951709296
  0.03093567578535899  0.03221744068276134  0.03351536549011915  0.03483930804543167
  0.03619880219161923  0.03759794922790758  0.03903075272275385  0.04049625560137793
  0.04201115663024829  0.04358716630969577  0.04522732753360344  0.04692631633742404
  0.04868187510559720  0.05048746765125676  0.05233804364814105  0.05423964841632162
  0.05620064833200514  0.05821329522502173  0.06027990180691813  0.06241084798959064
  0.06463071342475328  0.06694164177715120  0.06934797156815502  0.07181100929690284
  0.07433314699941743  0.07695838100114391  0.07972005834954202  0.08262216048939761
  0.08565639982972008  0.08879575213576037  0.09202925769434186  0.09536357909989711
  0.09881944834991126  0.10244525545315801  0.10624462100263281  0.11022525306854446
  0.11438337297805136  0.11871819462044447  0.12320103062040283  0.12787418288786492
  0.13276174497127327  0.13788774602210904  0.14325095595521123  0.14886518224247924
  0.15473814367078817  0.16086467417169137  0.16725727488678890  0.17397512884043881
  0.18105118716823576  0.18854053574682506  0.19647447121193590  0.20487119848344290
  0.21380344993793046  0.22326279295250140  0.23323502758767523  0.24372529488725794
  0.25485340671547735  0.26672024197849448  0.27939424383519484  0.29285111264577507
  0.30728122831519189  0.32293776840395688  0.33987753981058505  0.35819760824399299
  0.37819357106185592  0.40015534933533359  0.42413561775353681  0.45082910044827423
  0.48084515642192266  0.51477483621898068  0.55397169047607109  0.60154768466234976
  0.66498159305584470  0.76115429837682547  0.83823687696733173  1.00000000000000000
 -0.00103660672209088  0.00395150672482585  0.00923156581142798  0.01447817228551811
  0.01978921319057327  0.02518408713975808  0.03061183553121266  0.03607710005369942
  0.04155035926132866  0.04703104376540349  0.05255459047746847  0.05812559513974065
  0.06370694876265072  0.06928589327917670  0.07486888454027610  0.08050807536897198
  0.08623618040840057  0.09202007661237170  0.09782997863831815  0.10366948347090765
  0.10954924838661714  0.11547438785012171  0.12149576457317682  0.12764716188011649
  0.13388301673520817  0.14012426359345154  0.14636903238263110  0.15265875529965273
  0.15900365610684655  0.16542771711144783  0.17190573454272409  0.17841944739109555
  0.18499255019972069  0.19158116747865783  0.19818898755271019  0.20487926417261315
  0.21163954383081374  0.21846516269397900  0.22535317619858769  0.23226156377761217
  0.23924352453667400  0.24630427569479343  0.25347279524323496  0.26075666288362515
  0.26811235238165415  0.27554648766923584  0.28306499171237942  0.29059112309262003
  0.29811898300431638  0.30561973880462862  0.31333869403247433  0.32123178265745128
  0.32927611269970414  0.33740719329779162  0.34555430086884420  0.35382745373534041
  0.36225715511155065  0.37080003914665910  0.37950304871844975  0.38836639182705973
  0.39739015868978350  0.40660738275109365  0.41595824873029874  0.42544880132901841
  0.43507043375330245  0.44481538526826098  0.45473905420088451  0.46482826026805768
  0.47512275417394517  0.48570935720491132  0.49649780426308499  0.50737233890363787
  0.51840093148919364  0.52976682257736252  0.54146498397148590  0.55339676111813330
  0.56556997884352500  0.57806303782140112  0.59087913129990177  0.60428760681899918
  0.61818815760989754  0.63256600960876930  0.64739208882958099  0.66293204318139842
  0.67912964248552909  0.69606836044512188  0.71395242346806453  0.73293318185819656
  0.75296270745200611  0.77431534525226908  0.79777547592653775  0.82396130887713748
  0.85343070831714052  0.88799201213848356  0.93393592988882901  1.00000000000000000
 -0.00229098805114719  0.00915826866034132  0.01886749142683677  0.02969698019269413
  0.04003115131366999  0.05062077996565695  0.06096825695393389  0.07175411021989861
  0.08234151911320450  0.09290392736449471  0.10352653770108840  0.11412433370988785
  0.12468557839998366  0.13531778875379399  0.14605390178173866  0.15669263880480347
  0.16733381382406670  0.17787231344280696  0.18842708551241394  0.19914900335039523
  0.20970655833836327  0.22025780778866716  0.23083602046258780  0.24156923076865064
  0.25224373907297143  0.26258652609119904  0.27299137236844223  0.28364503651940232
  0.29423342504747868  0.30472050991037297  0.31487032432008050  0.32537594669558961
  0.33586258201628399  0.34629895928023097  0.35669161362358193  0.36735084346692881
  0.37803625455909556  0.38852793595548185  0.39872556098395762  0.40920055253211962
  0.41974891375711154  0.43038413087412419  0.44086794851299127  0.45116791695542918
  0.46149134174634598  0.47204796684399825  0.48275972355505214  0.49344390076453537
  0.50405711509477491  0.51477810235810029  0.52559453240611864  0.53610005971815533
  0.54670188499914252  0.55700942226335270  0.56728027380716217  0.57748231377723280
  0.58774458401410612  0.59811443293341959  0.60845023826193601  0.61879822197913570
  0.62916136540097556  0.63965434920129882  0.65031778242065852  0.66101703487361196
  0.67162594035223466  0.68213589241283046  0.69273880918203357  0.70331901906331473
  0.71395394406011170  0.72455597579152475  0.73515891896416186  0.74569260853695141
  0.75629208512812762  0.76694351153521467  0.77765243025335851  0.78851618445502303
  0.79917858736834602  0.80973741258459431  0.82038214817443733  0.83105536565060933
  0.84198536177989147  0.85269241617125946  0.86344869406307156  0.87425936824594641
  0.88487042667245308  0.89549110208417160  0.90585901264434832  0.91636682466313746
  0.92681344235943619  0.93711182680287841  0.94739862481127957  0.95786912502363974
  0.96815765264798559  0.97871077154539787  0.98922536996498511  1.00000000000000000
 -0.01434148378584474  0.06438515655429858  0.11029311693440939  0.14547395691716206
  0.17550864113948794  0.20176945350419009  0.22555523168209510  0.24767442672989781
  0.26805738524272732  0.28685958066677342  0.30441522867351067  0.32109759752403960
  0.33722190292024024  0.35265924003442961  0.36744304644569026  0.38192930587973301
  0.39596776220124608  0.40931127010017393  0.42204222951167292  0.43441788738471326
  0.44637151267799452  0.45784535660385983  0.46920473102166432  0.48049787355042362
  0.49160172403169294  0.50248164633074821  0.51317150967287528  0.52362908062692903
  0.53389560248943946  0.54394039008457495  0.55384343696306904  0.56357577756722077
  0.57312202944591661  0.58259209088562891  0.59189657416013330  0.60105508491719672
  0.61009550480433727  0.61895754133188141  0.62768704696948785  0.63629394347395241
  0.64475023143013321  0.65298457534413157  0.66104592032110110  0.66901206926143542
  0.67698803269464602  0.68489279899164635  0.69268076898574749  0.70034254585455646
  0.70792776605357466  0.71546685504251706  0.72292445325262800  0.73032387687291722
  0.73765543947994716  0.74484049958427123  0.75195143357105165  0.75901249584328090
  0.76607065647936701  0.77309399800449685  0.78002242759040252  0.78692805040056313
  0.79373233390327769  0.80046416610997095  0.80712200318081151  0.81376838965203990
  0.82039236950545480  0.82694397952697263  0.83340261847730968  0.83977384018213086
  0.84608920994817216  0.85236753885700289  0.85860825729153634  0.86484084105061998
  0.87103091840286107  0.87713903765669687  0.88316327198155642  0.88912489155927166
  0.89504766179177397  0.90093193238959313  0.90678707885287546  0.91260935248639941
  0.91840053831171531  0.92416314143381029  0.92986858220241875  0.93548009988920633
  0.94102607951124329  0.94653406753788616  0.95204738087106444  0.95754424358155532
  0.96300701179063064  0.96840192437575479  0.97374274052554188  0.97901698058234499
  0.98423148608275834  0.98944911371872724  0.99471682275408502  1.00000000000000000
 -0.00236419726843161  0.00924200435248693  0.01955570282560386  0.03021173381527277
  0.04089657913851272  0.05142682569952874  0.06217492836855102  0.07280641051203751
  0.08336123139072425  0.09398414496350022  0.10450257257929038  0.11524695704679992
  0.12576028308575174  0.13631256469644173  0.14655906748136588  0.15689802927580604
  0.16716103077794287  0.17749883932218605  0.18807341384349435  0.19866566713663089
  0.20917246438059958  0.21969825334238871  0.23007803564503562  0.24054323002413217
  0.25086404431610937  0.26122179308838955  0.27168453196678327  0.28225862239602983
  0.29292624506098863  0.30373018323069056  0.31444795100790912  0.32498954379889916
  0.33532594314238290  0.34575403160512769  0.35621166872247745  0.36666492407133972
  0.37724411634055471  0.38786023970066486  0.39849678893371238  0.40885755127166107
  0.41926960352026710  0.42988615277957259  0.44045098914323927  0.45100467356223012
  0.46144831539704778  0.47200322477303336  0.48248774772267661  0.49299840151635399
  0.50337530044297429  0.51364771827727040  0.52389687032346044  0.53419921933249936
  0.54450303098502861  0.55498643566425532  0.56525035612284191  0.57608423117860830
  0.58665882782762102  0.59669513189511558  0.60702740625612428  0.61746755043601165
  0.62807393687477653  0.63864565649933325  0.64910515717692308  0.66012302973359260
  0.67085039645823996  0.68139386824419446  0.69204486793724873  0.70289992138776758
  0.71379835818526405  0.72456077508479155  0.73511446458204266  0.74561209723742983
  0.75604026001659408  0.76652224866440954  0.77712028196187333  0.78778404534445401
  0.79845728863894949  0.80931591596884445  0.82012986159666856  0.83080713943792273
  0.84105158242059552  0.85131398537307035  0.86187413178894290  0.87255975998130608
  0.88312671060785897  0.89366916001116525  0.90421410289584758  0.91487781673447555
  0.92564519545551061  0.93650597438984451  0.94705142732306524  0.95760445852681508
  0.96819505867837685  0.97911664881245986  0.98958572048134974  1.00000000000000000
 -0.00224349776298676  0.00886749948806596  0.01904985289421127  0.02961591105872776
  0.04020698975146634  0.05077827083615342  0.06104319072255238  0.07158321020094141
  0.08191472006176255  0.09279097338700652  0.10356265500378911  0.11422059572907312
  0.12486202160680356  0.13551290123340479  0.14604943711207502  0.15645885714917013
  0.16676463385588527  0.17713087142909814  0.18760799816176793  0.19830167938024762
  0.20893592599311239  0.21924401367517671  0.22950030153664391  0.23982812376196194
  0.25011793954159500  0.26047680386147526  0.27067925267989823  0.28146467816470516
  0.29207744075806158  0.30279484178287808  0.31357868988184123  0.32438156887517489
  0.33483781080442521  0.34541814129790638  0.35579611266906724  0.36643950665089631
  0.37706584656421932  0.38770156660272292  0.39849026049104402  0.40921328943239788
  0.41999363297097309  0.43044436064989061  0.44065297721741864  0.45114741634825978
  0.46146871114199817  0.47189144470708105  0.48222620941207989  0.49250360312508112
  0.50271283848661263  0.51295268604491473  0.52319646978703327  0.53365586213896354
  0.54400762151380710  0.55460893020510060  0.56505786318926754  0.57552768055932291
  0.58595525144353267  0.59670530172085712  0.60738136569133394  0.61789092032980242
  0.62853207967594782  0.63911875120623896  0.64982614260503591  0.66051209265842348
  0.67103191209831470  0.68184511242917989  0.69252635145208818  0.70335279351638880
  0.71387268955824745  0.72446424080608063  0.73508043868326789  0.74555010021759893
  0.75598628736005979  0.76644928582830907  0.77734634092568300  0.78794441938023274
  0.79859285796539792  0.80919398823812050  0.81999994358349593  0.83082511841409068
  0.84143356784397794  0.85201180037203617  0.86252423547189472  0.87329137955814817
  0.88408147549566929  0.89488326998712475  0.90530542242757672  0.91576097033570403
  0.92631561546068131  0.93680285228204707  0.94761105445220628  0.95827162657764520
  0.96910122188694681  0.97934050341058509  0.98976799145645256  1.00000000000000000
   6.6583883265080001E-008  -1.0000000000000000     
 F F F F F F F F F F F F F F F F F F F F F F F F F F F F F F F F F F F F F F F F F F F F F F F F F F F F F F F F F F F F F F F F F F F F F F F F F F F F F F F F F F F F F F F F F F F F F F F F F F F F F F F F F F F F F F F F F F F F F F F F F F F F F F F F
  <DiscreteSampler_grid>
  grouped_processes
  1 # 1 for a reference and 2 for a running grid.
  10 # Attribute 'min_bin_probing_points' of the grid.
  1 # Attribute 'grid_mode' of the grid. 1=='default',2=='initialization'
  0.0000000000000000 # Attribute 'small_contrib_threshold' of the grid.
  0.5000000000000000 # Attribute 'damping_power' of the grid.
 # binID   n_entries weight   weight_sqr   abs_weight
    10   10   2.815472270455243E+004   2.952887264024950E+009   2.815472270455243E+004
  </DiscreteSampler_grid>
