  0.00234229931949446  0.01665549075526601  0.03036184488930150  0.04245740119710784
  0.05430368133301197  0.06599865998595128  0.07747890996216066  0.08876854685350018
  0.10004174133482970  0.11125649711572075  0.12240955003075818  0.13341586590167753
  0.14436632815919659  0.15531864674698237  0.16612884210268619  0.17685819720908275
  0.18751516393184822  0.19833172269017954  0.20918972278357692  0.22000440098006002
  0.23075051816715303  0.24147637235846225  0.25223228517719476  0.26296953598923600
  0.27369353058668117  0.28449850106829128  0.29536197644854362  0.30623404098597462
  0.31702960041445127  0.32764982277179561  0.33819265456342024  0.34870051990843470
  0.35917465893771960  0.36960102053132593  0.38002793312698696  0.39060062898500353
  0.40126434200418926  0.41204733202621335  0.42285992375707732  0.43361869035263939
  0.44432314159228609  0.45500242215659675  0.46570159356792684  0.47642660922942054
  0.48716469693216691  0.49785899472469258  0.50853331851831873  0.51927680349140615
  0.53011268016508262  0.54088085603271374  0.55153113383486896  0.56207653005856217
  0.57259796569556720  0.58308437412105274  0.59352791938254168  0.60397861482764059
  0.61439429508900434  0.62489106876117728  0.63547019217167799  0.64609549067361405
  0.65668195146620278  0.66720165074519366  0.67781799849087099  0.68846707788456463
  0.69870608869862760  0.70907953679395641  0.71925191907046748  0.72937561095073711
  0.73939596107772576  0.74930259911992680  0.75941180479197745  0.76968767302606012
  0.78001925667115324  0.79037171078290236  0.80069369772981169  0.81103150587636130
  0.82138227564804356  0.83166726832291027  0.84189406114212917  0.85209334853894514
  0.86234131247841395  0.87263527817167952  0.88285515180984042  0.89301636128135298
  0.90310294140949232  0.91315979857958995  0.92319204397331756  0.93307297581603577
  0.94288049606996593  0.95242349451324992  0.96179576987609783  0.97080671085562287
  0.97914280760830730  0.98646104119340583  0.99354685310534840  1.00000000000000000
  0.00227203619421427  0.01661602661149012  0.03036353737746143  0.04240300865362957
  0.05390047091106194  0.06524244306228461  0.07647678402970157  0.08758415284883492
  0.09879383393984151  0.10986081374718333  0.12091198899283194  0.13186264033051046
  0.14276125217226651  0.15365044830219882  0.16427335399040580  0.17498872190009063
  0.18578656638642016  0.19658429066941333  0.20723448216151150  0.21784229971927233
  0.22861363114855651  0.23933546321418955  0.25008511078881535  0.26072170481431484
  0.27125527844639924  0.28162965519019129  0.29210049167387614  0.30265027256537774
  0.31323590243434951  0.32373964435579888  0.33435070226448727  0.34490663615817707
  0.35540058659473689  0.36587239990372683  0.37633928199788308  0.38682151850053770
  0.39726389910785298  0.40775703704654059  0.41829200072081552  0.42877412424093614
  0.43913438015027695  0.44949773415492006  0.45986536608841022  0.47024427021847509
  0.48062717088011814  0.49105472302955083  0.50141887359106674  0.51174242908960010
  0.52210322100961881  0.53261530887003572  0.54326573642108522  0.55389966924277934
  0.56445416181769559  0.57483260756840027  0.58510004590377851  0.59535345339252277
  0.60570470078979910  0.61611845695279233  0.62653999613215239  0.63697182607698866
  0.64734469115544246  0.65771550472585150  0.66799381742816499  0.67826097050899581
  0.68859555988327292  0.69902594316273403  0.70939603116690386  0.71957530732071551
  0.72975280317095270  0.73996454874941253  0.75014087680436481  0.76032951721266206
  0.77048413546773553  0.78078321072863954  0.79108356507131206  0.80093625827932735
  0.81056266667086152  0.82040214181828797  0.83028262231478389  0.84012558409001692
  0.84994776956701190  0.85987657548755225  0.86989551530129972  0.87982374338247982
  0.88969728759210009  0.89963960852263669  0.90968417033538707  0.91971315657903596
  0.92963736859512303  0.93944498422975242  0.94911924329835229  0.95858814973387652
  0.96775681492782772  0.97643629278671162  0.98466314628698126  1.00000000000000000
  0.00796104693715063  0.00923420546376958  0.01010710578875509  0.01105772384463576
  0.01209219253291491  0.01319424627938336  0.01434333477471724  0.01551787580096970
  0.01671146178547850  0.01792686536976258  0.01915541702957164  0.02041211026602675
  0.02177850805569424  0.02308792894340150  0.02428602098862274  0.02541957834678260
  0.02648148833002872  0.02751722156162770  0.02866110414545987  0.02989623522245329
  0.03115068705204842  0.03241679915675479  0.03371024782964006  0.03502886637118391
  0.03637912124747818  0.03776653238695462  0.03919257646382411  0.04066319151315026
  0.04217193729699097  0.04371372168016689  0.04528592706699297  0.04690506528877665
  0.04858534658433174  0.05034233964598889  0.05217533696657645  0.05408457703781851
  0.05605996190832805  0.05809747243116120  0.06019029178797169  0.06233938585519255
  0.06456055289127939  0.06687757393461821  0.06930675662613860  0.07181600474815465
  0.07438415369106077  0.07703483657579044  0.07980443993093521  0.08268346729534770
  0.08566872187305256  0.08874896906929852  0.09192595052157244  0.09519705707517015
  0.09860389569594143  0.10218784315429383  0.10596687300628395  0.10991127819515960
  0.11399622210395081  0.11823409350411074  0.12265893812340929  0.12731244112108653
  0.13216175256390078  0.13722001771890885  0.14245968162611183  0.14800659612911740
  0.15388319913544526  0.16006635516225570  0.16657397839053573  0.17331714142895882
  0.18035322094618988  0.18777022658311365  0.19568788465228840  0.20408725091476521
  0.21293752400424099  0.22227646939151777  0.23216524936514718  0.24266022278692059
  0.25382357548438328  0.26572602509670967  0.27839354527155125  0.29189104132249299
  0.30634917076296897  0.32193354796975471  0.33873084415967802  0.35689304496812835
  0.37668539651146832  0.39821843148972574  0.42171960467902331  0.44755578924393735
  0.47642170720273302  0.50929097925483369  0.54756825666884290  0.59360687433190029
  0.65163565092838238  0.73506319726109581  0.85308709347787259  1.00000000000000000
 -0.00105808243943086  0.00404557853207623  0.00928718605142071  0.01453679063796177
  0.01987171426518800  0.02519552428402042  0.03053806906127391  0.03592676641768088
  0.04139578659940511  0.04690146118289671  0.05239913259117081  0.05791591559250230
  0.06349242904467980  0.06913795871999623  0.07483194087994068  0.08054147938919134
  0.08628083342136247  0.09207263234698349  0.09792545348007665  0.10387936913899080
  0.10993801309402623  0.11606239436259894  0.12222341754850105  0.12837969534661459
  0.13447528620257018  0.14056875298087693  0.14675286369353333  0.15301443178225041
  0.15935192820833796  0.16570451635000835  0.17206820846481474  0.17844451083110438
  0.18487180857326024  0.19137584320517334  0.19795216119431400  0.20463595469090307
  0.21136007923678718  0.21816268526974331  0.22498337843864252  0.23186059782799701
  0.23882323791954196  0.24593273842239877  0.25310502288181702  0.26034301185653563
  0.26764743539115310  0.27511529505047949  0.28267958146545563  0.29033292025766860
  0.29803783362870190  0.30587750040084433  0.31384067631800638  0.32193968073025064
  0.33014179160625656  0.33839324377345315  0.34676763526142296  0.35512204944322662
  0.36341128565235031  0.37174215627026597  0.38024883730311970  0.38884311544359784
  0.39756115272230685  0.40632755215144145  0.41541000476990991  0.42487763609886886
  0.43463404010963436  0.44444861278917674  0.45438963867658255  0.46453281441084188
  0.47470899651573095  0.48513449392896579  0.49566319408329523  0.50642268385379219
  0.51739245645775755  0.52877524893663774  0.54050621051228054  0.55265971119624435
  0.56491687069152219  0.57753152671542807  0.59049797825399908  0.60405506041394919
  0.61805772570850470  0.63247787472117190  0.64731946171711585  0.66272880467284612
  0.67881771436373339  0.69565102965368353  0.71340773590510553  0.73233837718299133
  0.75274964027105240  0.77469124936451372  0.79821069007942869  0.82374093514050239
  0.85262503331351680  0.88706528074811608  0.93331256452949862  1.00000000000000000
 -0.00237723484956285  0.00929091383980584  0.01939052017825355  0.03024292107188943
  0.04074277726763942  0.05146294415802870  0.06206013547476991  0.07284384951870913
  0.08364741750785853  0.09457415218525587  0.10535311516865831  0.11582397404494418
  0.12629434183395541  0.13687417110522587  0.14715020580357657  0.15768782294468137
  0.16792554857025926  0.17882765540947870  0.18925886586869745  0.19989156194204685
  0.21055309429809771  0.22133690577118481  0.23197307940601228  0.24244098063421904
  0.25292065961762056  0.26353845727358804  0.27414856665295501  0.28482608787716140
  0.29545036630219973  0.30597958316144225  0.31627647660683733  0.32643858264502906
  0.33698292140412217  0.34759924092224270  0.35819908034981879  0.36888116202410637
  0.37957598038995805  0.39047657345712744  0.40107783329508734  0.41166734880577932
  0.42208304259721019  0.43242563820330365  0.44284378646815298  0.45338154813314618
  0.46380542517274648  0.47414322480400850  0.48448637678371370  0.49507701746248300
  0.50562615592842963  0.51616207643697076  0.52677161909770265  0.53725491217924815
  0.54780598258239666  0.55837346408506838  0.56905870290948846  0.57984065377623628
  0.59012524658362997  0.60041398597750906  0.61055536259635379  0.62094052445445858
  0.63115971945494154  0.64145098748364282  0.65190546408214545  0.66248751770426173
  0.67281925675853382  0.68326599648947206  0.69384276921095944  0.70445207586209790
  0.71512097061584001  0.72578045907749289  0.73643905888197647  0.74714203777688870
  0.75759792805130455  0.76813593974700867  0.77883538145068887  0.78940587736633505
  0.79974811883616459  0.81007959062399482  0.82081766817513369  0.83169471995007060
  0.84222561130533524  0.85279030183977822  0.86337861955329409  0.87405365288570214
  0.88474693986539521  0.89551291998021232  0.90604721749188755  0.91650426037853405
  0.92709398896708661  0.93757539636272658  0.94803797214701624  0.95837420189278744
  0.96893309400489391  0.97936161039611203  0.98970613938200780  1.00000000000000000
 -0.01401833582759624  0.06296282364249070  0.10917055117733522  0.14465167638078705
  0.17445342679148251  0.20035839004183509  0.22373901020366224  0.24559711997436592
  0.26596376520060738  0.28486082400319890  0.30262057993456809  0.31949482137324564
  0.33567172859444544  0.35111501519786720  0.36601004932528536  0.38033121759864441
  0.39431868146204407  0.40781414954217882  0.42080311918334262  0.43334014964265444
  0.44560856120204534  0.45759103826757552  0.46913650866597567  0.48035290968715932
  0.49137820808048055  0.50209725937103766  0.51264733518862404  0.52309112176423722
  0.53338677234726217  0.54343098294762127  0.55327029979713982  0.56291449433941354
  0.57238269547183807  0.58172210229789167  0.59102595595926533  0.60028593457058987
  0.60940759846400150  0.61836090825970491  0.62712180494546876  0.63568702026510893
  0.64408722963687881  0.65238826864019006  0.66064322948526955  0.66879415833016065
  0.67676970155063654  0.68463531509206133  0.69233935427092563  0.69991169276032195
  0.70743985214045157  0.71488531086755580  0.72226529406523621  0.72952687913913994
  0.73679070709674965  0.74403701091241747  0.75135032081326125  0.75873492240711227
  0.76597077575343187  0.77300915942493986  0.77998230487646725  0.78688273452217206
  0.79374123892055859  0.80054281919900505  0.80726260474128464  0.81388439442883320
  0.82039294095345772  0.82682690380471668  0.83323129670320217  0.83960817916501140
  0.84596759370842067  0.85224090713976342  0.85846538240248849  0.86461072772643799
  0.87067393215182010  0.87668845664953587  0.88264044504421557  0.88853057199330099
  0.89437389269167133  0.90018151959841497  0.90592881517927504  0.91164792620463619
  0.91736839901137690  0.92305765408466411  0.92868593558027779  0.93424067053330162
  0.93979599843441897  0.94542655269039599  0.95111801982473554  0.95676581997973054
  0.96233833453028172  0.96783938050515916  0.97325322549943094  0.97863336956893465
  0.98398227971419683  0.98934620943157503  0.99467108650457914  1.00000000000000000
 -0.00224918121204533  0.00908870489792189  0.01876917019139747  0.02910093618119185
  0.03955903535833492  0.04993595471352266  0.06016438468056633  0.07053673415733294
  0.08118517063013851  0.09165005829418950  0.10222055083168136  0.11278589378421497
  0.12333973296621645  0.13376919269739601  0.14415209926870554  0.15463529920094235
  0.16529236139663231  0.17592011732144761  0.18680280612135911  0.19758486900417077
  0.20849774398940910  0.21892553084093616  0.22940549218634335  0.23993797051766033
  0.25065497049021268  0.26128554500880685  0.27172592759019520  0.28217328388260626
  0.29268614827262035  0.30318387353734266  0.31373558444737965  0.32430150519276174
  0.33492933430086275  0.34543432718059369  0.35599560928208279  0.36660733586028760
  0.37724559942237162  0.38778519724811339  0.39830442108683123  0.40899870583494563
  0.41991205905338852  0.43065622126283898  0.44139676759726165  0.45190915795901465
  0.46250132028826735  0.47306461180473147  0.48348737983624018  0.49384861735249441
  0.50423782463464750  0.51465440979863353  0.52513048387546435  0.53542641251742062
  0.54592909920638466  0.55631451969172874  0.56681432963173506  0.57721467553200057
  0.58759842549174746  0.59809128930544919  0.60855843482997041  0.61917826584499946
  0.62962359626136444  0.64019730806337449  0.65068651046400683  0.66147964471787224
  0.67203946741037379  0.68272699698416528  0.69332136542890843  0.70403452745800899
  0.71472125049628754  0.72537155759732297  0.73597070391904384  0.74672179110826331
  0.75698532578528899  0.76757429849310022  0.77804740335712075  0.78850345073162353
  0.79884403470959608  0.80935482860962493  0.82003932039773020  0.83091865019890709
  0.84121565708860058  0.85172222966085176  0.86218336201022494  0.87299857642639800
  0.88381610613024908  0.89450030607033193  0.90526538492636399  0.91590165925864664
  0.92650250787612065  0.93726262322452036  0.94747388653527931  0.95805792317912231
  0.96861257215774443  0.97922381511137691  0.98959102243975150  1.00000000000000000
 -0.00223892182127870  0.00894093800621907  0.01883710202228933  0.02930433876316326
  0.03972340268209138  0.05020512370943100  0.06119873720741272  0.07135915861501363
  0.08176992955695943  0.09205811471315198  0.10242279227924371  0.11265403085779081
  0.12286533443152554  0.13322203646599098  0.14384434689802489  0.15432134806797410
  0.16479123424104211  0.17531153256361606  0.18579156795176774  0.19627848942584558
  0.20669373956310957  0.21711136556012520  0.22769372140810518  0.23832626888485894
  0.24900772723275050  0.25965627961467169  0.27025114073196699  0.28060109586804582
  0.29111001507986922  0.30162324116931699  0.31255820078048446  0.32297584024601794
  0.33347959552221518  0.34399560912231603  0.35466336294780432  0.36530218873356501
  0.37593387445444637  0.38671086539089977  0.39739217803269544  0.40797460716532524
  0.41868816810917830  0.42939034625638500  0.44007061869106762  0.45059008223781971
  0.46111768629310751  0.47156063805428622  0.48206869176282280  0.49251155792065360
  0.50311397873158659  0.51360832917682753  0.52428573724525551  0.53491912441419132
  0.54565262343124343  0.55645723525431157  0.56704798220649044  0.57767084399782265
  0.58820356255733575  0.59895636178425626  0.60933533437658305  0.61966831670457756
  0.63009918124831543  0.64048325591162225  0.65097748444487114  0.66147118001204086
  0.67223299404679282  0.68307298011417694  0.69356071173769462  0.70399589503213833
  0.71444385154969459  0.72498417873702570  0.73581167281452031  0.74637479206543678
  0.75695755447023949  0.76729696479342668  0.77783431922223345  0.78832559827561244
  0.79899206425305813  0.80974610324471563  0.82045594019750423  0.83124404966924970
  0.84178198051918063  0.85246246055020958  0.86318342933069425  0.87387325647147029
  0.88444584566450313  0.89496680391965711  0.90524827459890489  0.91559651143780607
  0.92612475293283314  0.93642544064454147  0.94696649361739116  0.95744860092161399
  0.96826495743195284  0.97893705159821043  0.98939663640006137  1.00000000000000000
   6.6626738952235056E-008  -1.0000000000000000     
 F F F F F F F F F F F F F F F F F F F F F F F F F F F F F F F F F F F F F F F F F F F F F F F F F F F F F F F F F F F F F F F F F F F F F F F F F F F F F F F F F F F F F F F F F F F F F F F F F F F F F F F F F F F F F F F F F F F F F F F F F F F F F F F F
  <DiscreteSampler_grid>
  grouped_processes
  1 # 1 for a reference and 2 for a running grid.
  10 # Attribute 'min_bin_probing_points' of the grid.
  1 # Attribute 'grid_mode' of the grid. 1=='default',2=='initialization'
  0.0000000000000000 # Attribute 'small_contrib_threshold' of the grid.
  0.5000000000000000 # Attribute 'damping_power' of the grid.
 # binID   n_entries weight   weight_sqr   abs_weight
    10   10   7.728446132410171E+004   2.031211059578968E+010   7.728446132410171E+004
  </DiscreteSampler_grid>
