  0.00227139630673086  0.01651622013043104  0.03031513041250403  0.04247439349252342
  0.05386326895282340  0.06517553319796210  0.07611072226406329  0.08702834685114950
  0.09805380377727235  0.10902847725222091  0.11999145518167507  0.13086503694498605
  0.14187471135117702  0.15287386448583301  0.16380439925660259  0.17481639881727482
  0.18579109396322430  0.19668493722071423  0.20745004557090541  0.21819504213249197
  0.22895361898800384  0.23963732980475386  0.25021525790117338  0.26078540195510541
  0.27136495158022850  0.28192908384324628  0.29248237878928085  0.30301118995891874
  0.31364574048785132  0.32435795157754926  0.33501063626370564  0.34557691271573143
  0.35598329152108255  0.36623320035331058  0.37653708256168383  0.38689959007933794
  0.39723978117832143  0.40759227421586464  0.41796516612076479  0.42845274320975490
  0.43889691483384285  0.44920345851220261  0.45945247194907196  0.46977102790658137
  0.48031873175243334  0.49096537520833633  0.50162552782559167  0.51224354690284568
  0.52280736428618690  0.53332609487472193  0.54382655516186851  0.55423872741615210
  0.56457792409292173  0.57480477119922979  0.58501400250914726  0.59526283649858225
  0.60558750496959191  0.61597310186179954  0.62643497591347397  0.63692636457299101
  0.64744648506085523  0.65793863116538120  0.66844202918607087  0.67896397219247628
  0.68947743507349291  0.69992581942428611  0.71034423811408276  0.72071662436514949
  0.73102501285571686  0.74123985282341465  0.75141540806595541  0.76165800242516457
  0.77195096827598919  0.78229377057505500  0.79262685917680642  0.80292813670718277
  0.81323840256205726  0.82339138525762323  0.83338340683139833  0.84321969669140917
  0.85301569308985536  0.86294844014676386  0.87290310393404069  0.88285597437433605
  0.89281555652103761  0.90283310014386697  0.91287390449370620  0.92276880922911020
  0.93244105131137389  0.94209492312700061  0.95169298859679297  0.96105128892623481
  0.96999630448763807  0.97828409296005325  0.98667823800384713  1.00000000000000000
  0.00237220542534917  0.01633222739534927  0.03038242936087706  0.04248198839423820
  0.05417790088424278  0.06550682530090664  0.07683675410200656  0.08789990235580179
  0.09886111478837517  0.10979359729901957  0.12074357143898720  0.13162712474864188
  0.14246673953292949  0.15326567584913070  0.16406525885708670  0.17494076235411843
  0.18591097578252597  0.19674650204379157  0.20743202249093290  0.21815824401196349
  0.22900530468150671  0.23981766223465611  0.25049456341870735  0.26127389252074945
  0.27198584834049422  0.28270820176071648  0.29331779682562187  0.30399532336031998
  0.31465950488590633  0.32522517050004113  0.33570223385535869  0.34610707275638630
  0.35649532391522704  0.36698591919659573  0.37751251782314499  0.38806380517546074
  0.39855241708146122  0.40898821477575958  0.41939268313569467  0.42985839091567463
  0.44040593563620056  0.45104905960574138  0.46166420950780251  0.47219782692099671
  0.48259917415556702  0.49293387314810572  0.50320846488518078  0.51353127219523920
  0.52390161822872661  0.53429324594833238  0.54469374403791215  0.55516324636250680
  0.56569508935780100  0.57624195547215229  0.58665513739215047  0.59700631763068979
  0.60739108116477125  0.61786641250929697  0.62845762485006484  0.63903668285907789
  0.64953157478815837  0.65992943725247022  0.67024862692448117  0.68048758260523545
  0.69072126529696076  0.70110228814554465  0.71156979145697830  0.72202846046744296
  0.73241502391793911  0.74280120425670670  0.75324304091054184  0.76357674006029297
  0.77393315288123066  0.78434602924621499  0.79466810603573557  0.80457808876758286
  0.81447928295054550  0.82425840661638106  0.83405108683594853  0.84389122271281325
  0.85370313730225234  0.86359014472122353  0.87354286275858606  0.88354875293468360
  0.89362321443154269  0.90365696715480159  0.91358200721317862  0.92328830369211168
  0.93278943185022023  0.94218795783952225  0.95158495948201438  0.96089521968773017
  0.96988145584454766  0.97824069164217942  0.98658499395804111  1.00000000000000000
  0.00771434476765293  0.00947000943016256  0.01061750372395666  0.01169505713085287
  0.01279592236955853  0.01393734869134583  0.01510646162341802  0.01627818599726656
  0.01746466460220863  0.01865457296466195  0.01985655929198527  0.02112974948858278
  0.02242768580343841  0.02367420946622569  0.02486449726871076  0.02598549792064226
  0.02700622202319260  0.02808246964315122  0.02930081866197950  0.03056271358774912
  0.03183442312064551  0.03313086962648142  0.03444928582608009  0.03580033716190988
  0.03718823707735156  0.03860396032064450  0.04003941533455036  0.04150491148130874
  0.04301915355265228  0.04458325966348107  0.04619981568962894  0.04787410012682708
  0.04961176850085867  0.05140186554207854  0.05323721475703847  0.05512000053841221
  0.05706738133272045  0.05908055585863441  0.06117034549807291  0.06334283554626420
  0.06560015841513687  0.06793729048061740  0.07035660168147938  0.07287404460677328
  0.07548538623374848  0.07816770319243650  0.08092544930495423  0.08379854925114560
  0.08681582063823018  0.08995994123296483  0.09320961753332084  0.09655916147957931
  0.10003821283436184  0.10364932474900729  0.10739478730729052  0.11133844825786376
  0.11545926756138213  0.11969852800315688  0.12410103019365211  0.12873005840402538
  0.13365378519869683  0.13878968639941236  0.14415997489307270  0.14981729690115006
  0.15572054906844499  0.16193794460485950  0.16848881044549779  0.17542130630124256
  0.18260536852010828  0.19000685176830326  0.19779940077133615  0.20608282381301168
  0.21492753177049040  0.22430664526344377  0.23430897068534684  0.24491779511645820
  0.25618427422934226  0.26817983196634099  0.28097371279252120  0.29460462205520027
  0.30915630490369300  0.32474205310831694  0.34150537605660758  0.35972893598414962
  0.37964960707609685  0.40132986410520011  0.42498876402372132  0.45147850428223807
  0.48168876265758898  0.51615129885695599  0.55590076729847593  0.60306240769093167
  0.66292153420413147  0.75232702254907924  0.89035325655241215  1.00000000000000000
 -0.00103738723105651  0.00398485444980653  0.00934819062070896  0.01467303904014609
  0.02001928575422433  0.02541329448023764  0.03085785702316570  0.03634934882222918
  0.04190721248766038  0.04753244904248284  0.05319600633968235  0.05888135239573448
  0.06459259093186047  0.07033445412693698  0.07609696090633360  0.08185964876901264
  0.08762204649144664  0.09338211859160706  0.09916491232014185  0.10498566361652813
  0.11087041249463737  0.11685002260737593  0.12287493420150662  0.12891147600971861
  0.13497046436420793  0.14107367755168188  0.14721947479565486  0.15340020419227957
  0.15966006396248544  0.16597761780787093  0.17232058645513934  0.17867039058834819
  0.18506121424267419  0.19156670891279548  0.19815668983582949  0.20482611888384131
  0.21161723650213130  0.21852238587517170  0.22548331386104634  0.23242654477636671
  0.23942412326468010  0.24644348260145207  0.25357829173231389  0.26088039299891547
  0.26826898947677907  0.27569103113616972  0.28319838636409439  0.29081299590557447
  0.29853807077178190  0.30625031386419227  0.31402798621449574  0.32183035378559965
  0.32973909208954766  0.33781463743487811  0.34604572954738749  0.35441674073194435
  0.36295719377782532  0.37157832514496869  0.38028571405136619  0.38909124681630503
  0.39801533218211194  0.40706943323868949  0.41638473720538571  0.42592604527854538
  0.43557620315783502  0.44525279979826099  0.45504055171619695  0.46502934145540964
  0.47522714450299947  0.48567379853414577  0.49640688390382437  0.50722529842026542
  0.51813461088348212  0.52922981291115501  0.54076070468015724  0.55256316098583558
  0.56485086433781939  0.57757343758420432  0.59072904847298535  0.60417478003189784
  0.61805972455564162  0.63229124039492246  0.64680628745439994  0.66178759695782952
  0.67746417427966910  0.69416189469546996  0.71212633927385582  0.73130996280630955
  0.75182625782884438  0.77388663049240491  0.79776738324272556  0.82393330086026939
  0.85301122001890728  0.88723954746122680  0.93321465265484382  1.00000000000000000
 -0.00228831788608626  0.00903008085353538  0.01901420727401357  0.02997187057433409
  0.04069289892197778  0.05163632642703893  0.06229432030403019  0.07294643665159341
  0.08349458172782431  0.09429553663416229  0.10498473476392985  0.11568993768087914
  0.12626588183753587  0.13681627317012882  0.14717106407590116  0.15764605687814673
  0.16805797825005511  0.17841489686899303  0.18876735918180967  0.19911310729057147
  0.20957471842838155  0.21996009370782782  0.23018056589685304  0.24081076851971445
  0.25145112752068943  0.26141812357803829  0.27169048191070311  0.28187060418493276
  0.29202001840512604  0.30216312255751371  0.31240138456644173  0.32285945552683692
  0.33351421629471711  0.34403325351049407  0.35457324643151289  0.36513964249223985
  0.37557982352006308  0.38607261443234542  0.39653120566876343  0.40704034287632701
  0.41757723520583118  0.42828756915243682  0.43914190575973477  0.44986524598696126
  0.46052126524305992  0.47118058638133992  0.48189164893856568  0.49256820582452143
  0.50315111283528158  0.51379257096755726  0.52443226946568955  0.53515612181817895
  0.54588279774548776  0.55654296264833070  0.56700230214560965  0.57747679494134108
  0.58789806271189227  0.59838566473361665  0.60906751084999833  0.61980661864191133
  0.63047438049742566  0.64108882313234961  0.65164286242636249  0.66212180835613565
  0.67257586896718247  0.68307706824995906  0.69359237415235386  0.70425262892964413
  0.71491606446785760  0.72589626851341749  0.73656491182209727  0.74706300782818502
  0.75766498354930389  0.76827430482363857  0.77882640430591699  0.78938155866218684
  0.79971711052870853  0.81028565193919300  0.82066500757907235  0.83110905293268222
  0.84175554063955982  0.85219917301708603  0.86283087043040940  0.87321482909110004
  0.88387805605078706  0.89470460437162069  0.90531279732356629  0.91596502038335359
  0.92648812528330959  0.93712654315639021  0.94766743658064423  0.95848503487257453
  0.96885216019157583  0.97928887926599673  0.98949251795741866  1.00000000000000000
 -0.01433470223101291  0.06408104984678618  0.11029346409206608  0.14535423371596545
  0.17492410237614037  0.20111988875269210  0.22471922288070528  0.24646359344187868
  0.26664703288479646  0.28540851271286727  0.30313423677995538  0.32003044063830621
  0.33627899158691088  0.35200935630255503  0.36715395250880323  0.38166351553663708
  0.39553951795030523  0.40892342603696169  0.42180025485844030  0.43435584401448663
  0.44657687854546385  0.45852998744925583  0.47020496045517612  0.48159354958580802
  0.49268261178137562  0.50345586024809763  0.51395245136231915  0.52433902858104209
  0.53443258604157950  0.54440155210951879  0.55421095602413484  0.56383803452495684
  0.57320697948478405  0.58244153754443329  0.59157094581877334  0.60060169799690488
  0.60941179475733243  0.61816104114823656  0.62688321849706707  0.63558731966132420
  0.64412327943442160  0.65243097891926238  0.66062302968852271  0.66880130891787837
  0.67674958810843833  0.68455849454009010  0.69233030988577837  0.70011417664544229
  0.70787432305441178  0.71544290494680507  0.72289388604546156  0.73026508899824583
  0.73768987415235276  0.74511728448882331  0.75242321698401227  0.75960795232245459
  0.76673734013613160  0.77376753146108324  0.78070462373677385  0.78755558909031487
  0.79435264550424500  0.80106310245760481  0.80769190013116676  0.81424403982638616
  0.82076895683132900  0.82729574394054928  0.83383435687106033  0.84030959740765321
  0.84673132643785332  0.85305573925778222  0.85927320383970740  0.86543066789117762
  0.87153604187859657  0.87758083967097222  0.88360193917817953  0.88963288908312010
  0.89563927935653220  0.90156418123933846  0.90739759705473300  0.91317920055780677
  0.91892971132820522  0.92465373091049952  0.93035211217643576  0.93601435632555430
  0.94160540312473706  0.94714768551505557  0.95266684639099308  0.95814970878970152
  0.96355874511667305  0.96888869220244667  0.97418941723176633  0.97941051961645764
  0.98454590552205679  0.98965669950260216  0.99478795583780977  1.00000000000000000
 -0.00232925461025125  0.00925476742595003  0.01903119521433119  0.02989312507744005
  0.04047363648286647  0.05083875542207630  0.06122355473563125  0.07185132329218361
  0.08244357631922206  0.09296677105025347  0.10353261473303779  0.11419407587048491
  0.12476282338846548  0.13513410246926758  0.14545020239082551  0.15589324997470211
  0.16623664292956147  0.17676337974680600  0.18730407988818409  0.19779764577318928
  0.20837498806147439  0.21883127462756352  0.22940628239833971  0.23988574819837744
  0.25038729529434972  0.26087106212755939  0.27135086025498484  0.28189504640901258
  0.29245735071299317  0.30318039544322628  0.31390017565997175  0.32447316267919640
  0.33507432293805473  0.34551128788523294  0.35586484305355875  0.36617017881996089
  0.37653918650676760  0.38717296335296780  0.39777775440393770  0.40829129175013446
  0.41897008050803397  0.42963572944070300  0.44046005879014866  0.45123413196757700
  0.46179289303390270  0.47233408896333057  0.48292121944089766  0.49365903109522269
  0.50439175096869049  0.51499193294723911  0.52541885700095925  0.53582926732008807
  0.54640032382878845  0.55714449392635224  0.56789188347233888  0.57866057878829058
  0.58942708567529145  0.60036141941439891  0.61092929960424436  0.62150110425132055
  0.63209812174139901  0.64265866294052498  0.65317034748901159  0.66346903254679646
  0.67385600978217619  0.68436616165151720  0.69496518715828248  0.70556871839797719
  0.71565758797032730  0.72577240281775846  0.73617082374988718  0.74660201700264561
  0.75712568609183017  0.76747951943204928  0.77794070349751598  0.78859833402818780
  0.79909876742877295  0.80944638033072103  0.82016693624844850  0.83071196418660687
  0.84128943306145620  0.85177886266092140  0.86248227713383796  0.87316530764002442
  0.88369846970560084  0.89408573770680888  0.90450481170372643  0.91486777589648804
  0.92517645354703903  0.93556582303284941  0.94606926001189429  0.95686664737623339
  0.96769886847888087  0.97853726925273166  0.98917627416846088  1.00000000000000000
 -0.00232086376702419  0.00905694099967839  0.01952452028444008  0.03035483534360554
  0.04108648258926370  0.05158406591437149  0.06216681220796118  0.07266702756064738
  0.08321734433336234  0.09383546213850405  0.10452829129785424  0.11506634009772249
  0.12558634307113087  0.13617972150973509  0.14663417014589733  0.15716185801089544
  0.16773592285816782  0.17837602126902916  0.18897015735542788  0.19950268308772751
  0.21001654586366317  0.22036565366027225  0.23080934899464400  0.24131075175320624
  0.25182961454346314  0.26232083682021617  0.27281950529479637  0.28338457872583456
  0.29385622498397163  0.30420782126565127  0.31459681130370820  0.32503138782818836
  0.33546989877383371  0.34590683655369348  0.35641997221214722  0.36715821151360473
  0.37790208993791785  0.38871631778812593  0.39948098344329547  0.41019703947803410
  0.42083894857342347  0.43135846112447784  0.44189509494623036  0.45240137781276563
  0.46289867354633746  0.47339450165419311  0.48386016399498560  0.49453225020914326
  0.50531333318251248  0.51607696457506136  0.52671916558752929  0.53718298692786204
  0.54751820139832585  0.55779676518199450  0.56820710634886928  0.57864029853160903
  0.58908160759449701  0.59937911837729374  0.60995592666996712  0.62057965969693896
  0.63128285859006217  0.64189767382128249  0.65256932860449202  0.66322168070941956
  0.67394757495391178  0.68469878383968064  0.69534052456922679  0.70593614285388362
  0.71652735293454650  0.72718608878483038  0.73775521266356148  0.74832671438518616
  0.75873175884994570  0.76913532848557364  0.77953438256538021  0.79011732153523129
  0.80075037643409963  0.81140786681252219  0.82216794999398091  0.83296815637480359
  0.84354794229774210  0.85409108926764599  0.86458970211125563  0.87493222423437345
  0.88524713498616581  0.89534111994458965  0.90591350257755354  0.91625499952842016
  0.92655798647897403  0.93680456569593751  0.94725135871271793  0.95767710475637557
  0.96820687757079404  0.97849388729891551  0.98925273478796905  1.00000000000000000
   6.6478982707743987E-008  -1.0000000000000000     
 F F F F F F F F F F F F F F F F F F F F F F F F F F F F F F F F F F F F F F F F F F F F F F F F F F F F F F F F F F F F F F F F F F F F F F F F F F F F F F F F F F F F F F F F F F F F F F F F F F F F F F F F F F F F F F F F F F F F F F F F F F F F F F F F
  <DiscreteSampler_grid>
  grouped_processes
  1 # 1 for a reference and 2 for a running grid.
  10 # Attribute 'min_bin_probing_points' of the grid.
  1 # Attribute 'grid_mode' of the grid. 1=='default',2=='initialization'
  0.0000000000000000 # Attribute 'small_contrib_threshold' of the grid.
  0.5000000000000000 # Attribute 'damping_power' of the grid.
 # binID   n_entries weight   weight_sqr   abs_weight
    10   10   9.036247124408963E+003   3.502092383859959E+008   9.036247124408963E+003
  </DiscreteSampler_grid>
