  0.00251771351474190  0.01603502445030940  0.02946801620039162  0.04160362844287160
  0.05348431420206480  0.06524161486615103  0.07676673631631903  0.08814203501427673
  0.09925015247089015  0.11027645781323560  0.12113166376596636  0.13185942454581628
  0.14247352258288901  0.15316244569935961  0.16391270646683778  0.17466687098584396
  0.18540235472780728  0.19616590525717428  0.20689218810386395  0.21760076678315526
  0.22832672717180064  0.23907375165258749  0.24985067166822178  0.26071566455919309
  0.27170115107809534  0.28275764656395574  0.29377631043995239  0.30467494169325821
  0.31551379728906420  0.32633065560805413  0.33713173217032133  0.34791802589322685
  0.35871115321656527  0.36948615176015931  0.38016808816446129  0.39079067390313432
  0.40141898977290241  0.41208092407649349  0.42279457906263646  0.43356614472903976
  0.44438277290493799  0.45515795555640420  0.46587467949571193  0.47654862023672961
  0.48719022849750676  0.49776286077361470  0.50826683930698302  0.51869167100110314
  0.52905611127306951  0.53942806657579101  0.54982151594546069  0.56021244396204883
  0.57052422899954225  0.58083639877218163  0.59119796916144740  0.60169217904564276
  0.61230111403730070  0.62291680089235402  0.63341075710352546  0.64378035071747486
  0.65416147128782320  0.66456270676040230  0.67504101256639049  0.68557063550118824
  0.69620366556396096  0.70682205743413107  0.71743773994156046  0.72804997557050166
  0.73869078394676779  0.74928785981494006  0.75976709907057294  0.77019955173265053
  0.78053636692344908  0.79099426606055645  0.80142866793094603  0.81192153749990559
  0.82222198785042944  0.83249365260910491  0.84276445746754181  0.85309760144865487
  0.86330911756882867  0.87343976562881620  0.88362225462350164  0.89379055680441188
  0.90389811590327440  0.91385729169461882  0.92378522475118918  0.93369653450560552
  0.94341564110812337  0.95286874484769590  0.96215266437992464  0.97103248592475100
  0.97939829522005151  0.98667372721808588  0.99354963352124415  1.00000000000000000
  0.00245397202293926  0.01621725862372123  0.02963704308912846  0.04167200753512097
  0.05326690407981866  0.06462582948894519  0.07591290299997669  0.08710662720276545
  0.09816260256378871  0.10910365598082666  0.11998934264803807  0.13083449200186253
  0.14166485164351383  0.15242741076885807  0.16313407381706188  0.17384160513902958
  0.18459062456680483  0.19537573249569026  0.20614760760719891  0.21696957235117020
  0.22790392090736872  0.23891237466218601  0.24987216620888336  0.26071469188475566
  0.27140530277957542  0.28202510964275218  0.29254742590302213  0.30299135982802555
  0.31340220494082432  0.32390756610811672  0.33447874159062196  0.34496095427892282
  0.35537491012803113  0.36586771550108410  0.37643806537023816  0.38700757337279268
  0.39752305521670023  0.40810114860522090  0.41879803766230722  0.42948583689744374
  0.44012603681887313  0.45059112542812746  0.46106092379271851  0.47169317907553865
  0.48248126725944201  0.49335989227387023  0.50417184429616002  0.51488465691367791
  0.52544898185532951  0.53590603991557051  0.54643100900998109  0.55697517448521694
  0.56747268419769548  0.57790359174840022  0.58835867316334289  0.59885040308660664
  0.60929480589638918  0.61970064593644181  0.63008956323262766  0.64049652997728301
  0.65094043081798292  0.66139391378462842  0.67189582399361247  0.68240463631956072
  0.69281295714077085  0.70310382755919099  0.71339593627863063  0.72374713155567927
  0.73408908167222409  0.74440408364033717  0.75472315600322026  0.76505090657753516
  0.77541919080363242  0.78583368846141011  0.79632048190869176  0.80683024831170669
  0.81726070732875888  0.82763532088877390  0.83786254385298820  0.84802366796837780
  0.85807013212990801  0.86807558566559617  0.87805870770935845  0.88799206215238069
  0.89803773379673157  0.90804276397891770  0.91799449457069893  0.92788011758555955
  0.93760660653467010  0.94715691603384145  0.95641020748501016  0.96554813779481563
  0.97426168542375002  0.98235531223442374  0.99015264069146403  1.00000000000000000
  0.00691813578328504  0.00850583488086623  0.00961678090178348  0.01071796761997056
  0.01183547239852021  0.01296650352182016  0.01411867075717499  0.01528309294396567
  0.01644548202067133  0.01759854869999398  0.01880669641154389  0.02005772963479953
  0.02135077254993618  0.02269611222661168  0.02409110819859439  0.02529366978526899
  0.02627057904919070  0.02730370404980774  0.02844862304051472  0.02967730784128094
  0.03091402025451596  0.03216789951506505  0.03345225698339124  0.03477511085871803
  0.03613539720019415  0.03752519924970042  0.03894435025144673  0.04040740828595257
  0.04192664332828699  0.04349394121998777  0.04509918911576656  0.04674578315331791
  0.04843844017814430  0.05019101977282521  0.05201782429227666  0.05391703069418693
  0.05588066158537561  0.05789750404761727  0.05997001005798838  0.06211792031964328
  0.06434962257981758  0.06665575415200031  0.06903266376269775  0.07147704552212834
  0.07401291148412735  0.07666803791259644  0.07945804385460584  0.08237374526204698
  0.08540957325388397  0.08856367885460810  0.09184385358390013  0.09520500614007937
  0.09864226072164925  0.10220912514989164  0.10594819371430872  0.10986646045974395
  0.11396872037460856  0.11829863035231410  0.12281968554617019  0.12746780641589764
  0.13227604619097791  0.13733429631497052  0.14267767666206402  0.14828185512574768
  0.15413249360157710  0.16029956644687995  0.16677823844925782  0.17355161062960914
  0.18062976308304488  0.18802115699095920  0.19582181156564765  0.20412155130815018
  0.21301553746100924  0.22249604426516337  0.23251766490897399  0.24319056737027367
  0.25449256490796135  0.26643570859725874  0.27908300547435522  0.29265177650437568
  0.30720621279675359  0.32304150598680226  0.34020230028600607  0.35874249703935984
  0.37889023809269173  0.40102605414780396  0.42552498661172317  0.45279570557018789
  0.48350411227915663  0.51836445657719388  0.55896396881675681  0.60787752014528396
  0.67140944524813617  0.77170661404918350  0.87017293133335361  1.00000000000000000
 -0.00105070911974523  0.00404679651463304  0.00935293855533523  0.01459800459940907
  0.01992150144388436  0.02529165128921013  0.03067668525714705  0.03611773703018988
  0.04155518149297430  0.04699755663040880  0.05252328754907023  0.05813625744128710
  0.06379581926300325  0.06946639507956469  0.07512041190583235  0.08076485716989106
  0.08644415700637968  0.09216263976877644  0.09789019586203197  0.10367254593599493
  0.10958344935155416  0.11557641155386908  0.12158630159908039  0.12764253279026444
  0.13378050104244643  0.13999602551245427  0.14626142980798107  0.15257241234488181
  0.15892204960325734  0.16528344188742952  0.17173086257442916  0.17827158603536578
  0.18488042390018056  0.19158801798790923  0.19839550643855774  0.20525297421673774
  0.21214328547319772  0.21903521688906402  0.22588516707381562  0.23275748473525976
  0.23969009436993816  0.24677161238307832  0.25389975008567256  0.26112048332271343
  0.26837445324790055  0.27569033168717955  0.28313402455671521  0.29066554198361971
  0.29839095389972059  0.30616835107075857  0.31401573590975795  0.32199427683320953
  0.33003500140205211  0.33818126253759034  0.34644573231073167  0.35475108372398023
  0.36309032418799908  0.37163977869367254  0.38038232143035278  0.38908615163071003
  0.39779830006044020  0.40657731522548990  0.41568441240101450  0.42515943288924735
  0.43484711172659818  0.44474925673308968  0.45483631581459349  0.46491376698178799
  0.47504533137112631  0.48523281671087021  0.49563344830958111  0.50628762566511953
  0.51714267428181271  0.52862694236506913  0.54033739025983551  0.55218167266276574
  0.56445879746025074  0.57721484482872321  0.59022143679644212  0.60348874876708281
  0.61703747781206753  0.63104465391692399  0.64565869201958292  0.66113892740466185
  0.67748820671067689  0.69462228231946843  0.71243879301439417  0.73122356250330445
  0.75139349251489673  0.77302375923436151  0.79624690189226188  0.82177889165114770
  0.85090674425150270  0.88582867956978106  0.93221185775658433  1.00000000000000000
 -0.00228925843847297  0.00905637342391853  0.01898859904347353  0.02965471562725728
  0.04031179040482703  0.05088137828127490  0.06141633128462381  0.07207511611496634
  0.08265091871707511  0.09319733064338229  0.10390630271486681  0.11466210445505023
  0.12550159091169499  0.13614123680448165  0.14678199652339904  0.15730787719277772
  0.16786033050267274  0.17840848626352337  0.18899292735915871  0.19977152836793477
  0.21050327037127967  0.22123854972713500  0.23179979112818255  0.24244902824062423
  0.25316074026619656  0.26402674168810086  0.27467688469219026  0.28524441090404073
  0.29563532633589534  0.30608166089120004  0.31645866972929360  0.32682813453101384
  0.33706560683412407  0.34724906232063479  0.35745378993381305  0.36775423491171610
  0.37824980016755139  0.38865498015525379  0.39930196645340083  0.40992974358259593
  0.42051212919729880  0.43114451573679874  0.44184831217100184  0.45256666221931169
  0.46320311181658336  0.47374411461265614  0.48428515073805478  0.49477904208052209
  0.50505206831487237  0.51526357372213549  0.52548808444480466  0.53565580652274014
  0.54582148549077103  0.55592222413324865  0.56594199913698939  0.57668517765892169
  0.58708298526610025  0.59812688826660554  0.60872527057011583  0.61944261410809498
  0.63003344574270548  0.64089038173290613  0.65153613406493738  0.66215269012484845
  0.67264050197115777  0.68337478073620761  0.69385797879972066  0.70449351349508504
  0.71488463808878022  0.72544667336973678  0.73592617362690782  0.74658833797467239
  0.75717735885696880  0.76759004601016545  0.77810947578641709  0.78877072181200292
  0.79940868980572977  0.81000490929244706  0.82076371327409325  0.83148371410871857
  0.84199783216560231  0.85244792063454067  0.86286823716809469  0.87350712930670926
  0.88402849743025702  0.89483958357969218  0.90534862553228745  0.91619743154976829
  0.92654882815585071  0.93705885344938389  0.94751991353720488  0.95783691902068602
  0.96834311630239045  0.97869799436166494  0.98947783536023992  1.00000000000000000
 -0.01453180059462806  0.06455202233292301  0.11037684346839816  0.14562360490205151
  0.17512266849344338  0.20120400114366671  0.22465187377429396  0.24621556447438417
  0.26643116204376971  0.28533752241684213  0.30304180607556608  0.31972067544132693
  0.33578741971864773  0.35122359702671396  0.36601875817351598  0.38023626667802307
  0.39390352343599577  0.40698985613402416  0.41968156776143983  0.43207142616950056
  0.44427021323168836  0.45626478283757937  0.46806954748431817  0.47965594728188088
  0.49091275255578021  0.50183144724615569  0.51245883186628483  0.52299739955388314
  0.53344961007385860  0.54367010426421503  0.55357935651500767  0.56324870591208021
  0.57280527173671703  0.58228376179903019  0.59167823233060257  0.60094447507596194
  0.60986771175370336  0.61850743871447433  0.62710232915013597  0.63570421255693155
  0.64424350411389852  0.65263877536795234  0.66088083707706957  0.66905418241717818
  0.67716130362934235  0.68515582559320998  0.69299178958818597  0.70070039271784024
  0.70825551330271519  0.71569622523261045  0.72306202717850232  0.73036922083731770
  0.73759596612117428  0.74473906860503147  0.75182757685995216  0.75886350530052415
  0.76586469765949572  0.77278455726762252  0.77957020991744030  0.78626881476037802
  0.79292396369533835  0.79954519762988741  0.80613565027906020  0.81274160921734251
  0.81932563147955417  0.82584551357850389  0.83225827816740250  0.83856539121192797
  0.84481819223498145  0.85102590915481768  0.85721852134138132  0.86342299142911605
  0.86960697195429892  0.87575664699355771  0.88184607524046588  0.88785959596449704
  0.89377152377588021  0.89959778167434301  0.90540219239327535  0.91120437628442752
  0.91698386287604527  0.92272018843837589  0.92840180825377061  0.93404319336788100
  0.93968221755632420  0.94532161037473672  0.95094768226305249  0.95653455358992956
  0.96209688264942983  0.96760217495504552  0.97305422526102847  0.97844636026472720
  0.98381057796898408  0.98916654063250431  0.99455003553712862  1.00000000000000000
 -0.00229070782625165  0.00913411045390977  0.01909459288471768  0.02985345810503836
  0.04064141778512886  0.05115046881002545  0.06163821380272991  0.07227938844070966
  0.08283073204398407  0.09343137422027301  0.10392790064790476  0.11448046637468760
  0.12507935992760993  0.13558609893858251  0.14593466063196245  0.15632697351028468
  0.16653381595034294  0.17718267298795348  0.18767431962921369  0.19801826501626621
  0.20846756123549076  0.21883064656617518  0.22952730035814617  0.23982679865778769
  0.25021374304140792  0.26068324125655523  0.27134528336317176  0.28202237533685764
  0.29263858420518679  0.30308184702818797  0.31356757912498667  0.32410042862495408
  0.33488143810044685  0.34578825220712500  0.35655641915175568  0.36732940358022687
  0.37774786256742016  0.38816476271112632  0.39886522720800816  0.40957552764220445
  0.42023539453162839  0.43073683757086928  0.44128408510898626  0.45181457452849744
  0.46238909847160081  0.47295892212188168  0.48339206219796854  0.49359392233679278
  0.50394228281174780  0.51439135660150270  0.52506937782365048  0.53572759504808165
  0.54646658983729723  0.55725293294218881  0.56785597875508687  0.57841999261588883
  0.58881559061751110  0.59929233179613228  0.60965584180893651  0.62023477363464885
  0.63049228199703600  0.64077544598314418  0.65092738380535520  0.66146858075253889
  0.67190364761359256  0.68249318948062676  0.69294098398941917  0.70365244558267204
  0.71429245120143681  0.72497503821230080  0.73584396528562523  0.74659405923615607
  0.75727261541332036  0.76772584917365905  0.77842247737828640  0.78911710367126608
  0.79973943507548950  0.81030384396141353  0.82105079788608193  0.83175244917704338
  0.84242743127813102  0.85315303416242572  0.86372650330527523  0.87435214006375395
  0.88477806404613768  0.89544857683411339  0.90608794810915516  0.91666004860491257
  0.92711248531051871  0.93752450506030860  0.94805394687149103  0.95870398595686268
  0.96895115449795721  0.97938519492901621  0.98970178384739216  1.00000000000000000
 -0.00225734538509981  0.00894789799361236  0.01874301234048033  0.02922879808607951
  0.03958191392137066  0.05027286978128473  0.06062970658110303  0.07112467342573930
  0.08146352181806663  0.09198392629190842  0.10262585089366545  0.11335283483367702
  0.12409752936938458  0.13473012351258334  0.14518230313379965  0.15560855109766303
  0.16613794549313335  0.17672431461992871  0.18714565726081425  0.19741369100781864
  0.20778836078581003  0.21821061041040607  0.22871306926400073  0.23913792154603067
  0.24950245720368117  0.26001890516918968  0.27057141558820308  0.28131700409940552
  0.29199487742567537  0.30269951634029646  0.31334720919932690  0.32393628832224602
  0.33463256974744504  0.34541430571926673  0.35619975947688837  0.36683710018246590
  0.37729900160865459  0.38768612007192849  0.39820089334668307  0.40874206293124887
  0.41920478495155855  0.42952518181247490  0.43986171533251983  0.45031377430838621
  0.46081483791930961  0.47137421750177333  0.48191281393150681  0.49256109549185212
  0.50326757264459698  0.51400695100410798  0.52473543522568722  0.53535666164803264
  0.54603470896312367  0.55674793010596046  0.56749218300466142  0.57823288908240900
  0.58872371166209370  0.59924332701304972  0.60974579599832035  0.62054307939410813
  0.63134623402406842  0.64219998636116482  0.65288858235442848  0.66355754812016654
  0.67423017647494554  0.68476083486388928  0.69544831459281020  0.70605497050769295
  0.71679382443050277  0.72744116146857107  0.73793589223157630  0.74834051907517596
  0.75877285801816163  0.76921847435122548  0.77967141394113515  0.79011032331990161
  0.80037105134565645  0.81071715446637749  0.82102217041930270  0.83154837062797626
  0.84214423632334912  0.85248700009847844  0.86303029894836425  0.87351110073078186
  0.88408852884750999  0.89438497653386273  0.90485232891595679  0.91534119917799028
  0.92601716886423657  0.93665912822283715  0.94746394971185965  0.95829897679697273
  0.96895721946019409  0.97926567616056737  0.98961987815737806  1.00000000000000000
   6.6547703763083951E-008  -1.0000000000000000     
 F F F F F F F F F F F F F F F F F F F F F F F F F F F F F F F F F F F F F F F F F F F F F F F F F F F F F F F F F F F F F F F F F F F F F F F F F F F F F F F F F F F F F F F F F F F F F F F F F F F F F F F F F F F F F F F F F F F F F F F F F F F F F F F F
  <DiscreteSampler_grid>
  grouped_processes
  1 # 1 for a reference and 2 for a running grid.
  10 # Attribute 'min_bin_probing_points' of the grid.
  1 # Attribute 'grid_mode' of the grid. 1=='default',2=='initialization'
  0.0000000000000000 # Attribute 'small_contrib_threshold' of the grid.
  0.5000000000000000 # Attribute 'damping_power' of the grid.
 # binID   n_entries weight   weight_sqr   abs_weight
    10   10   5.576815693515613E+004   2.039830385823655E+010   5.576815693515613E+004
  </DiscreteSampler_grid>
