  0.00287762028781473  0.01517667351422226  0.02767679469871383  0.03962093068157098
  0.05098719022351162  0.06217335305574418  0.07371714051057965  0.08521869774640949
  0.09659301765278042  0.10774943485415119  0.11895315631677716  0.13007000168591315
  0.14119088257508716  0.15258664707160305  0.16414621243839078  0.17538681848651200
  0.18622159495233390  0.19707691781063819  0.20766366339985690  0.21796972126203937
  0.22794768707134314  0.23824907145065913  0.24900154074610592  0.25987080063436480
  0.27085257146079506  0.28166655000528096  0.29231079487633577  0.30293507738723907
  0.31389785092989103  0.32496903650942238  0.33626266756306833  0.34709045725703896
  0.35795878857798719  0.36806491685521836  0.37846314797692182  0.38921935749810371
  0.40003149158431256  0.41072625584147954  0.42137839857855397  0.43202058121441372
  0.44283504636522958  0.45366142894300771  0.46495808870436123  0.47617305615313427
  0.48728997693389348  0.49801153030976131  0.50870319666787789  0.51913135935807420
  0.52926811919284744  0.53918015006433417  0.54910361338108193  0.55888577854918808
  0.56861995712977509  0.57838940725479449  0.58851271732615595  0.59865978415899956
  0.60897338453476657  0.61955268983777934  0.63024638562959068  0.64071161812025690
  0.65087998400091218  0.66107749566491636  0.67125616021208456  0.68117232734715072
  0.69095162200233418  0.70080570266684272  0.71102843930168980  0.72155115946487569
  0.73221151255680095  0.74292603879917851  0.75368720312897841  0.76460002139177163
  0.77551263887337041  0.78611372465947438  0.79640434729804443  0.80654272730756071
  0.81664970730602526  0.82674887905944650  0.83692531594397901  0.84740911303697319
  0.85802702796616315  0.86857089594002856  0.87908558872212117  0.88949354326355135
  0.89966742178894410  0.90947475740928407  0.91917443966004808  0.92886603158370984
  0.93860258500815719  0.94817103908580680  0.95759457994775710  0.96697965180787382
  0.97613576671501390  0.98481053302955179  0.99260164091442604  1.00000000000000000
  0.00244645404649602  0.01657287837335185  0.02992347488612016  0.04188152115702525
  0.05343251251025896  0.06466599131363168  0.07551581552705758  0.08671288482447624
  0.09841904611427787  0.11003939839870402  0.12142656603411743  0.13244872086378678
  0.14332157610225002  0.15425102592698159  0.16500706578535135  0.17555480298610421
  0.18603933679463669  0.19700135200285107  0.20807732680305327  0.21899447299339383
  0.22993683129627809  0.24110316767455994  0.25211005591132202  0.26274996393309191
  0.27355220004767100  0.28451771917981056  0.29524241326988743  0.30565895118334230
  0.31601820903037942  0.32653706715127578  0.33713559494750911  0.34764663027746784
  0.35803138687242503  0.36852580883748681  0.37901708770585590  0.38963917422761329
  0.40047014841307343  0.41142747298337723  0.42236839340475185  0.43326930902568883
  0.44406060558182858  0.45494010850716787  0.46579924211208007  0.47671492424249212
  0.48734581747337369  0.49771177183329962  0.50787047274087327  0.51784451246143248
  0.52786875130623834  0.53816419139351013  0.54867035603989145  0.55921418280242208
  0.56975141285769848  0.58041544249942090  0.59118169714308133  0.60194341309954935
  0.61233458323134804  0.62236016863746901  0.63222846659304299  0.64221033507033087
  0.65243966362633976  0.66281226705911023  0.67334791307899244  0.68386288630530712
  0.69423250674737202  0.70441587461225841  0.71458098084988464  0.72466981893972982
  0.73475483437792977  0.74490209204371693  0.75510793198686310  0.76529999471382493
  0.77554519278977185  0.78584603431297473  0.79589799981370368  0.80554179511672519
  0.81525043559589316  0.82511053227257825  0.83510137506587756  0.84482274205667951
  0.85452677965489954  0.86459700133928030  0.87479908795952199  0.88486373321512879
  0.89485996099693677  0.90505720052720040  0.91536603393039861  0.92552941892872753
  0.93582383631311417  0.94600902715981539  0.95582373736780535  0.96526170573746206
  0.97446434434237950  0.98325968171552935  0.99170799164538004  1.00000000000000000
 -0.01651979636831632  0.04960493753643581  0.09841725794488657  0.12607140243539736
  0.13837218264073908  0.14857860166361408  0.15858483709607843  0.16846142033555114
  0.17817029570621398  0.18801850700027181  0.19780991408943749  0.20779113287981396
  0.21772987852405537  0.22731911882163386  0.23709994333933693  0.24737357546099500
  0.25751518023917297  0.26719007316420362  0.27672681715286535  0.28657095597977111
  0.29651304475411339  0.30638902144667901  0.31643830721521027  0.32626932559135796
  0.33593006236700490  0.34559417261493247  0.35542517698846893  0.36522218182352034
  0.37498088075090685  0.38459506890704903  0.39400665449841299  0.40356711701773401
  0.41346864970793507  0.42341185446924290  0.43308937300316119  0.44263389338666503
  0.45222232971047738  0.46188443689424979  0.47155960277814929  0.48123455085673494
  0.49091856868611011  0.50056878178560427  0.51040325237661532  0.52026770752242146
  0.53006082068115079  0.53981068397241749  0.54943786961993146  0.55914507452289963
  0.56861172655747838  0.57781928957289430  0.58686141378884460  0.59597923258807817
  0.60533151732721413  0.61498255197497875  0.62438731061066444  0.63393912508160988
  0.64344392496749603  0.65288766081778504  0.66211308317479733  0.67105056457401768
  0.67991625230344732  0.68895908952036444  0.69798434751369798  0.70679813640191691
  0.71555711584860970  0.72440982862592607  0.73336540838976616  0.74250868000815240
  0.75184259878700732  0.76143651097000808  0.77098281494747245  0.78039380959321680
  0.78975688559477852  0.79927083948062816  0.80875529662502321  0.81808907819594867
  0.82747816477436453  0.83694507205578561  0.84644622028259964  0.85573444708904056
  0.86534578213126678  0.87486097346938496  0.88412492210010729  0.89315537411658252
  0.90209549957806379  0.91120912918585883  0.92024431872719015  0.92908769906375366
  0.93775994467773172  0.94672666558689900  0.95577033607989625  0.96471934931863024
  0.97354532837652874  0.98232921145076479  0.99117561072132021  1.00000000000000000
 -0.00261044690510540  0.01022205165954095  0.02109131071231099  0.03201161109707194
  0.04264562262728881  0.05329942999831634  0.06399228029522405  0.07462757665999512
  0.08481803667631217  0.09472785418279586  0.10470128878309783  0.11470281882654615
  0.12438251491701925  0.13434303980598514  0.14447504767702690  0.15512801838033033
  0.16581335639254061  0.17671514035716082  0.18790169987695290  0.19844340167066757
  0.20910198381643408  0.21940585814800151  0.22975357794056928  0.23974971079842880
  0.24987613060686717  0.26055881660939140  0.27094944616249078  0.28126622034338050
  0.29161979707160235  0.30220889042051235  0.31254011011520899  0.32236205768043047
  0.33234968824800781  0.34251978838865593  0.35263257304128792  0.36284431582739840
  0.37330985613686224  0.38383040333678670  0.39404168812157847  0.40451307118745755
  0.41524265966074653  0.42615925245023345  0.43676597511781995  0.44738260109741862
  0.45800927139376857  0.46872253815456066  0.47927287553471698  0.48985420487545028
  0.50038375488629461  0.51086953229300780  0.52118749390989305  0.53160257523259880
  0.54224516279904811  0.55299243007893051  0.56373484228087412  0.57441055250465556
  0.58511262594118219  0.59570229104114381  0.60651360359487161  0.61749551268003655
  0.62861141828840783  0.63992691400247304  0.65150400083108473  0.66286401106105819
  0.67351205711903406  0.68388838911573036  0.69405704752509800  0.70424901152020558
  0.71455837379234144  0.72486735100854316  0.73534312823387626  0.74569043476558217
  0.75631507976091905  0.76660531338179383  0.77671430312464018  0.78649738441970474
  0.79658529181075566  0.80681756071401722  0.81714920371179534  0.82748458193752195
  0.83785816760875309  0.84861372917844813  0.85954424128946438  0.87048647270931223
  0.88120495539967425  0.89173768530056619  0.90245120039378113  0.91340311308346178
  0.92465695729844133  0.93590989927434665  0.94706684809398112  0.95804529312693443
  0.96870269238084616  0.97929056583953311  0.98953598483165583  1.00000000000000000
 -0.00185806743274325  0.00673869225874385  0.01410712550288999  0.02147667976327673
  0.02891807432813045  0.03637934209741538  0.04383077107947653  0.05128586754894823
  0.05881452489969451  0.06644471985610169  0.07423169684163175  0.08215140837384413
  0.09028233532592007  0.09840630825098548  0.10656827132239956  0.11489117886963056
  0.12336773630365974  0.13190558443965875  0.14035076659256737  0.14889991320624146
  0.15762670780812324  0.16630171564117541  0.17491538001518106  0.18341652986496135
  0.19199287589152203  0.20050327215252323  0.20911653341623268  0.21754875518323702
  0.22583473733048853  0.23399154468098063  0.24239463177535714  0.25117997499666050
  0.25989443543286683  0.26823307853710027  0.27633587557030004  0.28453815017484174
  0.29312881935608431  0.30204710284428671  0.31099104955995449  0.31991150100337173
  0.32884746118370739  0.33805720081322560  0.34771519637875847  0.35724350047970743
  0.36675244984782945  0.37609249141751783  0.38539988834594702  0.39450240313025409
  0.40322280190536242  0.41201556663638189  0.42082875157932614  0.42974684351987347
  0.43879135518150647  0.44811291211261844  0.45751230476947247  0.46688764911438696
  0.47608366620936865  0.48532684695380035  0.49451263083376379  0.50367644560751101
  0.51269147370014201  0.52174759326081033  0.53104372797800958  0.54052781469364453
  0.55055903199699829  0.56107035286550266  0.57182990316271998  0.58257692122314841
  0.59311359286623078  0.60360789195846010  0.61437948045308877  0.62536436835152609
  0.63669005583852600  0.64804610364146875  0.65973397412347046  0.67165625922576500
  0.68350517838315006  0.69559570509260715  0.70775740649719754  0.72061898933209978
  0.73375435450376736  0.74722273140051776  0.76102829230070546  0.77526614975095309
  0.79004695642069567  0.80481333966849722  0.81971601927004023  0.83540009619924271
  0.85194328804082464  0.86844524715235816  0.88589759231727294  0.90453330782878061
  0.92460391625602556  0.94719969829126405  0.97258148487978269  1.00000000000000000
 -0.00230600337929176  0.00971825283719998  0.02012431832014284  0.03118119207366263
  0.04234602366860362  0.05339577996903842  0.06425599071941432  0.07431723036905488
  0.08424586652880614  0.09427156602694474  0.10456197164252028  0.11484024420948148
  0.12554684996611876  0.13704020580368106  0.14828548644335288  0.15917513949777626
  0.16959869353786708  0.18067484815457865  0.19154105683899869  0.20271263651386279
  0.21373555727098656  0.22458757869515839  0.23564853105246775  0.24671938112891378
  0.25796545494709872  0.26880889556988846  0.27994033440454014  0.29113154548562803
  0.30180743283097117  0.31266900668804321  0.32290258172401698  0.33339636296346581
  0.34349907565175480  0.35367544894142894  0.36410100376087379  0.37463853068599706
  0.38534687591017885  0.39591933989055461  0.40631358625695146  0.41653554749739669
  0.42695725673547330  0.43774470761893386  0.44855424923258341  0.45915237988821184
  0.46937393521348092  0.47979619411354885  0.49049401059410142  0.50120080647738041
  0.51192405787687345  0.52273139224873300  0.53373517680396787  0.54435861509487826
  0.55421392959472648  0.56406468988203318  0.57432783190950643  0.58491408626897767
  0.59524146602112704  0.60548912617125561  0.61589821176126480  0.62648674757761791
  0.63697923872502882  0.64741335563331737  0.65801348724919562  0.66870217051210856
  0.67932592922931345  0.68962645236412012  0.70015084028852115  0.71078078078884011
  0.72120325795574558  0.73167968309902565  0.74217986903334521  0.75284461957034254
  0.76245649276939576  0.77228395879683631  0.78240587736556733  0.79278421013178868
  0.80292665849226297  0.81290765627231087  0.82402050999935250  0.83476023655198595
  0.84512468574261046  0.85513470892665744  0.86533049763326586  0.87562107020391167
  0.88593632483549656  0.89652369767810214  0.90696722062202961  0.91770448884101408
  0.92803572864420902  0.93838640211682200  0.94835614973641558  0.95862073760264888
  0.96877924519021541  0.97926105382238615  0.98953325022255045  1.00000000000000000
 -0.01914197046399619  0.12714780693163702  0.18509537533548506  0.22519780472953826
  0.25715108161982447  0.28316924544869360  0.30678881432330862  0.32806288635598341
  0.34619949055781885  0.36242192002193307  0.37805551639170454  0.39305164849087132
  0.40755562272258483  0.42115069130249638  0.43372762033505208  0.44542241993110943
  0.45683059189144842  0.46818158039160057  0.47971791493496230  0.49097907753093950
  0.50162529286543545  0.51188179044827953  0.52200359272525931  0.53156297699566557
  0.54091694498730114  0.55002638634926093  0.55901895734228579  0.56771172525508717
  0.57622377010462811  0.58460149330886668  0.59272853456184604  0.60067577065514277
  0.60841537025463854  0.61615649959058238  0.62395174899558026  0.63171075839599722
  0.63928879487957102  0.64676100998477137  0.65432412920029970  0.66186449038703599
  0.66897555931930186  0.67576585695369673  0.68240880096363066  0.68901134761451899
  0.69543849518095202  0.70186263983317110  0.70828091953127981  0.71463836175263162
  0.72100806344815305  0.72733024238095534  0.73355612696786898  0.73966819880516943
  0.74572855461931609  0.75163379186760193  0.75770065319928936  0.76352564899766473
  0.76929243387368573  0.77507903067698047  0.78090624692441390  0.78678221979047025
  0.79266986412816742  0.79859640583485492  0.80462432225802716  0.81063587256088099
  0.81648291546735807  0.82222957431498156  0.82784278807305500  0.83349361668764177
  0.83912516645237001  0.84483582861157025  0.85040562940246012  0.85593470785910108
  0.86134694369187903  0.86677951837610234  0.87229185347488314  0.87805198904037685
  0.88405063209119095  0.89007868251341393  0.89604446250371805  0.90190911164427923
  0.90770970822935804  0.91355491448301462  0.91948881107938252  0.92556162321250457
  0.93177971532245374  0.93800636663215764  0.94413000813626546  0.95010879818661320
  0.95594847415739725  0.96184845871942959  0.96788775409104566  0.97401272816285323
  0.98029420471203355  0.98674904367312521  0.99331000407744086  1.00000000000000000
 -0.00246522893427826  0.00925032670874901  0.01907217622081032  0.02971051506823802
  0.04029915592501373  0.05106440957762212  0.06164524497025722  0.07181296257685678
  0.08232148419055864  0.09270039713874592  0.10310239758357820  0.11328888476364417
  0.12327945732676093  0.13342432579367117  0.14360298951293438  0.15439195807292613
  0.16505784280731059  0.17593626936858328  0.18660360297500145  0.19771522880012254
  0.20902433925532896  0.22003549118658344  0.23114430588257404  0.24179688270103580
  0.25217491425423372  0.26264865177697250  0.27319020857312193  0.28400079414584178
  0.29487114675668036  0.30602105971822163  0.31717848133951332  0.32867966795357156
  0.34016535904024603  0.35146119835389178  0.36216033469692832  0.37256841984952144
  0.38232697409301730  0.39174680028268621  0.40110702713078566  0.41089618729069394
  0.42128481680539970  0.43197245946152490  0.44253839879350088  0.45294834929731531
  0.46328567397255899  0.47368712509834932  0.48421815028476767  0.49467384395901903
  0.50516733290475468  0.51539807313855401  0.52562817830074204  0.53580093225967818
  0.54622469786529670  0.55651404685041028  0.56700962231777441  0.57731302563836828
  0.58758177169713144  0.59805336535008369  0.60852486022347430  0.61934070251512918
  0.63004703168823073  0.64092114710729153  0.65175159978665609  0.66286727864136852
  0.67428546762111419  0.68592883123795068  0.69665566013228108  0.70710594433398588
  0.71773010949531058  0.72839068121287676  0.73878818293306703  0.74908980465956176
  0.75974604920374122  0.77032990315963623  0.78056853579801178  0.79083524606491240
  0.80139582363072592  0.81186613702772525  0.82267448269748766  0.83325585781554112
  0.84375864264802414  0.85398897470581114  0.86429026418814070  0.87465438475595936
  0.88489331326842469  0.89493684516100969  0.90506875376448459  0.91529869202443659
  0.92585339880603634  0.93658465633162380  0.94705650340063607  0.95750248506236635
  0.96800543229775093  0.97868348525584181  0.98932791280055721  1.00000000000000000
   1.0556565762559627E-008  -1.0000000000000000     
 F F F F F F F F F F F F F F F F F F F F F F F F F F F F F F F F F F F F F F F F F F F F F F F F F F F F F F F F F F F F F F F F F F F F F F F F F F F F F F F F F F F F F F F F F F F F F F F F F F F F F F F F F F F F F F F F F F F F F F F F F F F F F F F F
  <DiscreteSampler_grid>
  grouped_processes
  1 # 1 for a reference and 2 for a running grid.
  10 # Attribute 'min_bin_probing_points' of the grid.
  1 # Attribute 'grid_mode' of the grid. 1=='default',2=='initialization'
  0.0000000000000000 # Attribute 'small_contrib_threshold' of the grid.
  0.5000000000000000 # Attribute 'damping_power' of the grid.
 # binID   n_entries weight   weight_sqr   abs_weight
    10   10   2.287478586322328E+002   1.723707114302956E+005   2.287478586322328E+002
  </DiscreteSampler_grid>
