  0.00222108725334949  0.01675287105560998  0.03044692700603761  0.04241321191584796
  0.05406641734035744  0.06573881219587281  0.07734514299157681  0.08871411996332740
  0.09984374425588713  0.11082335655570671  0.12186571546249728  0.13285390830135016
  0.14367002507342061  0.15455661022348080  0.16548987660422684  0.17628098339464465
  0.18682454181357111  0.19749150290532838  0.20811284166874594  0.21869764998664443
  0.22921686433311270  0.23992216847179809  0.25066190134870253  0.26133580230005654
  0.27196166692706863  0.28258983072883342  0.29326877255633155  0.30396173997101633
  0.31462309163630775  0.32520229040521748  0.33570362733557063  0.34625385291242144
  0.35683529390762425  0.36743825631906857  0.37795460584916996  0.38838032629664809
  0.39882095616224583  0.40940010538523353  0.41999576288141799  0.43056649045345519
  0.44108849079679163  0.45157682626907975  0.46204824924392873  0.47244303516194386
  0.48289288938980302  0.49341845398108103  0.50397767353865464  0.51448592904745960
  0.52490267394011869  0.53531904697206811  0.54570863263085490  0.55603828291520052
  0.56635300919730647  0.57664916058926718  0.58687609136642249  0.59710831699268774
  0.60738960478316073  0.61760830421176649  0.62772825084197259  0.63774735603219590
  0.64768504772448365  0.65765304646925382  0.66781314170424744  0.67821214232146698
  0.68865963879043335  0.69898417683336922  0.70923545922217168  0.71946276667400078
  0.72968427870959252  0.73998324305006269  0.75038738239377922  0.76083179862189065
  0.77118577655275289  0.78143893516054774  0.79166047598088685  0.80189359064346055
  0.81206031731886608  0.82217998535751657  0.83230984188133805  0.84247698434493812
  0.85260032548010589  0.86262064951541984  0.87257488217790047  0.88250925733685714
  0.89246616814578594  0.90243662730260055  0.91236253846379234  0.92230744665960551
  0.93222566201181012  0.94207835289983899  0.95169397959422697  0.96093431910991567
  0.96990655080840449  0.97827827109718335  0.98671098459631368  1.00000000000000000
  0.00233024453245635  0.01641095417868351  0.03000317141796645  0.04158197595977405
  0.05290894676435140  0.06399255906405432  0.07519201864817036  0.08636115806953773
  0.09754449419599059  0.10851158724809684  0.11957380347962733  0.13061685239420284
  0.14160607959510252  0.15246839620045444  0.16331496219122568  0.17419657898223628
  0.18508925792325343  0.19590932403487443  0.20670936330454359  0.21747441383523264
  0.22820938450603298  0.23888983070211606  0.24954889063634067  0.26017910972823305
  0.27080345797818128  0.28141530423229699  0.29201645878360888  0.30253671102212637
  0.31300950134111155  0.32340770130803370  0.33380065364750522  0.34420905498236593
  0.35463922745674803  0.36508552195424454  0.37557379998112561  0.38618429519494463
  0.39684265370635768  0.40750141607387624  0.41807500919246371  0.42858802843268651
  0.43909238673401585  0.44956015735593885  0.46002154680902974  0.47046895226508562
  0.48093329448397854  0.49142928436160338  0.50187418236373638  0.51224469872570433
  0.52263788323370208  0.53312354846788501  0.54358131970997137  0.55398878409681784
  0.56444043884884476  0.57508160846435763  0.58570804502288232  0.59624204793308644
  0.60677882559500429  0.61731884296976436  0.62789112211547193  0.63848788180981908
  0.64913057435878563  0.65976439613671167  0.67034902773502691  0.68090287230891822
  0.69142778535434835  0.70183881186722619  0.71208597649037209  0.72228235653852557
  0.73251623943606847  0.74282067429506249  0.75307502565071238  0.76328890919775449
  0.77350747476811688  0.78376802599248518  0.79397870750127242  0.80409279429712488
  0.81417711131030857  0.82432717089139862  0.83450779040423939  0.84464011908546111
  0.85468608905882226  0.86466508547561227  0.87460862351775726  0.88456131303433538
  0.89457024066550617  0.90462785302414217  0.91463190033213859  0.92450409984289850
  0.93424840599717984  0.94390410753872744  0.95344743081961847  0.96274168536277727
  0.97166202527112566  0.97989914813249746  0.98821685135720128  1.00000000000000000
  0.00745605949614980  0.00939547040292925  0.01059638623532048  0.01164423791868695
  0.01269545592826726  0.01380622325120834  0.01497515585706602  0.01614933208727177
  0.01732493844668842  0.01851382891576415  0.01972449102377876  0.02095402077237961
  0.02222379920425079  0.02368913734443233  0.02500675437580622  0.02599365565597239
  0.02696454282597392  0.02805767517342305  0.02924550580743250  0.03047072287689738
  0.03172942182688820  0.03302182681983601  0.03433642123111261  0.03566760923512028
  0.03702767689985995  0.03842714859820646  0.03984797242382034  0.04128751018289190
  0.04276828272789202  0.04430774055565224  0.04590099579703701  0.04755430954347888
  0.04926253292190822  0.05102334076840136  0.05284175239869184  0.05471664295449803
  0.05667479458040069  0.05869741031313422  0.06077568523522139  0.06292778683815718
  0.06516647188935187  0.06750002236278681  0.06992945976503995  0.07246215790566619
  0.07507288590759521  0.07775974023563495  0.08053976982046561  0.08344573123859821
  0.08647856558436813  0.08958743294675213  0.09280601443040817  0.09613542407005933
  0.09961404450069088  0.10325051958128112  0.10703074363496717  0.11096299531217758
  0.11505325690385389  0.11932843027045575  0.12377995650980976  0.12844844220528293
  0.13331701274709737  0.13837119041721863  0.14361823489820963  0.14915324320409851
  0.15501438530356185  0.16118085934227064  0.16757958049433938  0.17428426687496562
  0.18131581229579055  0.18871909052603064  0.19648974331803512  0.20474155715649942
  0.21355434690333577  0.22294793754410772  0.23285629767315322  0.24330249325793324
  0.25430312614581607  0.26593826392190750  0.27837871599853681  0.29175293332149149
  0.30611987351057601  0.32155504753261821  0.33836183035898937  0.35658943016123507
  0.37628083799206413  0.39771266764407770  0.42133984177461958  0.44735672652508307
  0.47624713729129675  0.50889339714667214  0.54656175721758593  0.59114752110624058
  0.64774597431015957  0.72080774282603999  0.84639008015365547  1.00000000000000000
 -0.00104170202955191  0.00398201768077872  0.00931941599305757  0.01451666643759015
  0.01981798008852627  0.02516687091758988  0.03056364846852179  0.03601730130412874
  0.04148427119923572  0.04695531730466511  0.05244196024834685  0.05798964756041963
  0.06360799740246312  0.06928205080578577  0.07498911538258277  0.08068899192766125
  0.08636614853493811  0.09202399454925572  0.09768674668721572  0.10339175880355932
  0.10918312493433509  0.11508911410699049  0.12109889839872605  0.12717466209929601
  0.13329128738382576  0.13944808023848101  0.14563633928941505  0.15189103091116909
  0.15821569127726484  0.16458055085878814  0.17104069357427876  0.17760617155766667
  0.18426488740785033  0.19095265485982643  0.19766992016531618  0.20441065088210542
  0.21117802554682041  0.21793938272524882  0.22475499597770199  0.23171047357865149
  0.23885055784204706  0.24607893311136858  0.25325570351185905  0.26041300719432420
  0.26762075722805823  0.27496614591696789  0.28256559811577348  0.29021713193324111
  0.29789684781487635  0.30562658501507112  0.31336463250269070  0.32111249851693974
  0.32896887531980895  0.33705513571177759  0.34528922147220142  0.35362225250516705
  0.36208721233397539  0.37069795045588000  0.37947585746589618  0.38843464338031974
  0.39758056206854614  0.40684936269224814  0.41620746321392826  0.42560887818230597
  0.43512082403908475  0.44488948420160940  0.45486771418855604  0.46495953423470032
  0.47511323434230890  0.48542656118408756  0.49598299969900467  0.50677699392302633
  0.51791827228988008  0.52928468656844263  0.54088078088004299  0.55275885522895041
  0.56504536386150084  0.57778786594209908  0.59097070147523079  0.60460281628296819
  0.61863293273693898  0.63302931202661816  0.64777257878451844  0.66318308166198137
  0.67941538320093386  0.69648845460207776  0.71438470830108258  0.73316636323625584
  0.75305232831853608  0.77463820289519336  0.79828508109593732  0.82414599665574240
  0.85319805063460785  0.88763012200692848  0.93337356555859474  1.00000000000000000
 -0.00231156750475220  0.00917593781320576  0.01931366768364905  0.02993847594340829
  0.04067858771494675  0.05132600978798984  0.06205618931196798  0.07259253559235788
  0.08315433893907535  0.09342459596745831  0.10384728181300253  0.11430753609041881
  0.12466382116405807  0.13503900119189116  0.14536965587340014  0.15603757991655279
  0.16674007719618422  0.17708437876184926  0.18760101188077022  0.19807580202847719
  0.20863102415182813  0.21908224086868630  0.22939788394174834  0.23999267600844215
  0.25062345555826820  0.26127052922830107  0.27213723083286900  0.28220549225434066
  0.29245001911942692  0.30278638455341356  0.31352948494314742  0.32398693996323807
  0.33447933328865903  0.34502356779151094  0.35556060606883666  0.36626132124730104
  0.37688576519310729  0.38759174064700769  0.39802425248236423  0.40864478823922989
  0.41899022689232757  0.42961439370254473  0.44010797451138145  0.45097604986233891
  0.46159210121227101  0.47227408421706335  0.48277896311327884  0.49345179343313544
  0.50396777412696114  0.51449187582099576  0.52508780306328362  0.53577682672296256
  0.54629432634594211  0.55682584777566058  0.56735658057635019  0.57793010422711777
  0.58853915362212150  0.59909853594668905  0.60973255286796957  0.62052044930164652
  0.63098904315652671  0.64145361982160276  0.65183161199744855  0.66240552436425226
  0.67286266521975280  0.68318065731690980  0.69369441632966089  0.70426840651648970
  0.71482723696069439  0.72518732146160514  0.73597572451344195  0.74645845141488720
  0.75692728693479150  0.76729003671831264  0.77781645538430777  0.78866985324998340
  0.79939326304200453  0.81022253530259603  0.82086254270228876  0.83143118478672196
  0.84187902494864630  0.85242090032915141  0.86278529990005892  0.87349000119146214
  0.88398493188322724  0.89441687641798873  0.90476499993400838  0.91543988122666398
  0.92606687358625428  0.93666809803880147  0.94714262768303881  0.95766973971952774
  0.96828326275266186  0.97868396487610043  0.98939095212488481  1.00000000000000000
 -0.01415789232526283  0.06359321075455149  0.10931506683920458  0.14477865258211592
  0.17442085357077788  0.20049172390655015  0.22391252260968969  0.24535874968276536
  0.26527540994964083  0.28388414125883704  0.30148488762363329  0.31834581782416299
  0.33460456605712458  0.35028132536569762  0.36530778949957554  0.37962704584950918
  0.39338053433266351  0.40671082792536356  0.41974429356972653  0.43238619371493003
  0.44472496460207472  0.45675678963215721  0.46855105674995345  0.48004304895317218
  0.49126189106362883  0.50224419450339719  0.51300050654186402  0.52352717305800689
  0.53384694820177769  0.54390385675398456  0.55370354035564673  0.56340470011682542
  0.57303621830600326  0.58251882050285331  0.59172231591656366  0.60063391267763833
  0.60949614874028302  0.61848225063611295  0.62737967234213310  0.63609097843394824
  0.64457734781633769  0.65282133031137735  0.66099597295741919  0.66911144184990379
  0.67718852751534320  0.68516207106533877  0.69303747435754115  0.70087443937056293
  0.70854618835911631  0.71607193448406803  0.72348867667893413  0.73087949326872181
  0.73827919179716051  0.74562564891799143  0.75286497186299484  0.75999718770499869
  0.76701011441741618  0.77392281506951011  0.78078228487943402  0.78760542790921961
  0.79437876928401008  0.80108592846169080  0.80774111347033928  0.81433736770427834
  0.82089263730072382  0.82740474020749877  0.83383488840067199  0.84015607128013514
  0.84638530117264521  0.85257136061905858  0.85873791492245366  0.86486496694549753
  0.87096711008079530  0.87706413694018270  0.88310779495073644  0.88908963038008015
  0.89504609413660663  0.90095802392763158  0.90681630207095154  0.91263466153569051
  0.91839622625127781  0.92409062637186845  0.92973936132671198  0.93536308989274053
  0.94094382747234595  0.94650099242169761  0.95204416622608612  0.95753052945215889
  0.96294199566136529  0.96831394006310745  0.97369955722152213  0.97907051638440912
  0.98437699262127354  0.98959251620447186  0.99479075753842550  1.00000000000000000
 -0.00219217010345724  0.00889648651249772  0.01880854362998378  0.02922685780619486
  0.03978875425050675  0.05032336515971453  0.06083311748366593  0.07142348380855867
  0.08219790041630023  0.09276837557682929  0.10337218074276001  0.11371043924458764
  0.12392673760169595  0.13408323038817788  0.14420192239903373  0.15444597349339065
  0.16468793751504840  0.17496004524436731  0.18544929336197788  0.19597077658243295
  0.20656693553660568  0.21713109274291126  0.22776042990212314  0.23833413667329709
  0.24876409675658545  0.25913649729384974  0.26950681370549101  0.27997294870895040
  0.29061085734720044  0.30135432717561034  0.31213363571794228  0.32281330672904873
  0.33335247489354347  0.34373332882152685  0.35425795730222598  0.36483191504920914
  0.37566158284538242  0.38622111357208211  0.39688722478703420  0.40753334514750972
  0.41829715892692365  0.42906591114077797  0.43977415009535903  0.45040252272030956
  0.46079035366732390  0.47113002862726527  0.48156170036587304  0.49207452694152631
  0.50263344998937742  0.51319804441591188  0.52387159550158291  0.53464529135811723
  0.54530061004302122  0.55596169924599714  0.56672866971035485  0.57747393480273990
  0.58825195688969267  0.59894945438247393  0.60990347791746846  0.62046736106265987
  0.63106960895924513  0.64122963237477137  0.65158945939992230  0.66185145130169587
  0.67226957888398042  0.68269391961776404  0.69309578348579870  0.70358837861172541
  0.71396145646989739  0.72442729988472820  0.73488997404921796  0.74558999334737197
  0.75617118136462258  0.76668512050577076  0.77719596042076367  0.78777153234113595
  0.79833286802986458  0.80883301311796973  0.81939654841762732  0.82989800755804466
  0.84042223104551983  0.85098781883703734  0.86170002183857208  0.87226224776618300
  0.88277707671753136  0.89325711794121410  0.90391908889350125  0.91455528050215684
  0.92535009253897349  0.93612134697912375  0.94683566972182720  0.95787598266738760
  0.96858151275042259  0.97928025682853903  0.98969011398077789  1.00000000000000000
 -0.00224007261798616  0.00900772943988248  0.01874520443937423  0.02958623942842593
  0.04020659781992008  0.05094861308521113  0.06170597842420276  0.07236910020218400
  0.08299649669266121  0.09348265561374841  0.10401752999447091  0.11456104025844240
  0.12523833441743823  0.13587127055542625  0.14658239459307193  0.15728962612687675
  0.16807340337448237  0.17871207708164855  0.18939279260589906  0.20010682760754378
  0.21077165970069428  0.22132004135684519  0.23181677375156345  0.24236503734819756
  0.25292756508942138  0.26350407671172715  0.27415167494155751  0.28492146095374604
  0.29550978829245367  0.30603757803328385  0.31645844975638049  0.32690700127394928
  0.33746160060197222  0.34823077619632509  0.35875053298228332  0.36913194564113028
  0.37949897421078066  0.38993294073890228  0.40042112655821804  0.41084135815870187
  0.42153194149779877  0.43237766301000152  0.44292643819072464  0.45336723440778559
  0.46382117620919422  0.47403016316824798  0.48441361400244587  0.49463171455088806
  0.50526609699587111  0.51588674056782369  0.52638441340920605  0.53692711287286676
  0.54733923436563348  0.55803817582809179  0.56865602123652659  0.57956144403564536
  0.59019750057325326  0.60065605903203356  0.61115780645972706  0.62157094044672978
  0.63203326954566130  0.64243555935593688  0.65293586773893686  0.66358221986063493
  0.67419241298910793  0.68456093661168826  0.69527547803133372  0.70589906527706825
  0.71672894499002604  0.72737906444578859  0.73785076199318111  0.74851253818285290
  0.75883629165952027  0.76923125944812787  0.77955785420105983  0.78975060748073433
  0.80013833201146600  0.81054635029831468  0.82128770791848271  0.83196300257080336
  0.84254381860310412  0.85284102453905564  0.86296351793606230  0.87318925122894642
  0.88380273133119192  0.89454769509377241  0.90488306046191225  0.91529985682548665
  0.92589916789839011  0.93673880715054203  0.94740616985071713  0.95802065823117222
  0.96853090445761070  0.97912115272839151  0.98950062406573092  1.00000000000000000
   6.6690542707382709E-008  -1.0000000000000000     
 F F F F F F F F F F F F F F F F F F F F F F F F F F F F F F F F F F F F F F F F F F F F F F F F F F F F F F F F F F F F F F F F F F F F F F F F F F F F F F F F F F F F F F F F F F F F F F F F F F F F F F F F F F F F F F F F F F F F F F F F F F F F F F F F
  <DiscreteSampler_grid>
  grouped_processes
  1 # 1 for a reference and 2 for a running grid.
  10 # Attribute 'min_bin_probing_points' of the grid.
  1 # Attribute 'grid_mode' of the grid. 1=='default',2=='initialization'
  0.0000000000000000 # Attribute 'small_contrib_threshold' of the grid.
  0.5000000000000000 # Attribute 'damping_power' of the grid.
 # binID   n_entries weight   weight_sqr   abs_weight
    10   10   5.081047759391098E+003   6.132397335823121E+007   5.081047759391098E+003
  </DiscreteSampler_grid>
