  0.00254933440473194  0.01577052741703218  0.02899797954068303  0.04067865040878319
  0.05212918610839497  0.06334381206879665  0.07454856831613935  0.08568128651967433
  0.09684489642724739  0.10790666113690064  0.11891422626254369  0.12987212452010102
  0.14066213320116244  0.15133537158292473  0.16204594443801271  0.17271190765949954
  0.18340431923848338  0.19407731801569600  0.20487074700203020  0.21567090868262004
  0.22648480575847568  0.23727451031393146  0.24805316593172849  0.25889079295588407
  0.26977172974295399  0.28067199047678992  0.29138288884541935  0.30191311878238231
  0.31241303178676061  0.32287960946777944  0.33341387263979189  0.34395154885948059
  0.35449261553276451  0.36487037064039507  0.37516047132874086  0.38552122719093490
  0.39601982624352816  0.40648082902455546  0.41695534999544587  0.42750690177678613
  0.43817760796160637  0.44871015760548127  0.45910138601239564  0.46953500964817851
  0.48007616707902634  0.49061273653471515  0.50107142887255318  0.51154284211400280
  0.52203184402344360  0.53255491415153955  0.54311997110681876  0.55375492788387892
  0.56428308799600790  0.57455205719150437  0.58465638610426374  0.59464310477033189
  0.60457701332745339  0.61451551794505543  0.62456002032650992  0.63484943523194515
  0.64534511253678040  0.65582225196923016  0.66618677963342721  0.67649014505700089
  0.68682728116417724  0.69720014775069827  0.70757737052758141  0.71794335346616389
  0.72831919976501747  0.73869332264612597  0.74907287895493579  0.75944545702016342
  0.76977882804166486  0.78007574809412283  0.79036621136485563  0.80071963937063573
  0.81117677162914059  0.82165669046912326  0.83205099362581214  0.84228257951276142
  0.85243113432883788  0.86258449329309395  0.87280715086700444  0.88307418096086732
  0.89332238662203334  0.90344275616182135  0.91342575578515695  0.92333419655641591
  0.93315135972245911  0.94283038222511328  0.95221320729764070  0.96138218614024740
  0.97029344094747716  0.97858768033306254  0.98686920736574191  1.00000000000000000
  0.00252815315605763  0.01596386535025128  0.02945233617038393  0.04183341809082297
  0.05365712689170100  0.06511757474810365  0.07640637060555604  0.08754557241079529
  0.09872109861610864  0.10988075549000885  0.12101147604791251  0.13201803512890431
  0.14294373894889492  0.15387625124465515  0.16490046671320865  0.17603629718495878
  0.18712366153453225  0.19797627896119685  0.20872202218587319  0.21946048549091540
  0.23015743037049724  0.24092359504261077  0.25181958413759242  0.26273847529673805
  0.27346541580132394  0.28396172245032425  0.29445039311557741  0.30498855741382036
  0.31553330583310768  0.32612161884385249  0.33683873432275452  0.34765701905207941
  0.35840761009153688  0.36910527142338567  0.37985991940709396  0.39066432093244657
  0.40137128170896430  0.41196300187208379  0.42251477029536494  0.43305348456783210
  0.44358699830444076  0.45413589465345255  0.46481620716660332  0.47554507080117614
  0.48631398899049083  0.49704152499310056  0.50771525571033815  0.51824389635623214
  0.52872722003129058  0.53925921492890494  0.54988353736650852  0.56052106877458241
  0.57113287453382722  0.58166746767091793  0.59212054382959256  0.60254319196969663
  0.61295011802032062  0.62338955173248345  0.63385977697647899  0.64434711762713104
  0.65494452293289174  0.66568825292607381  0.67661004420749071  0.68752708676032903
  0.69827188933835060  0.70880184483527875  0.71912864944858024  0.72945867144438670
  0.73987006765366758  0.75033519054957365  0.76083355809643283  0.77131605140393344
  0.78187517913366200  0.79231565691589101  0.80273174783841517  0.81310138549186584
  0.82350342580389146  0.83381322821929071  0.84406788587866799  0.85433646647122063
  0.86465023506868388  0.87493589220192980  0.88498251564095942  0.89489564790641485
  0.90481852991400868  0.91465342527285542  0.92438393437818744  0.93397880960292790
  0.94359808585257554  0.95309205777173156  0.96234172804220541  0.97119078291923355
  0.97942636268418271  0.98665775156515989  0.99354179756555594  1.00000000000000000
  0.00508119421299882  0.00656799205136848  0.00771598450636493  0.00872799016432826
  0.00980142381258765  0.01088192672450779  0.01201859919194191  0.01322174439541080
  0.01444136167531671  0.01566036600895325  0.01689151409788726  0.01814188596774521
  0.01941483002914873  0.02072981294128107  0.02212485584671234  0.02357872044450210
  0.02487701917501445  0.02592345952063770  0.02692742917365766  0.02806212122794066
  0.02930829426118423  0.03059890972998213  0.03190308821924061  0.03322156056634713
  0.03455619824420793  0.03593407727453093  0.03735507188556135  0.03880232309376644
  0.04027415296984943  0.04178299743690838  0.04334587824795152  0.04495811869985945
  0.04663863606158838  0.04837161150463089  0.05016961471063452  0.05202937256552068
  0.05396036796850146  0.05595268128002948  0.05800179995015854  0.06012228686278272
  0.06231252437755966  0.06456611398869211  0.06690961741194702  0.06934658250427379
  0.07188836993314450  0.07450962195128129  0.07722778553867433  0.08006407799715384
  0.08301190471857482  0.08609924239638407  0.08930907683788751  0.09262395557185547
  0.09603932532031371  0.09959022609549661  0.10331294275849344  0.10721278263656923
  0.11130445961498343  0.11557590073208160  0.11999408000525179  0.12452704499254687
  0.12931244695154759  0.13434838359082504  0.13965952570472362  0.14518740789943232
  0.15097693674268112  0.15699033867367307  0.16336308199910532  0.17013769530170189
  0.17723253375782130  0.18470783966044979  0.19252202163814031  0.20082500382229848
  0.20950683270003692  0.21878550113775275  0.22861032971855949  0.23903633441143188
  0.25007858308337705  0.26194207034620343  0.27467972758080272  0.28820906152915177
  0.30266290537648471  0.31833916429195092  0.33535069722259819  0.35371739372520250
  0.37363655562901421  0.39542603240109631  0.41942483716798212  0.44586448666501066
  0.47557744869009977  0.50981379122667714  0.54926388557009542  0.59597236283710353
  0.65547299512287460  0.74755885886328255  0.86130660047744056  1.00000000000000000
 -0.00107301469156436  0.00408366044074367  0.00934084625376728  0.01455451580421446
  0.01984750578687229  0.02515572421462356  0.03048144553311785  0.03586235195003581
  0.04133494790620543  0.04690109537088414  0.05253233207288743  0.05818676382074466
  0.06383980715795509  0.06952362588651409  0.07522963238353389  0.08097620783080091
  0.08679420115366637  0.09265616917745904  0.09854507164918283  0.10448841240041194
  0.11049790725576888  0.11657522594082223  0.12268530911960658  0.12878884650810171
  0.13489872734485595  0.14103006850003555  0.14722142185494944  0.15345038126779789
  0.15972861735533803  0.16602129667851559  0.17234423556569867  0.17873171592824438
  0.18520227064108835  0.19177630058875531  0.19844550147531237  0.20519714529053334
  0.21199806171245789  0.21886205831663863  0.22575865935661729  0.23274245521557668
  0.23976120384467664  0.24690854666895848  0.25409486522300845  0.26132173744419523
  0.26855521073121680  0.27595528687253718  0.28347775850340401  0.29107763150038918
  0.29869723309945678  0.30652759284325165  0.31447379385551022  0.32247453193792763
  0.33044481843421003  0.33848044709071329  0.34663235634801043  0.35493850704473884
  0.36333932189106477  0.37184460592679908  0.38049570913227920  0.38924214377356892
  0.39806710514106014  0.40699387585959496  0.41613930215437389  0.42558410635564681
  0.43529686896548159  0.44517240624246640  0.45518158126596353  0.46532709379031362
  0.47570231752567066  0.48634505070299910  0.49711104473304080  0.50802461978258473
  0.51910605895915396  0.53043082124065455  0.54186465862573352  0.55353240701490247
  0.56563794337012430  0.57807764113442595  0.59095443902356082  0.60425880377025165
  0.61808766461260722  0.63242116144238947  0.64728933434923441  0.66276966729339526
  0.67887025793888534  0.69578128248130944  0.71368743294889614  0.73257805048118285
  0.75260047271670105  0.77421946839128830  0.79813575570983208  0.82440590911208966
  0.85351764112846296  0.88791838923153599  0.93346848693000850  1.00000000000000000
 -0.00238460099546764  0.00930716808231406  0.01936541813953328  0.03031346026988552
  0.04089281033337373  0.05154555677987184  0.06211395045325193  0.07277478765476195
  0.08352670182950267  0.09409182213671428  0.10459191706260676  0.11509638038285483
  0.12561209702672410  0.13622272279917327  0.14687046854353827  0.15740713403589149
  0.16798194303786115  0.17845894673821697  0.18896965559964160  0.19948801623504087
  0.21000730682720006  0.22079188292441351  0.23143814185447631  0.24212112729390442
  0.25269235957580938  0.26354723447920592  0.27416678115957777  0.28467419455025694
  0.29510976152958107  0.30558212946909702  0.31592940896689070  0.32629749209180908
  0.33677811668340640  0.34742987135901904  0.35787350614769398  0.36844528234189716
  0.37873591165266324  0.38887314570979625  0.39897681372481658  0.40936503374796340
  0.41959727747639985  0.42985394649731962  0.44015309706105898  0.45081208384766708
  0.46126631225690656  0.47175688850536834  0.48229753654468882  0.49309877569041638
  0.50378855737197392  0.51456370428855835  0.52518111682725088  0.53567672841861813
  0.54629641522002270  0.55695928698635688  0.56777891370368827  0.57847238942067392
  0.58894687138895396  0.59943869397666361  0.60971385883071960  0.62022379959314822
  0.63055547528191958  0.64126852539040646  0.65179917654899278  0.66254948758333654
  0.67320887267672225  0.68406969409547347  0.69463247680375340  0.70548204043531426
  0.71568602771217060  0.72611410277978139  0.73632382453334877  0.74674071820828181
  0.75715752838794359  0.76748196664494805  0.77782156253296519  0.78823313357617086
  0.79860503910575020  0.80935412992032962  0.81988864411218543  0.83073705882059579
  0.84118315198722160  0.85208133271532494  0.86256677071351984  0.87329293211742698
  0.88363602413106856  0.89418160421574788  0.90485126170933439  0.91538057829325215
  0.92603931280645457  0.93667284773207182  0.94741441378234403  0.95791321565108933
  0.96851439705287468  0.97901250801763262  0.98958952502779129  1.00000000000000000
 -0.01430315044213749  0.06405120556482613  0.10967422475766214  0.14446923177772877
  0.17389111715668845  0.19988917241400614  0.22335704613823254  0.24503084351113985
  0.26514539112516378  0.28376070578486989  0.30116190396692932  0.31777996775968642
  0.33376498100706781  0.34918503053367322  0.36406341950004323  0.37845528092358133
  0.39228851213871274  0.40563366535721135  0.41861766826761132  0.43144199066216071
  0.44394679188123676  0.45615572896957340  0.46786758194550010  0.47929284207176459
  0.49038595753798575  0.50122800076011198  0.51183195074295451  0.52224632062293430
  0.53251595474461566  0.54256230930491878  0.55241987238730728  0.56206889674277505
  0.57154066889033739  0.58087070453518364  0.58995728253251811  0.59882790843180922
  0.60755734238661496  0.61611781355396944  0.62456992208719009  0.63292922456243761
  0.64118942111117727  0.64942478537554116  0.65762393027930643  0.66578610837227881
  0.67389622111969161  0.68198810054092440  0.69000406791414803  0.69790919041534927
  0.70569620170560154  0.71342156419288594  0.72112314682518752  0.72873337595896570
  0.73623114713507976  0.74361416363894239  0.75086988285846690  0.75797602564575650
  0.76501061014552263  0.77199198330547314  0.77888682619202465  0.78571631890564086
  0.79246248476399306  0.79915752645869642  0.80578230785929783  0.81237280229763820
  0.81894045538046500  0.82550164403925341  0.83201441476382920  0.83840404644515520
  0.84466607734030619  0.85089487355413451  0.85712539601659610  0.86331710537889772
  0.86945361904782081  0.87554823210520549  0.88160504982642740  0.88762292440791113
  0.89361635216631397  0.89959153175551176  0.90553335773395405  0.91143534199757503
  0.91728887943380211  0.92307312107955153  0.92878738712998199  0.93445846171102787
  0.94011629930610441  0.94575197655188969  0.95135860268498029  0.95695303310564250
  0.96250442723552021  0.96799180419721742  0.97344947928296099  0.97888546016238565
  0.98424296181819615  0.98952436267852661  0.99477918726731718  1.00000000000000000
 -0.00224034873198555  0.00893884705369664  0.01886292490129707  0.02937157425744256
  0.03988779939161281  0.05029318648269135  0.06090754494984421  0.07131093531174329
  0.08171780741422707  0.09212139061089356  0.10248685380823248  0.11298828815666856
  0.12334248357457256  0.13398612602208732  0.14458436302260530  0.15491424268757034
  0.16547654249530022  0.17599172194559154  0.18656918179728815  0.19731731913646913
  0.20780514550492374  0.21860604340478001  0.22924199490005392  0.23990737306761950
  0.25031418262049276  0.26074755335034000  0.27112851509176378  0.28158889317390184
  0.29198731551071072  0.30276390827075544  0.31338536675117129  0.32377212431131558
  0.33409112988880396  0.34447090468698305  0.35496276298776441  0.36540660816661513
  0.37564420202599391  0.38621588923827865  0.39682113921028567  0.40724280770831478
  0.41775126878909469  0.42826451498823559  0.43883188896939856  0.44928772647036647
  0.45997390836448615  0.47067495969688400  0.48138925971671120  0.49177005337140894
  0.50246119508020393  0.51284670904597685  0.52341818390443917  0.53392897531820027
  0.54477264467005337  0.55498955868332456  0.56544648739799419  0.57564442206440791
  0.58622063151449566  0.59674344426686987  0.60711637512295147  0.61771191622422505
  0.62815566603909556  0.63879145472775600  0.64943973077287132  0.66012600444265568
  0.67072862431378366  0.68116255595394970  0.69172616444634583  0.70241681650391097
  0.71306944497597158  0.72357266949453947  0.73403344079552935  0.74466676340775473
  0.75528347656190387  0.76616730056458027  0.77694569883499875  0.78757449252772982
  0.79804026900830460  0.80846367999878987  0.81883532114319346  0.82924272594450965
  0.83968434987274299  0.85019242209636126  0.86071392340835939  0.87145775854222862
  0.88217745230745048  0.89288932574308544  0.90355716165945688  0.91418963399924535
  0.92487709010178909  0.93558827708250913  0.94638505881509838  0.95704307669722077
  0.96760598215903104  0.97841493414804370  0.98912946164491078  1.00000000000000000
 -0.00238607792973199  0.00929710704403179  0.01960614086219077  0.03023633574723480
  0.04078774166219049  0.05137889186652214  0.06178838489094333  0.07210496737280350
  0.08244225429141441  0.09308003624134313  0.10392051124506790  0.11463798013146258
  0.12528325537801441  0.13576541228157668  0.14649373862299589  0.15729408162598635
  0.16806924385868621  0.17864667256162836  0.18914409670320037  0.19952302446673198
  0.20977556328220892  0.21992049846818074  0.23029156830905032  0.24089136802757563
  0.25153956390022014  0.26212865948237762  0.27278262090229433  0.28343085036894289
  0.29406067175103234  0.30458090936569404  0.31511541222638756  0.32558611659469072
  0.33591665048443270  0.34638844212197056  0.35674281260677276  0.36726337410909571
  0.37757422417416747  0.38804887966927010  0.39843626825141093  0.40878307173763251
  0.41929776772699390  0.42981036381414606  0.44036819333982391  0.45068073931397662
  0.46084290649997350  0.47133597021245621  0.48182758551062832  0.49241173309012265
  0.50314624294344468  0.51383263205705643  0.52453221804843564  0.53529608605825729
  0.54599243314105517  0.55679593246300463  0.56738467404774529  0.57803155102293902
  0.58876296419071816  0.59935842767486358  0.60991087384624887  0.62030464337449820
  0.63090171605988676  0.64149807164912853  0.65212017834409752  0.66269741386379810
  0.67343163645136106  0.68413151302231145  0.69492531883148634  0.70568164321850058
  0.71624662808655348  0.72670790626469628  0.73712216516235352  0.74762509291162882
  0.75810291761775073  0.76838086055790311  0.77869489891667643  0.78900224670434926
  0.79950611092383395  0.80996040712370354  0.82049973194177106  0.83093436830354139
  0.84148862998649987  0.85216638595318150  0.86287509376263316  0.87348576793572175
  0.88400388541094521  0.89443931164203760  0.90517875964658323  0.91596567275750951
  0.92656142483870851  0.93697290793617138  0.94755692704128269  0.95815424299111651
  0.96864545622756015  0.97906854131166765  0.98961816607868769  1.00000000000000000
   6.6602418751918794E-008  -1.0000000000000000     
 F F F F F F F F F F F F F F F F F F F F F F F F F F F F F F F F F F F F F F F F F F F F F F F F F F F F F F F F F F F F F F F F F F F F F F F F F F F F F F F F F F F F F F F F F F F F F F F F F F F F F F F F F F F F F F F F F F F F F F F F F F F F F F F F
  <DiscreteSampler_grid>
  grouped_processes
  1 # 1 for a reference and 2 for a running grid.
  10 # Attribute 'min_bin_probing_points' of the grid.
  1 # Attribute 'grid_mode' of the grid. 1=='default',2=='initialization'
  0.0000000000000000 # Attribute 'small_contrib_threshold' of the grid.
  0.5000000000000000 # Attribute 'damping_power' of the grid.
 # binID   n_entries weight   weight_sqr   abs_weight
    10   10   6.599309638037815E+004   9.942824550065231E+009   6.599309638037815E+004
  </DiscreteSampler_grid>
