  0.00276179907065680  0.01587806435730149  0.02959874849848292  0.04211922572301019
  0.05410945349447756  0.06594803938098739  0.07795755562277905  0.09003612417199580
  0.10193007448978227  0.11323207973859811  0.12412539793412591  0.13484624676919735
  0.14571540328600291  0.15679190798592324  0.16800600841905397  0.17924839253639976
  0.19042997530166664  0.20148074127732421  0.21227521501202423  0.22286173992548741
  0.23358260202034808  0.24452330846463510  0.25529188010986614  0.26584095945758834
  0.27642296708236758  0.28705164058817795  0.29757715111465322  0.30827042864890492
  0.31932684635997527  0.33044431378543659  0.34108814265536369  0.35129657216518223
  0.36149671346587164  0.37188306938253174  0.38245747209272318  0.39315016349042670
  0.40389445654458217  0.41446458201273112  0.42487549060722940  0.43517979165435683
  0.44568521955606971  0.45631589824009133  0.46706258321801142  0.47779377826762925
  0.48829070960371468  0.49844816820043925  0.50844927000747109  0.51869017767733550
  0.52928120668252143  0.54002109055525693  0.55065810330221376  0.56134064458695976
  0.57226127476140487  0.58332274811369966  0.59436753892205163  0.60531632281159775
  0.61623320671158544  0.62697312123377436  0.63747828784443372  0.64794383727024873
  0.65841226139969666  0.66876106269045454  0.67889374552492932  0.68911978065436896
  0.69942986872872859  0.70997342284546616  0.72042857999874643  0.73109115089805843
  0.74190392526785853  0.75253164771268255  0.76278196254357988  0.77267737620998367
  0.78282179306209343  0.79284117147619826  0.80294133252002209  0.81297716955594745
  0.82316050498434934  0.83325264456765180  0.84320666438449754  0.85301963664746439
  0.86281097268723872  0.87226810619180895  0.88168765904328539  0.89109949593781890
  0.90060264234729281  0.91008676163613711  0.91956684044698589  0.92920407455627596
  0.93868052952514536  0.94803301128557249  0.95727490938215898  0.96656702348189871
  0.97552477761787382  0.98398459672673588  0.99211560598172499  1.00000000000000000
  0.00240825902274105  0.01665338557676675  0.03088189520193933  0.04334643516333814
  0.05491004246423888  0.06603243792845390  0.07702894645483130  0.08794591136017257
  0.09889371678615974  0.10995502192815274  0.12103277404819104  0.13213040515953406
  0.14335404186628761  0.15444348970654598  0.16530433642795120  0.17606565511482494
  0.18678362574019869  0.19757799530588710  0.20832696970091072  0.21912974181766248
  0.22995897133139781  0.24053883999880732  0.25112015457270137  0.26145272341189824
  0.27178354036437713  0.28225335546017144  0.29281690074170136  0.30356745804032637
  0.31434147021233533  0.32519021755029287  0.33596705983706182  0.34657770865154525
  0.35709220261393271  0.36765159633960143  0.37835769307465750  0.38905847082485812
  0.39976800246873057  0.41056862164671321  0.42129773164438028  0.43179816621113792
  0.44212635347365431  0.45239949481844854  0.46275726347597357  0.47336999961677056
  0.48407446820564010  0.49450577505675913  0.50475291067896944  0.51502113509059855
  0.52546008531686117  0.53604438093185947  0.54677957237559172  0.55756540972244406
  0.56826938603072497  0.57883665584306232  0.58928744779964615  0.59973709116699625
  0.61019975212829314  0.62058889306398357  0.63062205861043497  0.64030924840032766
  0.64990747245870628  0.65955653738067632  0.66931095740468871  0.67905334323224253
  0.68883876387708798  0.69878809330948821  0.70892642534528216  0.71907622857984033
  0.72904987841739022  0.73886648222279916  0.74863056702745212  0.75860922583709123
  0.76888527641803861  0.77940920169294758  0.78994208799114385  0.80036031967786680
  0.81077013627666616  0.82120102990964139  0.83144691820323779  0.84155693824651112
  0.85164867735806304  0.86180796771895918  0.87189379693154900  0.88179238624623901
  0.89170071577042465  0.90163372763843963  0.91151443046677327  0.92130379244715765
  0.93106509313906771  0.94086851072414712  0.95066943039745055  0.96012618040082143
  0.96906009442606234  0.97763845366207436  0.98577418958637741  1.00000000000000000
 -0.01182663344729361  0.03792165537041068  0.08184112826517867  0.11423834485675952
  0.13340826387964008  0.14612999885418143  0.15871599021648453  0.17094525260456597
  0.18280125040796724  0.19454481424977416  0.20633249011947447  0.21793897029472387
  0.22938002158631560  0.24065797008987416  0.25150053244252329  0.26268105874718034
  0.27392343624886822  0.28486809849675143  0.29558148442265131  0.30590364336424647
  0.31634503154312721  0.32675403670683301  0.33721753291785811  0.34771258112524761
  0.35796492505851213  0.36800817751345638  0.37823521468118876  0.38867600868032176
  0.39923540584321993  0.40965105245066291  0.41958072366721905  0.42919037176010022
  0.43872890088858668  0.44848353415323011  0.45798332640636902  0.46751937063016369
  0.47686276201723377  0.48648563974946707  0.49602791977066873  0.50541871639745051
  0.51480723422647734  0.52430248726179030  0.53389492945608119  0.54336344699082295
  0.55263808585529339  0.56204970779809493  0.57160187788533301  0.58113069701085562
  0.59018255710130829  0.59908889953173894  0.60781114631117694  0.61653735541230126
  0.62540916023148208  0.63428802163770481  0.64305930629476915  0.65171669276477062
  0.66044245642510280  0.66932625361878884  0.67825062645317102  0.68741400067717007
  0.69661717080105900  0.70586403374167661  0.71519601165354807  0.72445015481913344
  0.73359498293415937  0.74258205739020067  0.75150333305190342  0.76049846098440732
  0.76934953651861526  0.77830041507998537  0.78716668710121562  0.79594194138510588
  0.80457564169001616  0.81310954064744667  0.82157122809885275  0.82999006140857279
  0.83840972097088140  0.84693589404071978  0.85553654317033989  0.86403777483498001
  0.87243968169026020  0.88083772246631686  0.88926027306081201  0.89767115565563260
  0.90610273412319009  0.91468843081490847  0.92337457145802015  0.93209963660189332
  0.94075255001631597  0.94931948969069957  0.95783997619286743  0.96626722010325694
  0.97459556815050241  0.98296496870388828  0.99143174046521776  1.00000000000000000
 -0.00230472209362109  0.00926665985830531  0.01905315390197597  0.02922911701155495
  0.03949331092640510  0.04988325549346884  0.06023081216213755  0.07054295744831532
  0.08081216328349032  0.09122228907745446  0.10189073645162794  0.11263623644821545
  0.12315965108888122  0.13380726233598050  0.14430838796970494  0.15469520882769153
  0.16492277500545063  0.17544171827540467  0.18616306802884386  0.19677344391241072
  0.20720240366431864  0.21753290936906081  0.22781099512949637  0.23790320952691846
  0.24802537215621401  0.25854162739126424  0.26926757948649627  0.27987340769255503
  0.29023134565767705  0.30051348572833653  0.31079522559181644  0.32106519617540613
  0.33130545686614599  0.34155635659917516  0.35178148306457713  0.36195401968482899
  0.37236545811882427  0.38285771264510288  0.39343157904305170  0.40389856762609821
  0.41435453098756830  0.42497485079175218  0.43566596328655938  0.44628273715491529
  0.45692657221148192  0.46752078249260426  0.47817129797915953  0.48861030848646025
  0.49904825013477083  0.50966993706725627  0.52075457989824647  0.53216827748597617
  0.54359055637890508  0.55439772462181314  0.56519393960450015  0.57564237244700378
  0.58633028078975447  0.59668788211252011  0.60727815286572084  0.61792575474928646
  0.62846404899963715  0.63910175036849137  0.64967345341517002  0.65991027358892840
  0.67004215845105497  0.68011077379326812  0.69062808587867752  0.70135477428735504
  0.71174753062090457  0.72207700592748059  0.73257238773268263  0.74349723216679453
  0.75426143526051126  0.76492506996891130  0.77557387966290359  0.78572886260383423
  0.79591711285405387  0.80607251539924030  0.81654785088817883  0.82696882329509136
  0.83765246938054461  0.84916422296202476  0.86062173577899170  0.87203288894752062
  0.88332333125585039  0.89420661817459157  0.90459699478841338  0.91469388269880159
  0.92497481596209719  0.93550967243222938  0.94611539990526849  0.95721509198566623
  0.96810875878590830  0.97878181338781367  0.98931070975523683  1.00000000000000000
 -0.00163069057510713  0.00618455774544786  0.01351886990662905  0.02101393868361175
  0.02867130820281330  0.03633266347316715  0.04397276039074042  0.05168021140398156
  0.05942713260961990  0.06717232301762882  0.07490499442811348  0.08256837175286119
  0.09008343282542314  0.09749684593216661  0.10492553979134235  0.11253104654491197
  0.12038683065572039  0.12829611098174029  0.13605875326824288  0.14370078332192701
  0.15145539345816766  0.15951872405661249  0.16780986960973521  0.17619617461752549
  0.18446804350173154  0.19252785875614811  0.20034240768779388  0.20803251464276257
  0.21575714842119814  0.22354279210551808  0.23138106095551800  0.23897625600094691
  0.24681031997992448  0.25497558609707915  0.26327675437810594  0.27146936991461429
  0.27977551420166330  0.28789962758218479  0.29602969151937375  0.30437109911265159
  0.31299053464324000  0.32168109062564615  0.33020966947373459  0.33858766264235057
  0.34705780445771267  0.35569125336703711  0.36445932715005303  0.37317748328332168
  0.38198926836953262  0.39108447344033714  0.40043288021731599  0.40981341879485700
  0.41907422498486580  0.42839504458668670  0.43783956257768969  0.44726550900923634
  0.45659427984235607  0.46604441382019063  0.47561064560292438  0.48511221705241031
  0.49446073690344622  0.50402884122950731  0.51395410080228154  0.52404049410107090
  0.53419178788913124  0.54456513869586920  0.55527717171277646  0.56588414548657895
  0.57624339323971452  0.58663173379902989  0.59738412283457665  0.60852022184877674
  0.61978928554870028  0.63121172352186583  0.64277563128538318  0.65463755487852371
  0.66670698784950400  0.67894597060353490  0.69133850915362383  0.70390245245748173
  0.71661041936058945  0.72948377309383294  0.74312476614149559  0.75723506476395919
  0.77205981349279296  0.78712737127653232  0.80222487834794798  0.81803268698236342
  0.83508027279420582  0.85295964291708803  0.87148986808124784  0.89119111735032330
  0.91274057148169874  0.93724297544355006  0.96632499891363910  1.00000000000000000
 -0.00238539920449504  0.00965645932066349  0.01963648972285204  0.03030139329867303
  0.04077263394486561  0.05151836710680734  0.06201200850758665  0.07236509979740161
  0.08255042197053696  0.09278544706595952  0.10318871035989179  0.11403052382335628
  0.12513254018949735  0.13622259794489461  0.14717507592444448  0.15792083943392943
  0.16869588636361277  0.17961596698012244  0.19069768477253912  0.20168184758614177
  0.21241030914379483  0.22323521710168237  0.23399183066384666  0.24479021785683469
  0.25542231218989453  0.26613878090274928  0.27685915233059277  0.28770210275176128
  0.29854513494972829  0.30913575659570175  0.31962317828021569  0.33015935868698387
  0.34052053830058232  0.35106063969161305  0.36164551463000916  0.37228520934647263
  0.38279539688375075  0.39321480622408034  0.40413488773802464  0.41498444637275744
  0.42576072589750624  0.43633220293621566  0.44705123140990521  0.45756334886011174
  0.46793063567091853  0.47816797832658220  0.48848447396046885  0.49890344454561780
  0.50947059845389919  0.52003506053890169  0.53077817734994914  0.54143059092025403
  0.55236597644008634  0.56298050099763386  0.57343522015322113  0.58377892246740271
  0.59422608112457798  0.60458881880286752  0.61504707566196448  0.62556983421217893
  0.63627346779962057  0.64687439568260086  0.65745276241444672  0.66788888354737397
  0.67823883514744543  0.68831625489665771  0.69827794491320239  0.70833441883347203
  0.71846467714588214  0.72855590654960445  0.73866121658548789  0.74877488233733247
  0.75931486557392591  0.76983315476823444  0.78016277827486713  0.79052280366357963
  0.80089976210798053  0.81135601205973906  0.82142435357666832  0.83181738306367858
  0.84246542131899105  0.85289802008962778  0.86301933197002612  0.87316269276177949
  0.88378326546102304  0.89447599119957166  0.90516010775324562  0.91583745024502117
  0.92650340911835749  0.93707699449812831  0.94747872923964294  0.95783788128572056
  0.96798456129349331  0.97847770170815485  0.98893854344522547  1.00000000000000000
 -0.02990848736339054  0.15672947786956892  0.21837013476121528  0.25878312725852554
  0.28964282507970557  0.31571298172615869  0.33864158828966034  0.35905331606392193
  0.37710463499281383  0.39401583214652053  0.40963871248085931  0.42412629898173415
  0.43777917583567943  0.45038207560329380  0.46257282509204278  0.47433908276553477
  0.48575934887230621  0.49668836908950081  0.50747958504106594  0.51798902695399607
  0.52784407988022575  0.53714341172279567  0.54626432853372875  0.55538075981503743
  0.56453616382179883  0.57337122809929386  0.58188813966342079  0.59005849470499350
  0.59816033987889616  0.60620811754848136  0.61407028101278593  0.62169369465298208
  0.62900312126921787  0.63632157966817193  0.64360382289947704  0.65070698356673828
  0.65756954965546999  0.66432543823529189  0.67110631330712867  0.67788492060929495
  0.68457169286525055  0.69113467081610924  0.69754599692153418  0.70382432865286693
  0.70997102913645194  0.71599063570857358  0.72199678004578394  0.72798738111511652
  0.73390252691639590  0.73982389594590914  0.74569926621778648  0.75143085366163731
  0.75719684799535514  0.76281863212298440  0.76846224785499140  0.77407721081444381
  0.77970006877789277  0.78528844414979648  0.79085752813249643  0.79635686674447115
  0.80185566645181927  0.80736744813965255  0.81291816482614321  0.81848864950571754
  0.82398403576630674  0.82939668300208169  0.83479990019083494  0.84019643084055018
  0.84555661709871255  0.85088369553745069  0.85621787334669597  0.86162030998610206
  0.86707500540620697  0.87245696488889557  0.87781663709805924  0.88321681837117216
  0.88877161634505375  0.89439809627491007  0.90017613769933580  0.90579381533021819
  0.91129478131104136  0.91684820936932232  0.92258235716514658  0.92843367701861157
  0.93432709635582045  0.94022444022209561  0.94609949737055166  0.95201892265172594
  0.95795970108015072  0.96389574109330167  0.96979953340319425  0.97575049588362628
  0.98171360213523540  0.98779155535292640  0.99389042147285223  1.00000000000000000
 -0.00229678419605078  0.00937480537459436  0.01905919439200995  0.02902856553905431
  0.03891201595262255  0.04899614499907126  0.05931151066641907  0.06949453409076398
  0.07964783034924043  0.08999603790449477  0.10051723214467718  0.11133469344447833
  0.12187570850596983  0.13243552334854558  0.14291407176357393  0.15332904920415216
  0.16375340421955698  0.17385932727904349  0.18408970533380675  0.19429313598918854
  0.20469670406954982  0.21512962281690801  0.22584982655911714  0.23638987399393041
  0.24678368717231453  0.25713666361404519  0.26732120720929775  0.27757324113359616
  0.28772071038023439  0.29808679863699000  0.30878485895854652  0.31940965520204351
  0.32993996305815193  0.34043709890732288  0.35117310120097822  0.36198521232188913
  0.37297315260995512  0.38373615414488249  0.39442269581694245  0.40501776253415572
  0.41590622268339850  0.42660654883827165  0.43720132332725886  0.44763405018889435
  0.45850854536961128  0.46894943868927746  0.47955318252665252  0.48972070709845611
  0.50010807378770472  0.51001313953730310  0.52042042393465238  0.53100675841201161
  0.54152402689225998  0.55173690285948429  0.56234069686915733  0.57348381451310837
  0.58472225684403012  0.59536256275997335  0.60593681245201314  0.61647363218375617
  0.62693173435715599  0.63773839134018440  0.64878983853064598  0.65950490825109720
  0.67006317011644567  0.68098419226769180  0.69193620676427559  0.70288065317274351
  0.71350385450662812  0.72404016112393332  0.73473345837452497  0.74539779538884876
  0.75609910086462662  0.76675226596207779  0.77735404909301953  0.78815073481031017
  0.79900140933840780  0.81010085924023656  0.82095537823643561  0.83167966493699896
  0.84241418216561181  0.85319971314692233  0.86385301941524495  0.87437354093748731
  0.88484856771993337  0.89514820929296079  0.90526428977380524  0.91550380633211492
  0.92599821075030542  0.93684063786563299  0.94795868529895999  0.95887538443765175
  0.96930823237855090  0.97950798208310408  0.98980179110348232  1.00000000000000000
   5.2952591306975422E-009  -1.0000000000000000     
 F F F F F F F F F F F F F F F F F F F F F F F F F F F F F F F F F F F F F F F F F F F F F F F F F F F F F F F F F F F F F F F F F F F F F F F F F F F F F F F F F F F F F F F F F F F F F F F F F F F F F F F F F F F F F F F F F F F F F F F F F F F F F F F F
  <DiscreteSampler_grid>
  grouped_processes
  1 # 1 for a reference and 2 for a running grid.
  10 # Attribute 'min_bin_probing_points' of the grid.
  1 # Attribute 'grid_mode' of the grid. 1=='default',2=='initialization'
  0.0000000000000000 # Attribute 'small_contrib_threshold' of the grid.
  0.5000000000000000 # Attribute 'damping_power' of the grid.
 # binID   n_entries weight   weight_sqr   abs_weight
    10   10   9.242054451629595E+001   6.045099582475344E+004   9.242054451629595E+001
  </DiscreteSampler_grid>
