  0.00245803206785353  0.01613982077756860  0.02978635851136292  0.04166727711710731
  0.05322428810127033  0.06449307556803860  0.07580692277101186  0.08708091889376991
  0.09815315359562601  0.10905975225685233  0.11988652222970253  0.13082981679102332
  0.14178359195172302  0.15271189700629584  0.16362942629629132  0.17449242787832214
  0.18519129386997824  0.19590067938137118  0.20645646586437733  0.21690657247220585
  0.22725216463443482  0.23774737713336375  0.24825678692549211  0.25864103207169553
  0.26897976209763513  0.27952752524964997  0.29029380019275963  0.30114933480320899
  0.31197528346073106  0.32269245048606238  0.33330038741138085  0.34378113140826333
  0.35427787098440056  0.36484212721944381  0.37544343789006746  0.38599379448156601
  0.39645809269089105  0.40695363899409853  0.41745740299093165  0.42793300861802630
  0.43842371060744961  0.44896512169538666  0.45953724262851015  0.47007813833436712
  0.48061524982682985  0.49116725055183807  0.50175955011711526  0.51235639583918435
  0.52289000663444984  0.53331193798882315  0.54363577548517550  0.55391816941629879
  0.56417871452877977  0.57449592880872147  0.58486527794664056  0.59528564136611528
  0.60571161365570403  0.61608295858224293  0.62633914470613561  0.63655458655418196
  0.64674759052210395  0.65699336447225831  0.66725442472604113  0.67761155323760858
  0.68805195405424591  0.69853364180294875  0.70901388946150679  0.71949043102327304
  0.72998655654718381  0.74050801955091838  0.75097420571068685  0.76138763858552094
  0.77174698670266750  0.78187622876880014  0.79196048956614895  0.80213880158332962
  0.81222686756780105  0.82220600889025219  0.83213013196458041  0.84211473942894244
  0.85216866645690481  0.86218708531255628  0.87215959873590310  0.88211205511740620
  0.89208610976808711  0.90214622372901865  0.91222103084628425  0.92217478516705786
  0.93194141659976226  0.94158693639199120  0.95113952371699018  0.96058820220540875
  0.96982469760466872  0.97844739957049753  0.98693085554020232  1.00000000000000000
  0.00245527525923194  0.01623687198686061  0.02979290219211796  0.04180290079337858
  0.05347863483499633  0.06502212530715347  0.07609721572173557  0.08724635421424907
  0.09774707175386652  0.10877370709950866  0.11948412920824847  0.13020112510732765
  0.14086632956035527  0.15167952476282129  0.16263582221919215  0.17347496748673347
  0.18414705162314085  0.19482844851833328  0.20563255682180290  0.21645256917029088
  0.22732447270853526  0.23822146835056748  0.24916435971137160  0.26006061148719817
  0.27096432173289686  0.28182820277706322  0.29268281516792427  0.30340801671174644
  0.31401553993200548  0.32457365943914618  0.33522280429790474  0.34601157006820499
  0.35683248986504706  0.36763744315573199  0.37827974674060394  0.38892168314543835
  0.39958601546653072  0.41027800323414881  0.42084354635315724  0.43127754668439261
  0.44175835604315056  0.45225732063723195  0.46279369834718470  0.47326099563344642
  0.48369940691167307  0.49403140046191968  0.50438801372841424  0.51483796290247219
  0.52535461410010087  0.53588967930095077  0.54642694062511021  0.55694693323295474
  0.56734664351650055  0.57750709892509910  0.58759161256831549  0.59765965052187664
  0.60777210205009358  0.61795786276065834  0.62824363287806551  0.63856110576655689
  0.64885244742486248  0.65911143528270866  0.66940233712101560  0.67960359202518628
  0.68967180165345510  0.69972848212469352  0.70992170285799772  0.72025293433852244
  0.73065847344723300  0.74103440083559824  0.75134849584228158  0.76158135123946102
  0.77176995777768265  0.78199224267871426  0.79220899130169209  0.80242430352743710
  0.81264977299634866  0.82290939165399601  0.83313964536249829  0.84327857575709819
  0.85340718697269824  0.86357279014620802  0.87371702962514641  0.88382016405581565
  0.89390325220360034  0.90400682083966544  0.91407917014963513  0.92403381795766915
  0.93381135304185903  0.94338125650320526  0.95274660718288262  0.96195954547341100
  0.97098876120212574  0.97941724329596258  0.98763181840892633  1.00000000000000000
  0.00882994921134531  0.01056916731235709  0.01161985992575372  0.01263043769215095
  0.01369468386890871  0.01481178740867860  0.01596548845884809  0.01712098085642087
  0.01827167644214394  0.01946652123359202  0.02070428904898458  0.02196826553722840
  0.02324501239377664  0.02449268836350964  0.02563111797009937  0.02662666278856354
  0.02762902211539194  0.02879072260099205  0.03001901650550465  0.03125176084874348
  0.03250566537290969  0.03378028889133255  0.03507898119681178  0.03641097868658764
  0.03778001798584815  0.03917710787156574  0.04061472283802253  0.04210174068938145
  0.04364518100498722  0.04523348720504266  0.04685901104848813  0.04852369069706213
  0.05024193502170386  0.05203746378452068  0.05390957399490268  0.05584798263783745
  0.05784303303193489  0.05990542096026625  0.06203794114866747  0.06423435246964757
  0.06649102805538772  0.06882322675921565  0.07126277553149681  0.07375957625120677
  0.07631511238615250  0.07896343179958648  0.08174353384558132  0.08464700077727166
  0.08763755909201203  0.09073294334710683  0.09393167115490639  0.09730762376376512
  0.10082040354694272  0.10447955944184627  0.10824934089743432  0.11216043406009175
  0.11622805875229762  0.12047087076946757  0.12492249727338184  0.12958314558988934
  0.13448110260974622  0.13962776019735101  0.14501888671983754  0.15059932979155896
  0.15637632290163142  0.16239554302246326  0.16872588338946234  0.17541437061345377
  0.18248829052640794  0.18999115457606461  0.19784993768243642  0.20609190165782368
  0.21473194122836603  0.22391616136634063  0.23379571485637862  0.24435923171043314
  0.25554484014696643  0.26741147397033033  0.28015984892048118  0.29381539133599172
  0.30834718305491154  0.32392844920351693  0.34067933313635385  0.35866970406998649
  0.37819198139771554  0.39964711365552447  0.42320185993751352  0.44924045149215525
  0.47869099253744701  0.51217960300830734  0.55099448194034939  0.59675510133359555
  0.65428074082420751  0.74263741120651616  0.85583593983108353  1.00000000000000000
 -0.00103192649844831  0.00398120740074240  0.00931696864345396  0.01463227998999579
  0.01997699908623493  0.02536760044016592  0.03077217750988296  0.03622433294001889
  0.04170968665615776  0.04722465723122054  0.05278735198905130  0.05839507054244696
  0.06404636446808988  0.06974123738893749  0.07545785552966440  0.08118202561119092
  0.08693630258148315  0.09274080461544373  0.09860951779978516  0.10452251628388610
  0.11046733444836143  0.11645751310789100  0.12248665950394283  0.12853745159897639
  0.13460127340147396  0.14072616824927589  0.14696658940940610  0.15328976634105157
  0.15962803639761849  0.16596701850780995  0.17235315035372439  0.17878038055224232
  0.18531983345346573  0.19194163953115720  0.19863246213962879  0.20540778480829341
  0.21226596079142246  0.21912538620283950  0.22599001879681177  0.23286988054093169
  0.23980234846209816  0.24680709261835423  0.25390472575607947  0.26111509760227314
  0.26839145880974702  0.27593695265420998  0.28353999058404639  0.29118179246351011
  0.29884564229214006  0.30656129030124996  0.31434346850948375  0.32220572086102922
  0.33018643288258687  0.33834766244162068  0.34669272583421779  0.35509002445576210
  0.36344635595586572  0.37189074634174218  0.38052938679159876  0.38933258759516842
  0.39820591141607653  0.40710072131185060  0.41614470743222925  0.42555201409138249
  0.43521303703713288  0.44503583660387774  0.45495608819120742  0.46496360778997059
  0.47512016456914935  0.48559400108924089  0.49645918154250468  0.50757399064517195
  0.51877714514334405  0.53011918884864517  0.54181801591930989  0.55384895884915619
  0.56599565270392749  0.57831716475200712  0.59117537060210223  0.60447585927984748
  0.61812449443283191  0.63232382154206446  0.64733734022546618  0.66275597560607558
  0.67890096211730400  0.69580436063775952  0.71362278432741610  0.73262298544931304
  0.75274502980507774  0.77431988615181746  0.79784526150727031  0.82370251248406168
  0.85265947564976163  0.88713188408746546  0.93305105325223192  1.00000000000000000
 -0.00232524877998327  0.00896576745698524  0.01918882920909756  0.02971580736746920
  0.04034279961393372  0.05084935637640441  0.06151680800857089  0.07187300186463261
  0.08218285929143376  0.09264214254051643  0.10305892388372898  0.11359124085852990
  0.12382384128469388  0.13449812551762247  0.14504465825391374  0.15555628655927509
  0.16631291065735149  0.17689150827499317  0.18751575375384100  0.19809161334891909
  0.20875386576987418  0.21938210467299168  0.23010214227715661  0.24078288048818897
  0.25143429842056947  0.26204273315599635  0.27266752961916690  0.28330293464479900
  0.29382817220576335  0.30435975992164288  0.31473789886595516  0.32490280550346479
  0.33509878398631998  0.34539433761885296  0.35546518838777302  0.36604088135802976
  0.37604043880805016  0.38679471191360953  0.39730406503537058  0.40799607090823026
  0.41863889413668037  0.42942442999435315  0.44017581815528045  0.45077644089880781
  0.46138995145993983  0.47174812805985117  0.48239587410533319  0.49256840018934100
  0.50310034051702701  0.51369085010759330  0.52441276691113803  0.53493984315889553
  0.54541384484637356  0.55595879008994054  0.56656499239031066  0.57680230907887087
  0.58715859003260296  0.59757794342593151  0.60810927389184199  0.61862673728125017
  0.62910860588435147  0.63978957025348859  0.65050020097212391  0.66119801811635392
  0.67178961396136183  0.68232957834059138  0.69293938502311214  0.70353832298014474
  0.71420110416197724  0.72493202749815822  0.73536780229172127  0.74585559421469394
  0.75625950407294829  0.76688421441461163  0.77732411197169837  0.78776331900356977
  0.79834192912094115  0.80919413908695514  0.81983902790827246  0.83049568738716706
  0.84099992480548702  0.85151758061806937  0.86192639797108039  0.87231402663399971
  0.88296320024403741  0.89342198647216253  0.90402690205822189  0.91456519109477263
  0.92522180417966204  0.93591275645403904  0.94668365823826839  0.95746618954070239
  0.96815252448164824  0.97873800663170341  0.98928462912892967  1.00000000000000000
 -0.01406387337723894  0.06297847107223158  0.10916758046031197  0.14456375204966088
  0.17427187365230906  0.20059846385373012  0.22438944189978274  0.24611147392429103
  0.26620326552039558  0.28505626919522109  0.30300507941684907  0.32024417140868494
  0.33669224792297192  0.35229105473049560  0.36718655266252731  0.38151340950355916
  0.39528398794759323  0.40880019064112844  0.42180958951486436  0.43437845937328962
  0.44668929829046677  0.45878085048860562  0.47062778432354618  0.48212690306223321
  0.49336185257218335  0.50440820654789043  0.51509129152256805  0.52557740383722151
  0.53581287855693793  0.54589529042325657  0.55574468179100300  0.56538516179077281
  0.57501278240359344  0.58457762789049583  0.59407893433043812  0.60322472294957630
  0.61208268046222303  0.62089047895878846  0.62963947655696706  0.63836126447510921
  0.64686781233789703  0.65527840055123499  0.66359981091346032  0.67183289959522263
  0.67988363114873851  0.68778803690327461  0.69554570069499555  0.70326240202745793
  0.71099895617182263  0.71868729363554318  0.72629006332465185  0.73375576866990055
  0.74109979177031671  0.74834664060098843  0.75552670030879887  0.76263566399695981
  0.76966797391113051  0.77658960830171464  0.78341486701282859  0.79016667430337972
  0.79684258037033417  0.80342643855033635  0.80999281929201872  0.81651950295904518
  0.82296913868028820  0.82936843570355645  0.83573674876671145  0.84209982159102015
  0.84843677806521112  0.85469833646760951  0.86086162115967357  0.86695739761690715
  0.87301110521962266  0.87897067308238563  0.88482478241176865  0.89062869490760044
  0.89641243327728826  0.90218150209067394  0.90791189999961730  0.91359812700445331
  0.91925446379240539  0.92486444152090685  0.93043819894039803  0.93597276243501770
  0.94149143986709694  0.94698513431797338  0.95246169592427621  0.95792260549316077
  0.96331487930290882  0.96865708601291212  0.97398025246348152  0.97928343238283244
  0.98458127384545790  0.98979154475340581  0.99495388940229768  1.00000000000000000
 -0.00239398908443101  0.00921667295586465  0.01953182906274336  0.03021138308788765
  0.04088146347676679  0.05155249680518179  0.06214596848298907  0.07281395444629837
  0.08357631648537603  0.09427352222617640  0.10490765748641254  0.11531988161442863
  0.12579793834984199  0.13630731195068080  0.14698897921109247  0.15758214624746852
  0.16814215459285739  0.17864599735137723  0.18928070991146004  0.20010589663343772
  0.21086034509125087  0.22148523780584378  0.23195519474443435  0.24228967167653012
  0.25256531219168460  0.26283229717350648  0.27338411706474397  0.28410415075580259
  0.29490107526557224  0.30571201655553643  0.31654657173675083  0.32731569950265887
  0.33801750916915319  0.34859745726795799  0.35921104280210620  0.36978724793515688
  0.38041380142402897  0.39102048536645789  0.40171708284883528  0.41250311064224227
  0.42334923309068007  0.43413267651403903  0.44473723938396076  0.45523253914955997
  0.46568293069091199  0.47611137299149892  0.48650826398188080  0.49693197885703444
  0.50741492664084209  0.51794486843814769  0.52846253775269003  0.53902285902975988
  0.54962874455133126  0.56017771265600147  0.57063495295978650  0.58100491222556816
  0.59123524370756819  0.60140369349168277  0.61164072789102764  0.62171739088194145
  0.63210004506155892  0.64252874953452865  0.65342096923913806  0.66419773947206984
  0.67498931166614762  0.68554309468358754  0.69601457049049908  0.70652635249910556
  0.71702087702896034  0.72748587250641006  0.73781162877422102  0.74810889200991648
  0.75848056685454424  0.76882351164827212  0.77927350150973429  0.78985993284083411
  0.80056182686919719  0.81118690978334729  0.82185610798134512  0.83240375637147346
  0.84298023695730784  0.85354177690732680  0.86403657997855632  0.87461292704619964
  0.88507451609233068  0.89571811560414238  0.90638082641720852  0.91693957908135526
  0.92759751076846331  0.93804519833831601  0.94835325224986766  0.95867507490113835
  0.96920618745697840  0.97959421863148533  0.98986961882028490  1.00000000000000000
 -0.00217946413877789  0.00870560898804369  0.01885199097576454  0.02926715417246025
  0.03972250277581217  0.05003900538262337  0.06046989673067708  0.07080971207631323
  0.08126264869331457  0.09170324136019958  0.10208446147859822  0.11242754868465697
  0.12275999145656270  0.13322059580732068  0.14371979416097488  0.15429157803937071
  0.16489157208420901  0.17560027160331906  0.18621144470792722  0.19688983013045469
  0.20756393522264246  0.21835727278839989  0.22908686235184073  0.23979438751156049
  0.25045039297088417  0.26111388356643195  0.27164658208880338  0.28203457874455706
  0.29258710390075171  0.30331024455989358  0.31390434721096311  0.32434069295729673
  0.33482341628558526  0.34554775828313855  0.35627246344246605  0.36678736936331152
  0.37742333634224168  0.38809203969336947  0.39888020401029212  0.40958606100856920
  0.42016468204561075  0.43068273750748987  0.44130602600958796  0.45200403663841854
  0.46261931361668945  0.47310848743435824  0.48355867626401478  0.49420870464573630
  0.50492342589180217  0.51564659500167154  0.52629013865394980  0.53690105031151958
  0.54739564201012592  0.55773358001886708  0.56809547045716791  0.57863090213237700
  0.58932267117049586  0.59980924528219093  0.61044736892311313  0.62113032113464994
  0.63168691424028411  0.64207731171161309  0.65255342712661657  0.66304336340882031
  0.67372319328077979  0.68432552129519741  0.69495669341496880  0.70549342011203786
  0.71613596560316384  0.72679880543526321  0.73729387105309696  0.74769655419598569
  0.75802751660831225  0.76850859134026683  0.77868015583409000  0.78891140583600017
  0.79932608938736716  0.80963072325075403  0.81992364906863624  0.83030398283233742
  0.84093240068478115  0.85172356933375015  0.86231064294694182  0.87289340272638516
  0.88357384421142882  0.89422436624547952  0.90501997931661160  0.91572227504735570
  0.92632562977302524  0.93706716328371698  0.94759053911222413  0.95827826202948707
  0.96871306498223819  0.97924972066396432  0.98961604611074083  1.00000000000000000
   6.6708903618103418E-008  -1.0000000000000000     
 F F F F F F F F F F F F F F F F F F F F F F F F F F F F F F F F F F F F F F F F F F F F F F F F F F F F F F F F F F F F F F F F F F F F F F F F F F F F F F F F F F F F F F F F F F F F F F F F F F F F F F F F F F F F F F F F F F F F F F F F F F F F F F F F
  <DiscreteSampler_grid>
  grouped_processes
  1 # 1 for a reference and 2 for a running grid.
  10 # Attribute 'min_bin_probing_points' of the grid.
  1 # Attribute 'grid_mode' of the grid. 1=='default',2=='initialization'
  0.0000000000000000 # Attribute 'small_contrib_threshold' of the grid.
  0.5000000000000000 # Attribute 'damping_power' of the grid.
 # binID   n_entries weight   weight_sqr   abs_weight
    10   10   1.581013683345927E+004   9.698826183346481E+008   1.581013683345927E+004
  </DiscreteSampler_grid>
