  0.00235870139837927  0.01610542260898956  0.03017247459301638  0.04251413172720802
  0.05460309282461989  0.06640158353044721  0.07739667739986579  0.08865482175046141
  0.09968371095682145  0.11052033829878503  0.12110477663989740  0.13178763961020981
  0.14253166332981101  0.15330679215499499  0.16413234470267879  0.17499590897281919
  0.18593256913221712  0.19678746672388386  0.20757599028762788  0.21810684022878912
  0.22871330260466291  0.23928460887517991  0.24990809493819796  0.26044370540695888
  0.27104718028261215  0.28167737445740171  0.29222988990224985  0.30281237509917369
  0.31346557553381998  0.32421334251285716  0.33492357304760423  0.34544006266660293
  0.35605883726256132  0.36659562303107396  0.37716160112243036  0.38766587759465498
  0.39820223592143600  0.40858540094800577  0.41886610580862627  0.42914702647505287
  0.43943425578566547  0.44968769513762308  0.45993563063816029  0.47037375701010692
  0.48094198804046229  0.49141555104781304  0.50176439354908275  0.51204261539345830
  0.52223796337010453  0.53242111542776049  0.54273751849030816  0.55318266682760553
  0.56365704640055070  0.57407900146853896  0.58449157140572716  0.59488443940008695
  0.60522858576803751  0.61556553882805087  0.62588813389382014  0.63621432939599598
  0.64658506324524823  0.65699405028639823  0.66739804129261793  0.67778722989063311
  0.68821467287929994  0.69867631305109434  0.70915027279977039  0.71965645949490042
  0.73016060281001749  0.74059764440633402  0.75091673140161519  0.76108629700986874
  0.77116588018346222  0.78128950802267394  0.79150743548644897  0.80175699848421256
  0.81205559284965978  0.82240784445742032  0.83276176322751894  0.84304414303179565
  0.85324466430286339  0.86339239031684800  0.87347705167987910  0.88352120396379041
  0.89348015171802719  0.90332180001455864  0.91297450625681997  0.92257680102301898
  0.93219059995458353  0.94174444074345576  0.95121949948326423  0.96046884522392062
  0.96951866522781971  0.97817298559519339  0.98619292654252122  1.00000000000000000
  0.00242656370706912  0.01615554008365326  0.02974139545442459  0.04171585805333785
  0.05292710962743397  0.06393793127969857  0.07510549930072065  0.08603867351690365
  0.09677576157703333  0.10756864660048904  0.11848752953973926  0.12936532920329860
  0.14015692613369723  0.15101003463584856  0.16186275835919089  0.17265748375082024
  0.18343036875945012  0.19419749937234820  0.20494935016831645  0.21554340187797469
  0.22601939614401212  0.23647875189549183  0.24691123173646129  0.25731049626356595
  0.26774641130738586  0.27821010869760898  0.28864428457846619  0.29898242707862843
  0.30939220032438713  0.31994262962132064  0.33049034013657436  0.34107092283740753
  0.35165321938104810  0.36221933537870155  0.37275269560696578  0.38324441979449031
  0.39373055232481691  0.40424506056647891  0.41482021895338494  0.42546581085346152
  0.43614305615226723  0.44673996996956583  0.45732114605080992  0.46788025916454423
  0.47848503361596029  0.48909118615645747  0.49969070781957109  0.51032859507495620
  0.52099786991376185  0.53159112276406972  0.54201444910096319  0.55228567272636486
  0.56261082846921928  0.57306082180477147  0.58347109549465692  0.59374040860444144
  0.60392684352453974  0.61418672290106802  0.62453596415463308  0.63493497174368507
  0.64540461963750473  0.65599473815962517  0.66662986827086457  0.67720872233084606
  0.68765787417615620  0.69803226222922399  0.70841825014349724  0.71886876432775193
  0.72939037579552035  0.73992190756098752  0.75042977802938915  0.76090950848854255
  0.77136948730336097  0.78179591422572436  0.79217193102189576  0.80249085375880180
  0.81275420518375663  0.82295461129522396  0.83306296402734337  0.84318575607113544
  0.85329018419247904  0.86341859876663551  0.87351225022810319  0.88351544825439077
  0.89339636507254738  0.90322587980382074  0.91294257604155671  0.92255417763986114
  0.93208940657430739  0.94156840337805681  0.95097511239265475  0.96021168623646502
  0.96918738333215948  0.97777352941962525  0.98582971747886028  1.00000000000000000
  0.00696161236034563  0.00884775062765355  0.01009290760149523  0.01120158819312318
  0.01228889199529347  0.01339891684058333  0.01453468408893229  0.01567326296302116
  0.01682338179232072  0.01798942202115278  0.01916526279558782  0.02036173657239258
  0.02156346613471250  0.02279411051619550  0.02408404244616462  0.02529999197836595
  0.02631989566308929  0.02728348144609881  0.02840824798474563  0.02965174813718529
  0.03090989579348646  0.03218417156578859  0.03349440516050816  0.03484050623918567
  0.03622453235075798  0.03764285192286630  0.03909057602786852  0.04056697934431445
  0.04207504361453605  0.04363071410396926  0.04524607964997837  0.04691995674140330
  0.04864022994191532  0.05040367435142036  0.05221879208142853  0.05409855795210570
  0.05604820734549932  0.05807072871080864  0.06016580092492191  0.06233746900017923
  0.06460128792845757  0.06695796161108025  0.06939812944532761  0.07190749942935755
  0.07448644354267511  0.07714580503160823  0.07990153787959221  0.08276950789281061
  0.08576211536140597  0.08887794087940941  0.09211541398257363  0.09548955624198326
  0.09899856486516193  0.10265267942558221  0.10644656502519824  0.11039463519777326
  0.11450796322803583  0.11882870450154245  0.12335598198650678  0.12808996982395160
  0.13299783941530885  0.13813658653403174  0.14350745366968334  0.14915058188742183
  0.15504552625052437  0.16123161600782460  0.16774473706741888  0.17460523813622433
  0.18177132599759435  0.18938944744779712  0.19744902499575062  0.20597041164653335
  0.21484519438433386  0.22424245674960863  0.23429062458660821  0.24502825807861645
  0.25639571363356695  0.26843847314540958  0.28141199132068229  0.29543882802533328
  0.31050523607797287  0.32650706035245136  0.34368209637335834  0.36243209467349008
  0.38301858144548334  0.40556034365544963  0.43038762057663621  0.45779804152754561
  0.48845513930093132  0.52347547700700614  0.56462279162126172  0.61458513452497499
  0.68216700101127248  0.78098563838995605  0.84933372307276500  1.00000000000000000
 -0.00106987183128329  0.00409597579581753  0.00945311446037218  0.01474567222504605
  0.02004904000244805  0.02538078592681125  0.03071577840376222  0.03606767574935732
  0.04145844488498500  0.04687301085576918  0.05233185517396850  0.05784006813142108
  0.06339909554126390  0.06900778461488632  0.07464060738842325  0.08031300481968097
  0.08603843588651414  0.09180385588800939  0.09762954557642667  0.10350738244623606
  0.10945679956104025  0.11548549342743819  0.12153364246808690  0.12757964779087630
  0.13364099662585513  0.13972027120961597  0.14584837335470047  0.15206106689115692
  0.15835092714577870  0.16473467169850442  0.17124518288567336  0.17783934445109484
  0.18448299297233423  0.19115279621227102  0.19783959090910175  0.20454700639554821
  0.21130974964107077  0.21811889245981406  0.22493951047574126  0.23178324915448095
  0.23866559270173054  0.24566329603860806  0.25285343383876518  0.26013648068258827
  0.26745051783478563  0.27485600803280746  0.28242632352002284  0.29009190525700307
  0.29777589425127571  0.30549983602636727  0.31326981517584612  0.32117724575421908
  0.32905139858364862  0.33705651231172334  0.34515751675520878  0.35346675002295130
  0.36192121355875317  0.37046901207282679  0.37901614307839798  0.38765647591917657
  0.39640677092862009  0.40535854102245628  0.41448439738233034  0.42388769149128108
  0.43334797139656400  0.44292378145889622  0.45275374625977705  0.46273337647043394
  0.47295276408232517  0.48331598906926232  0.49411837993756669  0.50510629435111776
  0.51643948128238693  0.52787994249851722  0.53967346456920573  0.55160484766380247
  0.56379481336962423  0.57651683204996129  0.58966397568740936  0.60327982740789554
  0.61700505640431513  0.63123380083420288  0.64599340398690253  0.66123395639738314
  0.67725826295944258  0.69431076618741172  0.71235387289450414  0.73179088442410001
  0.75244628354904064  0.77426891999081382  0.79773815487414690  0.82361135893044390
  0.85278208347018070  0.88749724891983783  0.93351887736455663  1.00000000000000000
 -0.00239380637009674  0.00936621602513834  0.01942681362552301  0.02996658362359977
  0.04034977577932623  0.05101759117843423  0.06181926644201319  0.07206902460852384
  0.08258724560795071  0.09335695993797795  0.10383373776640743  0.11440901815294463
  0.12494611595893880  0.13562769246549730  0.14623861997310916  0.15664930088744963
  0.16712678514531015  0.17756065911826940  0.18809601545954419  0.19843481255995804
  0.20890383798901691  0.21962483677278805  0.23052841166358606  0.24104698286022955
  0.25147166423403650  0.26191646176336875  0.27231606726092861  0.28272538179171064
  0.29316644313465251  0.30370549016597037  0.31434680647543445  0.32476452327473715
  0.33514444171402125  0.34487973215319101  0.35492071289812638  0.36529724169459726
  0.37578857817414152  0.38627479288321820  0.39678600680566367  0.40749195432411439
  0.41811050278308015  0.42835094271419877  0.43863382018512326  0.44909622314816600
  0.45951937452543512  0.46994137549903031  0.48043713420034867  0.49119471967804751
  0.50200981167820724  0.51274639258098320  0.52342477843520396  0.53405290502587888
  0.54461616441456850  0.55515639455813137  0.56572515442971028  0.57637125570010161
  0.58696211556570965  0.59748781483013169  0.60801535793429928  0.61864357616862864
  0.62927848026184707  0.63989930616371116  0.65051687865844576  0.66114159506784409
  0.67183214672975633  0.68251223277364537  0.69327758258153160  0.70404508987289272
  0.71488792638652321  0.72560688765276260  0.73625997369300245  0.74695050239496419
  0.75753314346827572  0.76811482551920074  0.77843505058195983  0.78901726224381419
  0.79940067095296141  0.80970486998851499  0.82008505771961260  0.83037095207988476
  0.84074595493536797  0.85106177592976184  0.86172318057057162  0.87252961937066043
  0.88315205916505790  0.89376237370488831  0.90435367595511362  0.91502856890012019
  0.92566931213376580  0.93654443933906728  0.94708786801768563  0.95777015092654572
  0.96830532477047482  0.97903679491603646  0.98956981540090727  1.00000000000000000
 -0.01438165784678350  0.06409979087906226  0.10984438397154832  0.14478682227728509
  0.17440039540368596  0.20029434718013439  0.22363176960403824  0.24520643887160512
  0.26522551885302781  0.28403892894209581  0.30187769303551115  0.31897428257867466
  0.33532695301277943  0.35090266002105519  0.36594179716681852  0.38047498749945047
  0.39464481120957295  0.40815892826517575  0.42111802101107015  0.43344302824833714
  0.44565035235958494  0.45756403130759465  0.46911056300470078  0.48036129033456298
  0.49148798491442069  0.50232093918971599  0.51283026855187097  0.52322985544022038
  0.53361226066141865  0.54383399472165883  0.55375789047335833  0.56349360119096970
  0.57314075800728270  0.58262175287518891  0.59185552175320277  0.60092028447096202
  0.60987117656730594  0.61861172820354116  0.62719146379937429  0.63568986542643069
  0.64407450017484280  0.65239001810581287  0.66060401359510190  0.66877199812319188
  0.67688377867841143  0.68490867893957219  0.69284188119909462  0.70067245334206518
  0.70846334617448692  0.71618840800452921  0.72387822180809946  0.73137458850496184
  0.73854847569797666  0.74577149045719282  0.75288531717913199  0.75991871861195082
  0.76685771224929677  0.77365313490388798  0.78038997141719002  0.78708732271565407
  0.79375498617016060  0.80033973368372069  0.80682386955269902  0.81333894179267774
  0.81990757221561372  0.82645552196177618  0.83292161186136215  0.83933461010654475
  0.84571119485629331  0.85205035180059541  0.85829356230841403  0.86441540820469465
  0.87048358547240989  0.87652192456739653  0.88255137172751486  0.88857239727771264
  0.89453321590994639  0.90038142497121387  0.90614173122308406  0.91187897100984050
  0.91757346154835639  0.92321476725339069  0.92882146318416914  0.93439347037838172
  0.93996515675703141  0.94555730628988566  0.95113385801343953  0.95666966231930028
  0.96217881585849796  0.96768913115953825  0.97316305589505425  0.97859928041003741
  0.98400493420332713  0.98938966686116248  0.99472887616206607  1.00000000000000000
 -0.00222427834930669  0.00899244683611844  0.01850995510228701  0.02907721249723885
  0.03920021058419595  0.04944256145696224  0.05964022380983527  0.07014618772883870
  0.08075641798271675  0.09138045981410402  0.10216537692217473  0.11292322968183389
  0.12361291811173616  0.13424024319407696  0.14485586222336555  0.15533687879079541
  0.16592343045203711  0.17657563549576305  0.18717912698069680  0.19781244626539804
  0.20820778089567674  0.21889338584280216  0.22949666833776070  0.24011966777142876
  0.25079435408836009  0.26155693006260683  0.27244019338250564  0.28252321250608309
  0.29295390071870986  0.30345607773585037  0.31386230545553717  0.32427899697399137
  0.33464329389761716  0.34525085694321145  0.35603120974107322  0.36682171085027809
  0.37760164158458565  0.38814508537414766  0.39868979366546342  0.40934950039014767
  0.42009103421616484  0.43071101071714007  0.44143763165625266  0.45214839335340840
  0.46292335672730089  0.47370608460772390  0.48451787275433961  0.49537089297810261
  0.50599193543700194  0.51650009635355787  0.52696528211790195  0.53739388290677348
  0.54793752673247798  0.55830029086402200  0.56894199650024957  0.57965825239008706
  0.59013959886368239  0.60076704345134757  0.61121045762942994  0.62176475804678832
  0.63207874195474079  0.64241753486794539  0.65302354741089019  0.66378033451231311
  0.67446810024590165  0.68504571511421275  0.69563092048544006  0.70632633589970095
  0.71667679170173815  0.72720776257197550  0.73766819430964081  0.74822271453953948
  0.75847679862657458  0.76880293428326230  0.77919973287853839  0.78972860905691156
  0.79998079186473114  0.81027880363191152  0.82052765980574416  0.83104921014895616
  0.84152643303574726  0.85200840069192796  0.86260277063327617  0.87327755654686390
  0.88391015033980758  0.89478880576176789  0.90518331535378072  0.91582567638645396
  0.92620461399456278  0.93678603378370551  0.94729091163957457  0.95792603222529182
  0.96842686351681206  0.97910354164950919  0.98949538173229301  1.00000000000000000
 -0.00217757199029685  0.00887615675540381  0.01863414853789062  0.02931500696161388
  0.03998704789088761  0.05037426416016474  0.06065282333356942  0.07110492623766589
  0.08164519032971959  0.09194182210086708  0.10234452634012123  0.11286396389293023
  0.12350444479967576  0.13393557954829061  0.14456885722816268  0.15507903392126646
  0.16585073057562649  0.17660080589441191  0.18753983778804509  0.19831617096855747
  0.20905502484600422  0.21971952712333129  0.23048084141199832  0.24117122046929290
  0.25187023879399950  0.26244580164022074  0.27301531745396806  0.28343920630524350
  0.29394386248466153  0.30439845227472234  0.31491297143192404  0.32551355871221371
  0.33617522654774856  0.34690740503610679  0.35764433674258966  0.36852953380679665
  0.37914247044177124  0.38967599181349855  0.40036551360444150  0.41113088393599806
  0.42189494381866188  0.43253517161779803  0.44309733689649794  0.45367783152415098
  0.46432967736225816  0.47494113632613477  0.48539248454240513  0.49566569017432976
  0.50611228700384647  0.51656873263519820  0.52698721220636380  0.53731691282458827
  0.54790887603094662  0.55858530476644652  0.56922034097023666  0.57978706386296852
  0.59032043926747546  0.60071781925500600  0.61115416540458611  0.62170549464257652
  0.63237457519892182  0.64294198868026864  0.65343149901877828  0.66388387740826704
  0.67441856497497876  0.68487491876878015  0.69528566387045743  0.70553610860467009
  0.71602574868504643  0.72648490320579595  0.73682276299243787  0.74702221387884726
  0.75752324475361332  0.76785204479733682  0.77839527275390985  0.78857924814187552
  0.79951233011709122  0.81020916642887864  0.82081464447417973  0.83162251187659775
  0.84232449158931400  0.85326717496291993  0.86358828324334447  0.87397954651424747
  0.88423893794429842  0.89471997082311083  0.90535589147085238  0.91572245482002645
  0.92650482675662504  0.93687414528784185  0.94779707307705097  0.95854093680459340
  0.96891081808470658  0.97939218365618175  0.98967270828538501  1.00000000000000000
   6.6775313888153562E-008  -1.0000000000000000     
 F F F F F F F F F F F F F F F F F F F F F F F F F F F F F F F F F F F F F F F F F F F F F F F F F F F F F F F F F F F F F F F F F F F F F F F F F F F F F F F F F F F F F F F F F F F F F F F F F F F F F F F F F F F F F F F F F F F F F F F F F F F F F F F F
  <DiscreteSampler_grid>
  grouped_processes
  1 # 1 for a reference and 2 for a running grid.
  10 # Attribute 'min_bin_probing_points' of the grid.
  1 # Attribute 'grid_mode' of the grid. 1=='default',2=='initialization'
  0.0000000000000000 # Attribute 'small_contrib_threshold' of the grid.
  0.5000000000000000 # Attribute 'damping_power' of the grid.
 # binID   n_entries weight   weight_sqr   abs_weight
    10   10   4.019864809438395E+004   8.137219419737887E+009   4.019864809438395E+004
  </DiscreteSampler_grid>
