  0.00234030800411768  0.01645038420324948  0.03019105860791976  0.04225292694865425
  0.05395879671453997  0.06535899803234962  0.07654454035862200  0.08762493102870841
  0.09866590173302583  0.10980891456617083  0.12087924779120601  0.13196261641332066
  0.14289072800041758  0.15377988584700081  0.16453846066686323  0.17519894918217629
  0.18587964855318839  0.19661006462542641  0.20735097477900405  0.21796906129454249
  0.22857998775649402  0.23930098854265883  0.25010822780604341  0.26088386392482388
  0.27159119993412062  0.28219162643709439  0.29282425582177135  0.30343120052127642
  0.31411133586098366  0.32470949449652003  0.33521145946396241  0.34565871590982195
  0.35624980413544410  0.36698379674256604  0.37772345010785208  0.38841054791175894
  0.39905356838975159  0.40969060670531299  0.42037527660833246  0.43104356476601474
  0.44167565291599192  0.45226929108792624  0.46294399548488763  0.47365713391913916
  0.48437031328343139  0.49502700056512439  0.50559864632847340  0.51609628341362013
  0.52657044515569262  0.53710199512710000  0.54766084979902496  0.55819092324502795
  0.56868070420868622  0.57906979539525560  0.58943839071673532  0.59972571421664322
  0.61008196501199130  0.62055053377239056  0.63089087558951995  0.64109803236326279
  0.65131275811056888  0.66151584846202893  0.67172095918312036  0.68185124622515081
  0.69206885287459807  0.70234183490351143  0.71257855864774788  0.72285548141821354
  0.73305674944851174  0.74307317160107078  0.75313575295471002  0.76314968187847620
  0.77313365860787087  0.78311678080044722  0.79312963711193596  0.80328297695179463
  0.81344717311187242  0.82349431060032785  0.83346402843539658  0.84335664017320078
  0.85332597495894169  0.86337681108226338  0.87342761646011857  0.88343385449284972
  0.89344753190409643  0.90338321429934010  0.91320999991176699  0.92296811438819626
  0.93270616557760311  0.94239029419570663  0.95197678296417088  0.96135759597952164
  0.97038818307652852  0.97873789132918909  0.98707996099213402  1.00000000000000000
  0.00241964784240351  0.01618732450580507  0.02994428498596237  0.04206284916260512
  0.05342024370189149  0.06456172528854701  0.07583098552052346  0.08698908615433840
  0.09804713351259145  0.10912378375163900  0.12033923071210592  0.13128473841628707
  0.14220027678013752  0.15303439165966398  0.16389726860022422  0.17468523920597476
  0.18528053597632813  0.19587811231354699  0.20658421153798140  0.21732524923784441
  0.22795037509580449  0.23851792043185074  0.24913138063816390  0.25983139602350869
  0.27048299038582962  0.28094127063205543  0.29131043692778519  0.30176396076732226
  0.31233222036725244  0.32287358306868075  0.33336881996438383  0.34390474867446141
  0.35445837431757860  0.36495203224918676  0.37544010959250579  0.38599023095691831
  0.39659517501919145  0.40716715347624771  0.41769537754254082  0.42821314326346571
  0.43873903162928113  0.44919390745432225  0.45957031206660842  0.46994002326909490
  0.48043422748449049  0.49108438386176972  0.50175738636195588  0.51230762310696620
  0.52270037443944861  0.53299828840049501  0.54331714767472961  0.55373398589722111
  0.56428646418399264  0.57490159296733701  0.58547688371466855  0.59597225597715409
  0.60642335748115539  0.61679346563542214  0.62699376168536736  0.63697640490018614
  0.64688292981014184  0.65686032650254267  0.66691395029926748  0.67707640590653584
  0.68742163382160282  0.69795593018919089  0.70853019960076913  0.71902312927763556
  0.72944450698166152  0.73982127794379071  0.75014548693213523  0.76040016743624261
  0.77059294075778118  0.78076489986222497  0.79096973326192632  0.80124007756297899
  0.81157822607330099  0.82194438957401728  0.83231322174866018  0.84262141867726914
  0.85282085912299943  0.86287913327740662  0.87289022696753815  0.88295751003352008
  0.89294080982152446  0.90277977787897856  0.91250889988726291  0.92225158363969184
  0.93191307439543614  0.94145704734642466  0.95088114388884415  0.96027025163759616
  0.96935331778430800  0.97790914040583543  0.98588196317813537  1.00000000000000000
  0.00810138062523861  0.00959694701448413  0.01063060624816697  0.01166808118103186
  0.01276461060649645  0.01392060101422588  0.01513298569052402  0.01636644983706467
  0.01753570280133400  0.01875167982317372  0.02000106745555300  0.02129429005125722
  0.02258770525469830  0.02381743923546814  0.02500960366588953  0.02611795820027992
  0.02711048082537613  0.02820562659887559  0.02944038230515221  0.03070208730027268
  0.03197756782119327  0.03327843348447791  0.03460076897503268  0.03594984983149522
  0.03732825852450820  0.03873028563922815  0.04015886411467510  0.04162705271003139
  0.04314577997764158  0.04471414911678969  0.04633261657959974  0.04799990748619103
  0.04972193345683400  0.05150241777079597  0.05334564855083219  0.05525074529789004
  0.05722345533924984  0.05925929179637189  0.06133911576653662  0.06346777193792402
  0.06567240900530780  0.06798723186001948  0.07040187093437864  0.07290420227147365
  0.07550506550981853  0.07819745441730025  0.08099044547537107  0.08389002100688636
  0.08691323232749677  0.09004450960915078  0.09327960776337856  0.09664102583149295
  0.10016186004144949  0.10384303964395748  0.10767014979693930  0.11163659728428819
  0.11578001974174647  0.12011637909448586  0.12460637382168088  0.12923443512915322
  0.13407461320959291  0.13920623866017975  0.14458198258085039  0.15015001315285997
  0.15590965685671010  0.16193759618888925  0.16834691293637197  0.17519450747717899
  0.18241170460376360  0.18996495029669974  0.19785935704217666  0.20619736895991891
  0.21498920521635184  0.22437224107452478  0.23441944490020106  0.24510199980966987
  0.25637462616112533  0.26826768247911437  0.28087985546033278  0.29435925114773936
  0.30890953621801598  0.32444067276131866  0.34111147407194475  0.35934777883399266
  0.37919346001746440  0.40055851060918141  0.42390800800568706  0.44994053474890666
  0.47928804648623169  0.51260101107900746  0.55107022969966013  0.59761504703932278
  0.65714561370299385  0.74417035339974436  0.86795339966617624  1.00000000000000000
 -0.00101953350118493  0.00394851987712888  0.00915324354886937  0.01431579808009802
  0.01951850271399932  0.02479929902404715  0.03012051782074282  0.03549437624389123
  0.04097272380979528  0.04653470541606795  0.05214815015005534  0.05778677514937854
  0.06348956942384650  0.06926384903256508  0.07508101717912689  0.08091977745693499
  0.08677473190408101  0.09262618941952205  0.09848919644512795  0.10436389812932136
  0.11025633350169989  0.11622099108459211  0.12229089709026038  0.12844908168408473
  0.13466146885702338  0.14090458595907790  0.14717855247590347  0.15348423365175332
  0.15979117125469472  0.16613807327099844  0.17253059713929322  0.17897018941817397
  0.18545988905393385  0.19198183480963904  0.19850807386258207  0.20505864201810464
  0.21172330179230547  0.21844777403650756  0.22526555606160034  0.23210676975001418
  0.23902979942217106  0.24600972282539571  0.25312958501255611  0.26030976084887503
  0.26759118752314159  0.27506379795660491  0.28252918478614780  0.29002625116981673
  0.29749789228817863  0.30509885027766970  0.31286439120949933  0.32076474743813049
  0.32876284350001206  0.33689142767683816  0.34511926196741466  0.35347285781031668
  0.36192566351335809  0.37051238414026161  0.37929465072057406  0.38828661681433629
  0.39747326823883855  0.40684346721881048  0.41633971041000373  0.42600327260506388
  0.43582766732481132  0.44580774598713341  0.45581962040089608  0.46585192851913304
  0.47602376334330443  0.48644400427199669  0.49705003013206406  0.50791523879075717
  0.51905725249614687  0.53049249803053178  0.54211081958208118  0.55392678971510634
  0.56601195731791665  0.57837615001171205  0.59117549486565002  0.60449969423197181
  0.61829561206997719  0.63261662103193383  0.64754267148281464  0.66303128544345746
  0.67929222270466616  0.69645946824641070  0.71428500985744203  0.73322881291873876
  0.75339229643558003  0.77488151611827283  0.79819209689163129  0.82381742646003342
  0.85270121894943030  0.88724610071570964  0.93354589410247979  1.00000000000000000
 -0.00229017347978973  0.00900724895255019  0.01918849508107155  0.02976176537068126
  0.04043285093935994  0.05080022379713051  0.06148417265528801  0.07207834318883750
  0.08262438368987636  0.09310259973247127  0.10354909580685595  0.11417179872286347
  0.12486778216254822  0.13547437742755772  0.14620916196004574  0.15688985458597757
  0.16770632881169908  0.17822640024906228  0.18885664724621773  0.19950691481677005
  0.21015760889359689  0.22044238948130013  0.23097412644886250  0.24152453872013704
  0.25208362964927788  0.26225147996567133  0.27248095587729076  0.28281254858717347
  0.29337830642260132  0.30401216918442070  0.31441957510136931  0.32491549804954573
  0.33530035830733024  0.34595042424941574  0.35642804721264593  0.36695615910505963
  0.37733926952851332  0.38786828394748940  0.39826845380303338  0.40896296904134044
  0.41956222280780009  0.43041925607346726  0.44108560269150360  0.45156389075317183
  0.46219358529325094  0.47269640631423337  0.48317791439722640  0.49340146163395554
  0.50362091527990283  0.51452355511856318  0.52504600067051099  0.53585017310194649
  0.54648245735303136  0.55720478442898425  0.56796388980158574  0.57860523443070011
  0.58920988790932194  0.59994465257489371  0.61056244936309001  0.62130333314274422
  0.63192120951865582  0.64257435846374222  0.65307734571355869  0.66367452062186205
  0.67400562179035672  0.68433116562900587  0.69457185957590972  0.70476594463756126
  0.71502815401364561  0.72504989534485076  0.73564084368162697  0.74640096555590729
  0.75699110853590057  0.76749272570403326  0.77783402494630949  0.78802878542985411
  0.79835865770589365  0.80851431578267452  0.81894517598862393  0.82942329454821506
  0.83998649237947542  0.85093054987900729  0.86159839461196108  0.87213622159492599
  0.88278570003586920  0.89328408210867738  0.90391149091264689  0.91444268821971675
  0.92499422066470816  0.93543151827161908  0.94601446080856144  0.95669910365017452
  0.96750367782514934  0.97813230324584777  0.98908634889613833  1.00000000000000000
 -0.01385674607344841  0.06275901452227155  0.10901459345429933  0.14407035741309582
  0.17372011204179544  0.20010371352455072  0.22413023377308150  0.24619827106897010
  0.26647711406308849  0.28545502155040436  0.30338137416808125  0.32030986330736089
  0.33650285470791275  0.35197386081743065  0.36683467268585834  0.38121895517989979
  0.39522529906817894  0.40878864776945445  0.42192305019572524  0.43470799783067510
  0.44693157033417596  0.45894037507935864  0.47076076522752214  0.48218266808510862
  0.49311088292852373  0.50388242747513035  0.51452035725973344  0.52496527187607545
  0.53528069052663474  0.54540253661389393  0.55535944040532015  0.56507283849972201
  0.57449179702587871  0.58366885366184129  0.59277637308299025  0.60181792531519962
  0.61077614120393031  0.61961430556237362  0.62821486967029794  0.63686991637682322
  0.64545003692183744  0.65380646909896156  0.66209510297421692  0.67025866666691025
  0.67841435427032160  0.68646451401313446  0.69438990572309423  0.70223105112669926
  0.70995204878300577  0.71758092843611643  0.72510653740826980  0.73256880543268332
  0.73994999744859968  0.74718720638365710  0.75424385138992478  0.76123423459689288
  0.76826661642949867  0.77520759080102419  0.78199337801515501  0.78868581534563498
  0.79531328026078441  0.80186488270991507  0.80832761305575096  0.81474101781212482
  0.82115646159902922  0.82752906347359134  0.83386858128192909  0.84021930300135228
  0.84656837325511736  0.85286903886988696  0.85913160838442515  0.86537183270378837
  0.87156035691757028  0.87768083902688976  0.88373981607531338  0.88971896823199126
  0.89559522442412742  0.90139792649825412  0.90718245651188545  0.91298758133120872
  0.91873652321836419  0.92436545443325102  0.92992405700143743  0.93545978757989845
  0.94098822144802441  0.94650389321543538  0.95196773549984182  0.95737244612929384
  0.96274469625737913  0.96810462973015665  0.97342218157715033  0.97873098719626872
  0.98402864094787346  0.98934508289450429  0.99465631236842933  1.00000000000000000
 -0.00222841993666571  0.00883324392637813  0.01871505984840382  0.02943578025553520
  0.04001786613341415  0.05061475652672593  0.06114565335310938  0.07186635915668760
  0.08265981952035717  0.09317722882097253  0.10371139144942079  0.11414572047110497
  0.12463012899799743  0.13511990850787448  0.14548307217168596  0.15626716690457360
  0.16699343818190979  0.17780539930610587  0.18844044790667003  0.19892462244993889
  0.20935133359326499  0.21985407271680138  0.23043862044364280  0.24104461233134128
  0.25168747789908474  0.26244392569085701  0.27300503297030843  0.28353871560172350
  0.29396798912139388  0.30444273108340597  0.31477050171925547  0.32523711238598479
  0.33568541718958184  0.34618422178200386  0.35677997837938574  0.36733292098240622
  0.37776264643328861  0.38818150326599027  0.39870317813867384  0.40962661892495444
  0.42021212382114703  0.43083284063590310  0.44151066196530325  0.45219183786962508
  0.46282219926289603  0.47335311966725707  0.48396104291182945  0.49453679185684996
  0.50533652256288675  0.51575359609272697  0.52624227756092479  0.53655712385403609
  0.54731163202337618  0.55797532611407152  0.56843780304499214  0.57872246295104979
  0.58928581933880886  0.59967528348791765  0.61029979933543788  0.62058482360725742
  0.63098088735406577  0.64139434432759634  0.65200572690143643  0.66266335226333850
  0.67321253722527186  0.68400039844212357  0.69453448041148214  0.70495015727035648
  0.71521746745133263  0.72547129238329600  0.73584420927948935  0.74602946225531397
  0.75642181162370004  0.76695635800268436  0.77767128480914394  0.78844363035647702
  0.79903005544983396  0.80934760129444394  0.81981634482949806  0.83045393278145463
  0.84105349061376311  0.85167935520950022  0.86238212010294002  0.87295663549358982
  0.88328484270654417  0.89364737578819942  0.90399375690483619  0.91465754488608486
  0.92501820759390330  0.93568949841004334  0.94634526611324354  0.95705072616104769
  0.96779973729967983  0.97833820214594014  0.98917388486532287  1.00000000000000000
 -0.00218369847179991  0.00876147329528791  0.01903718194518621  0.02948290361345304
  0.04026141928031490  0.05087235966643565  0.06155947955946670  0.07203642555064664
  0.08248746159910987  0.09270982079229000  0.10305479379044778  0.11351297906931396
  0.12413760950615341  0.13463303094453660  0.14521623299431075  0.15576661690177834
  0.16649338250415763  0.17708587995629843  0.18766987379860556  0.19814142896697118
  0.20865876282739421  0.21928968406477875  0.22994390013220592  0.24045549557402007
  0.25101038484304583  0.26163746887532713  0.27233515269583958  0.28310807560614348
  0.29371743354897584  0.30420373834640035  0.31466177873386952  0.32514130074960890
  0.33563923184270883  0.34607581997181225  0.35669271344704734  0.36748588150252604
  0.37815137244592451  0.38861873542971170  0.39926276430336310  0.40974519313036045
  0.42028124996335936  0.43062006387301205  0.44107599256971064  0.45167884629303501
  0.46239753375052706  0.47328711569911769  0.48428071321250943  0.49520837229051773
  0.50580429681744843  0.51607274909110568  0.52654870325322467  0.53693916008675580
  0.54742613484308811  0.55766373772139322  0.56801321115275916  0.57876385398247943
  0.58926957559233173  0.59962261629552183  0.61016850836731473  0.62087668001079233
  0.63142460171411297  0.64186661432101677  0.65254956588125723  0.66304892781625890
  0.67355065922999990  0.68390170071727674  0.69448867922218482  0.70505594397983518
  0.71573288790685663  0.72653453196430762  0.73697828876838101  0.74752460090143746
  0.75757299940863387  0.76798676740232497  0.77823070501352354  0.78874635168823659
  0.79877614624520810  0.80895655490050555  0.81931518700979367  0.82979444284191162
  0.83995893624508877  0.85013885384309495  0.86055427212270441  0.87144094123290972
  0.88225096634229905  0.89310308106331515  0.90396375071544177  0.91462559323231496
  0.92529689543052562  0.93574399463608549  0.94633993385932502  0.95687008763381309
  0.96771309851344767  0.97841920550414130  0.98922779064424160  1.00000000000000000
   6.6715000470446042E-008  -1.0000000000000000     
 F F F F F F F F F F F F F F F F F F F F F F F F F F F F F F F F F F F F F F F F F F F F F F F F F F F F F F F F F F F F F F F F F F F F F F F F F F F F F F F F F F F F F F F F F F F F F F F F F F F F F F F F F F F F F F F F F F F F F F F F F F F F F F F F
  <DiscreteSampler_grid>
  grouped_processes
  1 # 1 for a reference and 2 for a running grid.
  10 # Attribute 'min_bin_probing_points' of the grid.
  1 # Attribute 'grid_mode' of the grid. 1=='default',2=='initialization'
  0.0000000000000000 # Attribute 'small_contrib_threshold' of the grid.
  0.5000000000000000 # Attribute 'damping_power' of the grid.
 # binID   n_entries weight   weight_sqr   abs_weight
    10   10   1.901873722555046E+004   8.813706472759281E+008   1.901873722555046E+004
  </DiscreteSampler_grid>
