  0.00240992198878152  0.01619130820239274  0.02997273453155878  0.04212552812144935
  0.05392450889349081  0.06537638964086062  0.07662448238925965  0.08783731537963556
  0.09893978284148217  0.10988016139744128  0.12068673423753581  0.13155258798513120
  0.14236997694806464  0.15301883041872427  0.16357088974850498  0.17426866893565768
  0.18509987329453778  0.19591420869546672  0.20651110868962508  0.21706764386337682
  0.22760015856839300  0.23828903060062925  0.24909402338615733  0.25996784664252848
  0.27080259473430757  0.28148277140323019  0.29202654852340082  0.30244769940990301
  0.31286953633739023  0.32330295778414730  0.33373138345634462  0.34414630906975124
  0.35454434489453818  0.36496701745726667  0.37544519533130988  0.38600797210401500
  0.39664617193331825  0.40733111676751194  0.41803500730063003  0.42873455212520883
  0.43935880779009229  0.44987691704581945  0.46036158670905247  0.47087027523078923
  0.48139144701066550  0.49182272691698375  0.50223127140184110  0.51270081596222383
  0.52321405044345526  0.53371223797819356  0.54425481467211145  0.55488222340293469
  0.56554719768558326  0.57609065354926714  0.58654215098890305  0.59695126247323083
  0.60730365038653378  0.61765101031631531  0.62801787162601663  0.63842072307550779
  0.64886098892098598  0.65925207592856838  0.66964772945570894  0.68000675662697119
  0.69034556593133611  0.70070391130542520  0.71107743295245929  0.72147595464427228
  0.73184949574647906  0.74216811337589628  0.75241574229671682  0.76259047194272656
  0.77275554912556654  0.78285757490952124  0.79287576594460962  0.80287794491315834
  0.81295081162175575  0.82309893376468812  0.83324421481027988  0.84334044623124127
  0.85344571813640846  0.86356796951124049  0.87372044848343489  0.88387529008480814
  0.89400740792393041  0.90409254536636097  0.91410811498744371  0.92409737607603493
  0.93401369779499555  0.94368933214195916  0.95307364450826459  0.96217478715425320
  0.97102440953560520  0.97930198494661602  0.98738665654098068  1.00000000000000000
  0.00243204374201412  0.01615550313729706  0.02981726552745968  0.04219826980557269
  0.05403365815018376  0.06568959132204276  0.07715741745904839  0.08839398688940187
  0.09939586194083203  0.11031878179143791  0.12125567165907387  0.13228106312037902
  0.14338092808616734  0.15436376387813852  0.16516249565666183  0.17578739822892001
  0.18634709030963245  0.19695055195362185  0.20752478662585241  0.21809103745341571
  0.22863676059976498  0.23930411681880986  0.24998056175890318  0.26062628860321868
  0.27123874451750896  0.28191919031983614  0.29253715553269177  0.30307411629659020
  0.31357122597292547  0.32419081544453437  0.33493322333785575  0.34571579583553602
  0.35634120762165111  0.36679484133142304  0.37718853647592571  0.38760623338970068
  0.39800416236509645  0.40844446427585007  0.41892934343498783  0.42948766093715202
  0.44003748648284802  0.45062932250094845  0.46123070526358728  0.47178439587014009
  0.48220623103095428  0.49255681100231979  0.50286468130399664  0.51315007563995318
  0.52343339103829600  0.53377714910743845  0.54420561678191692  0.55466789004023076
  0.56514871730847582  0.57559684551652812  0.58600327320070889  0.59642397981886830
  0.60680419683986075  0.61708273006000203  0.62736068195734218  0.63765707591111276
  0.64791959734812121  0.65811068038879361  0.66833300418242658  0.67869324953070587
  0.68911642626206415  0.69950306853628330  0.70977455121495980  0.71991588025589159
  0.73002352985079744  0.74016538333179305  0.75037863177488995  0.76065722872068353
  0.77092587490396469  0.78116766468784293  0.79136161895280588  0.80157358447083882
  0.81178022847282505  0.82195019561906313  0.83207368531214221  0.84217464711944712
  0.85226688443441634  0.86230923978861285  0.87232722249661410  0.88234250158059102
  0.89237696804757372  0.90240738001628595  0.91237687736783990  0.92221292355823026
  0.93188762320428631  0.94141800321935309  0.95081503339144602  0.96007608841505720
  0.96910938617737585  0.97778244885469823  0.98583909830020400  1.00000000000000000
  0.00849846760027639  0.01016372400002601  0.01124494321506616  0.01225140540775204
  0.01328903479043454  0.01439418446407793  0.01559048116407626  0.01684076069051210
  0.01805911719182333  0.01930018974265493  0.02053404769955017  0.02174749914862840
  0.02297481285341371  0.02424692673449242  0.02549694644593287  0.02654230621131101
  0.02752257335184697  0.02868382882640255  0.02991653111603286  0.03115303364930868
  0.03240683022414174  0.03368635469777333  0.03499471778634761  0.03633830570000691
  0.03771930069017224  0.03913794830395740  0.04059579929823318  0.04208971015114803
  0.04362220582008895  0.04520459320573125  0.04684270206290764  0.04853313208693483
  0.05026893995030072  0.05205128351487436  0.05389413457981929  0.05580172971121719
  0.05777422236871799  0.05981482898172528  0.06193599545725557  0.06413716605561277
  0.06641129592243755  0.06875785635875761  0.07118185351236965  0.07368847319723887
  0.07628284209245725  0.07895451133055657  0.08174084424936087  0.08463820987074158
  0.08768381435269615  0.09083778040801649  0.09409874963147073  0.09750034679566459
  0.10105625981029392  0.10474208679964302  0.10855499675818812  0.11248328194667961
  0.11658686465374096  0.12087488738130199  0.12538626402720063  0.13014091528429167
  0.13508927400150131  0.14021301036573175  0.14559690173465975  0.15130927623980062
  0.15734024379755018  0.16363300414809934  0.17018099392502814  0.17702004422252457
  0.18413103353519522  0.19157541637650075  0.19946263795130448  0.20787887411305447
  0.21679999596159510  0.22625099832967896  0.23630344034194400  0.24698892166867989
  0.25832960852447173  0.27034630470677395  0.28317705225380208  0.29689804425138433
  0.31162194074878086  0.32750443143750918  0.34486628862805457  0.36368292548730208
  0.38388001126192650  0.40578410064356607  0.43006541125902603  0.45715188942704166
  0.48768719059893267  0.52241580935742060  0.56221537629286289  0.61011681780492488
  0.67418506550189750  0.77792279486542171  0.88039371410485967  1.00000000000000000
 -0.00107219261541697  0.00407689428121939  0.00931374828792783  0.01457339058420301
  0.01989982230674368  0.02529543718110037  0.03071915267420675  0.03613753649810493
  0.04154824560802399  0.04695605351506116  0.05238784875334249  0.05789144163959675
  0.06350543158735594  0.06917899317916944  0.07487094622964320  0.08059050613661134
  0.08635293481954259  0.09215870382521944  0.09802193339256160  0.10392542705990429
  0.10984680902137145  0.11579559716860138  0.12177792215382749  0.12781431771065974
  0.13390479379792647  0.14002720969174606  0.14617599757365912  0.15231623251327694
  0.15851710324815721  0.16488695464888917  0.17136543944428145  0.17787960463188834
  0.18441516118023388  0.19100434294294139  0.19767691151924727  0.20440465764084820
  0.21116974742865224  0.21799485534013080  0.22487356590379878  0.23184021994785758
  0.23885105060645750  0.24590336867687351  0.25303818001594547  0.26022764485529343
  0.26750969672545449  0.27489843486578097  0.28235094392463844  0.28993325168221973
  0.29768213970338842  0.30554036653523220  0.31343123160754938  0.32143887493398948
  0.32943719433003965  0.33753551717079550  0.34571701401422722  0.35405190646994528
  0.36250985554366011  0.37104989070355876  0.37966983140610483  0.38844215191331394
  0.39740723645579024  0.40652197619802433  0.41576947345254500  0.42511508701540446
  0.43462418555923821  0.44435412353161735  0.45430701507534615  0.46442551355489237
  0.47472303255640103  0.48517887294855810  0.49585718065565582  0.50681046867984569
  0.51803679923835810  0.52958723724145573  0.54139701025260045  0.55351795421175465
  0.56595301058093539  0.57873362747461021  0.59184577982371234  0.60520884867203384
  0.61904053934144743  0.63336942237157845  0.64840290542671875  0.66394343161407599
  0.68013444025514158  0.69706864942803526  0.71499232492642895  0.73403637878747474
  0.75412148937785184  0.77536986284510712  0.79832951684216658  0.82405259526517050
  0.85350542204457658  0.88778313483673998  0.93297754386474285  1.00000000000000000
 -0.00225111466342401  0.00898005448305529  0.01894086052931313  0.02963119814707778
  0.04037437943063116  0.05051305272360778  0.06104446361897402  0.07172161539991910
  0.08222956265516344  0.09275423705298323  0.10321745217364138  0.11392818581596467
  0.12447981422820008  0.13521824539715482  0.14587094699034542  0.15669141058416564
  0.16730827797578804  0.17806018852863820  0.18886632230456124  0.19954292962532991
  0.21017967131235690  0.22050967016959230  0.23116582062609084  0.24178113875512680
  0.25240726146536685  0.26282735690490078  0.27313457019924242  0.28358523374500827
  0.29389220653224379  0.30448655513815104  0.31501256838299307  0.32565557325308458
  0.33613219203703310  0.34653953639074275  0.35695846209692556  0.36730594727675070
  0.37769997456814436  0.38812862385803915  0.39858981628229256  0.40900094110903557
  0.41946625150210848  0.43017788277804725  0.44080966784722819  0.45123802495874399
  0.46162225900943604  0.47212876178388757  0.48291704268050245  0.49341316307158983
  0.50406806531933290  0.51441806155113334  0.52486964947183545  0.53514015443112795
  0.54535050503387505  0.55592092939259308  0.56639322425766281  0.57714180566556428
  0.58770097017867640  0.59841635351967437  0.60917726869231559  0.61975909095617343
  0.63032894242541349  0.64061255879336798  0.65099062639699334  0.66147981548025914
  0.67211290671517021  0.68272530461449454  0.69334881505466606  0.70391577522179749
  0.71446800529243049  0.72502887244755387  0.73543511998840094  0.74595820109413968
  0.75630239757400453  0.76653580107920749  0.77676578923433959  0.78702814922830078
  0.79748522656415943  0.80807413446953147  0.81879735919478236  0.82951892151726803
  0.84013866676125748  0.85070595594767640  0.86133873434631048  0.87186471490881901
  0.88235553988418114  0.89290339756238524  0.90349406670972754  0.91422943655010069
  0.92494327105431295  0.93558321225914698  0.94603634448487217  0.95660908940160594
  0.96736097963067469  0.97829268552876925  0.98908910193126409  1.00000000000000000
 -0.01420554964760372  0.06377477854409996  0.10923844341004946  0.14458449940612611
  0.17462809826952810  0.20090755744272337  0.22453794439603220  0.24620896183092242
  0.26631781484940492  0.28531967913706291  0.30329710603222676  0.32034773510031539
  0.33656654660754831  0.35219377102002142  0.36716595699418719  0.38163398666589560
  0.39543192154512335  0.40867349830883881  0.42157709220694078  0.43423635195021010
  0.44652861005571204  0.45848360019997264  0.47003009338398311  0.48129007013584019
  0.49225654633834870  0.50298369321716385  0.51346242605116554  0.52383364488330186
  0.53398220798490914  0.54391269416887456  0.55372042095084151  0.56350390293785413
  0.57315943412306969  0.58258949169147445  0.59182251445844969  0.60096659139117548
  0.61000711789504369  0.61895735480172309  0.62785206734322185  0.63663412771074457
  0.64528762383517224  0.65372916589964536  0.66201262324366894  0.67015328717711642
  0.67823949607725442  0.68618621861248230  0.69405997841647460  0.70182251497265102
  0.70943956267835995  0.71698482632591187  0.72439802713215573  0.73174100848229096
  0.73900202931784464  0.74617517296282732  0.75320931884433029  0.76017724727519398
  0.76714054029029466  0.77411079082710110  0.78099974748873791  0.78778831957110629
  0.79443210300155387  0.80097942361444974  0.80745127105688408  0.81385606369554808
  0.82022137464439460  0.82658952057323887  0.83299557544682268  0.83944044504283044
  0.84586813045815168  0.85220978843099515  0.85841133054944740  0.86453912552582224
  0.87065571367828221  0.87671859151968345  0.88271036111386181  0.88866032392732441
  0.89455415503825253  0.90037885678392460  0.90616220391295332  0.91190909219041216
  0.91763612939846684  0.92333991219142741  0.92898235406394292  0.93457381494929159
  0.94015750593157654  0.94574509910677185  0.95130337238849749  0.95681517336695876
  0.96229989985527553  0.96779809107587722  0.97328791172558371  0.97874179057591837
  0.98413176347786480  0.98946358916222565  0.99475322851234005  1.00000000000000000
 -0.00224825906019996  0.00903887816939089  0.01858920440841243  0.02926613822358315
  0.03957192702375412  0.05022766542910412  0.06039829150873265  0.07100371637609565
  0.08145941923392158  0.09211232882175947  0.10281751320174327  0.11330534900443351
  0.12383894262236339  0.13432902123455120  0.14491852104032271  0.15540503915704196
  0.16600133492967475  0.17663548064534784  0.18698741282048451  0.19734476848951676
  0.20751515819718119  0.21805402649902902  0.22837534669158274  0.23889747846062309
  0.24946884887277368  0.26012988763956879  0.27089369567595217  0.28150057558868646
  0.29211402024321265  0.30244674486965756  0.31290228918577478  0.32343676520330322
  0.33410718329821520  0.34468811751822104  0.35518974418842952  0.36573653238674197
  0.37633592337177935  0.38690151922154037  0.39751899763214527  0.40838817959759166
  0.41917462760474944  0.42992023214480835  0.44050083930020351  0.45082594908448836
  0.46139690292009738  0.47187719737170436  0.48248510134414424  0.49298494275963411
  0.50355576785120970  0.51450569985147909  0.52523091891451801  0.53584485090502521
  0.54645362441113443  0.55692708115530565  0.56753204797137979  0.57800920246240839
  0.58838004856306458  0.59878563359386283  0.60916693221009621  0.61956388439979304
  0.62995631810699970  0.64053881954406799  0.65120762435934831  0.66161721013848906
  0.67214381999999917  0.68255093707521319  0.69287653666886473  0.70327743388850394
  0.71373543629729563  0.72433367162597873  0.73488653253052449  0.74552386310096308
  0.75604632803818972  0.76653154773746190  0.77698009988953665  0.78751738223173595
  0.79804680639578818  0.80862917155753666  0.81925790317178393  0.82986776584831634
  0.84044817301642327  0.85111093182632258  0.86175406026009682  0.87239998948566533
  0.88308626431950754  0.89379674198365233  0.90437045425663998  0.91483802633971578
  0.92525861313811586  0.93588141867116525  0.94649012772921870  0.95731316388072296
  0.96788528823176345  0.97871691806045025  0.98927488791055418  1.00000000000000000
 -0.00233559857429160  0.00922580637807398  0.01919617956626282  0.02985945041118241
  0.04038872818907487  0.05081502421973164  0.06147376635558711  0.07207783210584179
  0.08253590423671629  0.09297412484029781  0.10355885597882337  0.11411979323823099
  0.12467466447697953  0.13531153230773305  0.14572552100686764  0.15603192649050227
  0.16650458765405016  0.17707468874478591  0.18760158218469219  0.19802137050547980
  0.20848774029795761  0.21920145257228113  0.22980330662304088  0.24044215468922581
  0.25126466745105214  0.26201986468314836  0.27263575896420406  0.28300387236821190
  0.29339529638107958  0.30383544531721723  0.31432981157290646  0.32500415847157582
  0.33566007734691228  0.34620010565577392  0.35670465533572610  0.36739448356372317
  0.37791990934682845  0.38827243775570297  0.39864992166240759  0.40923319217232057
  0.41986848938428467  0.43038489969503296  0.44091855599378266  0.45140140435396503
  0.46206089007850354  0.47280033512563691  0.48355978410188977  0.49422908071758115
  0.50474397048216058  0.51531116484293216  0.52594688615579654  0.53671429058167530
  0.54746231745212537  0.55804072500873958  0.56864221514366475  0.57924457609159308
  0.58963160077702503  0.59980087392330239  0.61003186653787400  0.62042786278681750
  0.63077208207948687  0.64117171863091227  0.65159218298294352  0.66233715215151623
  0.67285107348358864  0.68330319338001477  0.69370869721284678  0.70412080068304173
  0.71455964700978780  0.72506446654103895  0.73555094928362830  0.74614247511978715
  0.75672144501356620  0.76725448419581599  0.77787323585521551  0.78833341634944043
  0.79866182877530933  0.80894238732644019  0.81940863521564100  0.82988661018825460
  0.84051417986838339  0.85102508974428370  0.86162551459103687  0.87207208587382146
  0.88265238557947834  0.89321556328356844  0.90358865989428794  0.91384672044790449
  0.92433045805480085  0.93504518667194536  0.94608079378246246  0.95683372549033663
  0.96756434121956436  0.97825146042117184  0.98907079599493375  1.00000000000000000
   6.6583118993845104E-008  -1.0000000000000000     
 F F F F F F F F F F F F F F F F F F F F F F F F F F F F F F F F F F F F F F F F F F F F F F F F F F F F F F F F F F F F F F F F F F F F F F F F F F F F F F F F F F F F F F F F F F F F F F F F F F F F F F F F F F F F F F F F F F F F F F F F F F F F F F F F
  <DiscreteSampler_grid>
  grouped_processes
  1 # 1 for a reference and 2 for a running grid.
  10 # Attribute 'min_bin_probing_points' of the grid.
  1 # Attribute 'grid_mode' of the grid. 1=='default',2=='initialization'
  0.0000000000000000 # Attribute 'small_contrib_threshold' of the grid.
  0.5000000000000000 # Attribute 'damping_power' of the grid.
 # binID   n_entries weight   weight_sqr   abs_weight
    10   10   5.167043052872345E+003   7.335685111136986E+007   5.167043052872345E+003
  </DiscreteSampler_grid>
