  0.00231319577668954  0.01635874946805100  0.03036430173819389  0.04263627618968805
  0.05434032370497874  0.06578474588006189  0.07692156912361832  0.08808261708741132
  0.09920425713439909  0.11017103612840323  0.12124197327482446  0.13190401234419977
  0.14280148411501775  0.15340515384557804  0.16420564335499382  0.17502870051771044
  0.18571971123844505  0.19649472446870442  0.20728518422043571  0.21811714625125991
  0.22878605362770008  0.23938597154836105  0.25005184761042143  0.26075139715881185
  0.27148481651354250  0.28211042150887233  0.29274013930166598  0.30315231758825795
  0.31350270109393902  0.32386122614702195  0.33441659334272950  0.34497215279696586
  0.35535823099374775  0.36575203435487685  0.37616741157495609  0.38662910811353141
  0.39708950363631973  0.40746655774081408  0.41781407451423663  0.42814435189395933
  0.43856205618352495  0.44913332207019913  0.45971807989368291  0.47026565691635974
  0.48089778457186394  0.49159613562443910  0.50235093699159494  0.51299915189891365
  0.52356783168359888  0.53399884959656796  0.54441098643777286  0.55479620259318951
  0.56521178886626322  0.57557061201029069  0.58597994279847498  0.59649447184917614
  0.60709593612415025  0.61769351942554840  0.62822716139917734  0.63875417424830871
  0.64927210381804223  0.65983016941433292  0.67042581877569118  0.68097105481073872
  0.69148845110914425  0.70206309829414593  0.71260834825053587  0.72302814506886826
  0.73319456846801256  0.74334697546342687  0.75351932761907303  0.76372442768355719
  0.77395136031055078  0.78423495034179325  0.79458146063404422  0.80478902007045905
  0.81492342287217767  0.82499313824916609  0.83499223924888366  0.84490547381704517
  0.85485590562308689  0.86497309673631628  0.87518860611326288  0.88531989942522982
  0.89539002350468966  0.90537158471827772  0.91533747765036189  0.92526862613957461
  0.93512852766134180  0.94472913767805144  0.95406209337585057  0.96313624762654670
  0.97191555526538886  0.98010107997811369  0.98831499805315637  1.00000000000000000
  0.00236269379036433  0.01638978456775856  0.02985196575589206  0.04174104699142022
  0.05334330809493898  0.06477792114336321  0.07589552323109608  0.08697013758778153
  0.09817840111248725  0.10931437459780664  0.12018357510131758  0.13098449132005455
  0.14193848660459699  0.15303598443852778  0.16393486925825201  0.17474730488007975
  0.18557512889873354  0.19633540675292394  0.20711122837485405  0.21781556852669254
  0.22855982033190622  0.23925998039107271  0.24989352973879733  0.26050398561437998
  0.27104967666367968  0.28162796181694905  0.29219235590876347  0.30267296131111487
  0.31315509043150291  0.32362072771388567  0.33404899328407395  0.34443989052639123
  0.35491580089815966  0.36545127496857061  0.37592281136990702  0.38622127281783963
  0.39650994050060989  0.40681761393383714  0.41722212686187193  0.42766676304594553
  0.43812641172122585  0.44858374097755604  0.45911277126600003  0.46964565979681894
  0.48008266052350662  0.49029961289324597  0.50049588959548486  0.51073590300949723
  0.52099768158472071  0.53128699346134045  0.54165747894406524  0.55213740532997324
  0.56261622768439845  0.57303656097419720  0.58340394890219449  0.59375015526566521
  0.60410611200727482  0.61448091018616235  0.62482703415080554  0.63514008604097405
  0.64544752983890463  0.65574867899193878  0.66604630728285308  0.67640481546660447
  0.68685007046366542  0.69730074621257221  0.70772256350941376  0.71812525791692616
  0.72855692884349410  0.73898980561429284  0.74940491504487927  0.75984127671498902
  0.77026379461138328  0.78065752971711777  0.79102380846680975  0.80137158370200312
  0.81166104667532601  0.82192228909016385  0.83217597324026660  0.84240521943555113
  0.85255556721853487  0.86254614812105224  0.87251131877918375  0.88236248939778250
  0.89219925220276286  0.90197663652598659  0.91174355981608013  0.92140906771806830
  0.93104145949855532  0.94065604255821200  0.95023469985524123  0.95964277807108245
  0.96873943519713668  0.97747718170811770  0.98566797346329660  1.00000000000000000
  0.00528424930140076  0.00696135348822196  0.00856887691250149  0.01005081980154140
  0.01146414021396682  0.01285418957574806  0.01407668051111206  0.01526490781832589
  0.01648616765930300  0.01775783477290826  0.01904523977181341  0.02036160458842923
  0.02173771823110072  0.02310887357660513  0.02435842335354076  0.02547768452203934
  0.02649816934796445  0.02750043102558500  0.02864365297214158  0.02988008386809613
  0.03112903335628514  0.03240837730258359  0.03372011257744730  0.03505823131395928
  0.03643009557338998  0.03783916007710947  0.03927943647666784  0.04076134454927902
  0.04230216500489149  0.04389194044913489  0.04550732627143301  0.04715046138230751
  0.04885420521605293  0.05062321415551804  0.05243784221739260  0.05430430765901778
  0.05625723974935903  0.05829930857310724  0.06041527797723989  0.06259383775241492
  0.06483896579927256  0.06715862312487061  0.06957935577563301  0.07209956774915217
  0.07470284242270335  0.07736557551165843  0.08011519090973039  0.08298579430529994
  0.08599210495959529  0.08913542562364818  0.09239945303518854  0.09578037053024033
  0.09926916453088636  0.10288508991290285  0.10664434457197892  0.11052853765974298
  0.11455187682567698  0.11876592061239891  0.12323402309866158  0.12790922040580943
  0.13277229952657429  0.13784056726733948  0.14318710691800618  0.14881770211925963
  0.15474143068514884  0.16096759787197129  0.16754766444579036  0.17447253392456410
  0.18172797760154802  0.18930734822018414  0.19732200906607469  0.20583003499717079
  0.21476046653391609  0.22406204561873783  0.23383307685451324  0.24426119152857187
  0.25543598288988645  0.26732163219604183  0.28007089232987281  0.29371690411452539
  0.30831971376313561  0.32402179876050330  0.34100723366503261  0.35946079253860158
  0.37939815348574724  0.40110628476427052  0.42509214465509421  0.45183580969244214
  0.48207444861102083  0.51646968460828646  0.55623164688735771  0.60427369558152710
  0.66547026589404146  0.76387363981211431  0.89446895774724000  1.00000000000000000
 -0.00103591706587566  0.00395269987938936  0.00926462752528631  0.01457260387353288
  0.01992547876525447  0.02527269997352400  0.03058574122741162  0.03593645815611049
  0.04134629296535930  0.04680882523157267  0.05230288591233975  0.05786287002155648
  0.06348552025903786  0.06916648088966039  0.07487973886542236  0.08062263579146585
  0.08641448690070877  0.09227468178060955  0.09818216655049437  0.10410106708123905
  0.11000471481351180  0.11589037054151438  0.12178470853506203  0.12775199730326117
  0.13381737588529646  0.13993207882871661  0.14606804011094346  0.15220354643510520
  0.15835875429296151  0.16464823338569137  0.17111695102861046  0.17766565863887701
  0.18423327553759633  0.19081547887638386  0.19743686386259018  0.20409784584404844
  0.21081455065510243  0.21757374943469571  0.22441604246666741  0.23132080556431273
  0.23824997416870272  0.24519763053437474  0.25225843024589445  0.25943999359604425
  0.26668902596144906  0.27392582062402676  0.28128444307541206  0.28877848003468498
  0.29650227526935308  0.30433983910872614  0.31227217450237799  0.32027395982809648
  0.32842058999089518  0.33670968208508889  0.34505760044523448  0.35345165363424336
  0.36198828820330131  0.37072966847221561  0.37963702513766817  0.38862848932294131
  0.39764772095854534  0.40664792766577196  0.41572354624405555  0.42504198434824580
  0.43464160548218816  0.44443206315369777  0.45436535588377269  0.46444106674236757
  0.47464477605449956  0.48498369366768229  0.49556752168090501  0.50640791430324705
  0.51745145774340529  0.52865479343404576  0.54015431376293588  0.55206527895067770
  0.56430914288936562  0.57696683885924060  0.58983660292561602  0.60313310873956338
  0.61699714774368819  0.63133956310980732  0.64614966351659953  0.66161379491157601
  0.67795251307132121  0.69499503147258224  0.71290388775004598  0.73182516896936178
  0.75204103157672830  0.77355584346056316  0.79689792564767026  0.82302495851538415
  0.85277249849891401  0.88749706445927123  0.93376572765190813  1.00000000000000000
 -0.00224664999217590  0.00897951822578147  0.01899261634779804  0.02942331313601189
  0.03984886330596886  0.05043531540941503  0.06101203701414681  0.07162201199338772
  0.08189809832153799  0.09252946214664284  0.10285763641290295  0.11350259003183653
  0.12400514681235403  0.13463728183744939  0.14526010387298083  0.15586276829689411
  0.16648143055492631  0.17709697804543600  0.18774279028292817  0.19841865076535176
  0.20898608160523793  0.21955021728303978  0.22989290965221379  0.24058285323496079
  0.25085933270292810  0.26164308981893819  0.27205743207042737  0.28279627949840480
  0.29339916573604718  0.30375924400477311  0.31447264590632967  0.32490688080232166
  0.33542374824862803  0.34565918629337805  0.35606967819780933  0.36665605693393200
  0.37727060263975415  0.38791838213446050  0.39857318867637148  0.40927478860886007
  0.41997016285996491  0.43076358657465452  0.44138776931149781  0.45202747383933711
  0.46262951135577490  0.47338378250833563  0.48429208526385442  0.49477726663732391
  0.50519145637751828  0.51564093683630852  0.52636745963722920  0.53700212737394415
  0.54752283200307750  0.55814178791840585  0.56868699023410019  0.57912131172108716
  0.58970796725652708  0.60028328387644858  0.61096783432785984  0.62146811301509608
  0.63225949015885474  0.64303345597830308  0.65360161366556468  0.66406369158309242
  0.67464907229372306  0.68523611220570568  0.69575869582172789  0.70630698846548001
  0.71663004414743436  0.72699477427071735  0.73742339676240309  0.74789865044177217
  0.75825600771227619  0.76855537900688753  0.77900233638346528  0.78963589896269404
  0.80010186481640466  0.81056331826274231  0.82115510634592648  0.83174316199264986
  0.84213444991846409  0.85249919606050395  0.86303269503535818  0.87361233894335899
  0.88438057829074412  0.89493040355794984  0.90537900078554667  0.91602658856352126
  0.92593106585188123  0.93644528951979855  0.94681320434648264  0.95779448135905465
  0.96851953196158125  0.97884743171625155  0.98948404627176478  1.00000000000000000
 -0.01432768326079587  0.06419028402409030  0.11092585597326431  0.14647260623105207
  0.17616275051167748  0.20220107159727960  0.22565247521413023  0.24699984458891130
  0.26649314924078643  0.28487647474797695  0.30234479992982483  0.31894717687932628
  0.33500094969685956  0.35044974843277171  0.36538211097616924  0.37970106745511650
  0.39359708802013144  0.40709991998094991  0.42021110528197048  0.43285949997704476
  0.44522676020557356  0.45729051046143104  0.46916754723328330  0.48070606497251556
  0.49202806660470538  0.50321530912042090  0.51422973258897131  0.52494078807715583
  0.53530801569844344  0.54539845662969577  0.55529014551491618  0.56507964832493518
  0.57477385084820098  0.58420352714671320  0.59328827770718029  0.60213814885874506
  0.61086047578241376  0.61941269399630361  0.62785712764028401  0.63608087993146945
  0.64422713047902924  0.65235806461017476  0.66051875606138932  0.66859279693395957
  0.67661115732114352  0.68451853609094893  0.69219938650912793  0.69971169446637771
  0.70721184739316367  0.71468580055303321  0.72215929633146481  0.72947682469606856
  0.73674972973204922  0.74398557219252925  0.75112202419020857  0.75820791686170952
  0.76520894245521009  0.77215097930116638  0.77908337495338509  0.78602607689952708
  0.79290203615498822  0.79966151909035299  0.80633699645072254  0.81293205132679569
  0.81947346465830828  0.82596011247067769  0.83241190937303411  0.83882722837063550
  0.84520725866025381  0.85154940936044365  0.85782770080316595  0.86407686781707516
  0.87025323560048240  0.87637676075249715  0.88243748025737878  0.88846021953433230
  0.89443348266070877  0.90033823123452128  0.90621444469331669  0.91208431045602889
  0.91793931525250771  0.92375940631462450  0.92953150004276153  0.93524507792288614
  0.94091225951050494  0.94652155931094284  0.95206907933082541  0.95756112975652297
  0.96298879985220620  0.96836324140647001  0.97371118632678366  0.97904505724424573
  0.98434589281247431  0.98962712023761112  0.99482307876304021  1.00000000000000000
 -0.00214304481500085  0.00871346636824504  0.01844951798478515  0.02887823126141185
  0.03948460273281502  0.05013293175653168  0.06082703768815614  0.07110016731789856
  0.08149132245212380  0.09185054993446164  0.10251493288142578  0.11299838795883359
  0.12311328847978786  0.13348802146687389  0.14398054902874252  0.15479339639272191
  0.16554421535618455  0.17617868370953899  0.18675328134034336  0.19735111021037360
  0.20784693280720143  0.21816770653072257  0.22845443206654803  0.23895126148499057
  0.24975120467724365  0.26039056810299888  0.27107034618310111  0.28162751418316739
  0.29241831175690641  0.30332220694925421  0.31408684384475111  0.32470046022974047
  0.33518063318273167  0.34590545770842912  0.35636048370030321  0.36699914722812049
  0.37756704488863613  0.38858885425560452  0.39926091844403566  0.41037030157052334
  0.42071459643141451  0.43173901891262212  0.44195693697012700  0.45254068409040310
  0.46270763213549621  0.47278514667902183  0.48309023553189434  0.49344007429924736
  0.50380385373812697  0.51442171666033421  0.52494123967306616  0.53550575504004561
  0.54602424363955038  0.55640292421958859  0.56678142436118484  0.57745350904208781
  0.58799921829284474  0.59875250681227021  0.60923174798564916  0.61994738374033642
  0.63047742461968914  0.64113309669184448  0.65175584391761554  0.66238455241625160
  0.67296228292711435  0.68354939241911994  0.69398066676714221  0.70437763747129889
  0.71504877454922855  0.72556163758693781  0.73602714566436067  0.74642512763670910
  0.75689771945865558  0.76731288322295832  0.77766627270724642  0.78835381565046203
  0.79887953468335215  0.80942898475050240  0.82010680915116962  0.83079835146928016
  0.84136103470287638  0.85182852003798515  0.86224863876563806  0.87294394215474702
  0.88332596221525805  0.89394815350764090  0.90455958955317739  0.91542663971333382
  0.92615752089261083  0.93665402496005501  0.94736729623752836  0.95801469277260209
  0.96841143620623615  0.97877548929289748  0.98946780199505946  1.00000000000000000
 -0.00232147029125460  0.00917580149191542  0.01948984480002925  0.03006307546187021
  0.04086342488911946  0.05158915931457305  0.06216320286177769  0.07277805410725378
  0.08328047836595617  0.09410173813949585  0.10484319667472888  0.11532631276567241
  0.12582398597444855  0.13621127359246402  0.14670463545898196  0.15710817332629637
  0.16758689392216433  0.17835804231217464  0.18898643493535705  0.19964024205600650
  0.21030751331967940  0.22065417056567016  0.23105740727929708  0.24129138399775457
  0.25149162132291702  0.26163856341726432  0.27185994897719418  0.28239092818215517
  0.29299685880372039  0.30341985734936683  0.31389177690571846  0.32432702120769796
  0.33498851560948822  0.34566323189809084  0.35629148435535751  0.36680309984150355
  0.37734611757431269  0.38791514866508248  0.39832414037153474  0.40882721857582499
  0.41918927247846777  0.42951214900271539  0.43965099758265186  0.45005845729242727
  0.46063452190883752  0.47127607336970884  0.48175427797247061  0.49246526757746123
  0.50297870874239459  0.51361484456080042  0.52418374415209135  0.53493879353955087
  0.54575084803605767  0.55615031617394817  0.56659721776029992  0.57699275589877919
  0.58752128821688188  0.59801565819687752  0.60829362222972272  0.61882170929011848
  0.62946526883665510  0.64028198172813522  0.65079401103771417  0.66129148106155722
  0.67173386827404136  0.68231666392319201  0.69278281068371372  0.70319108942587050
  0.71400661230088602  0.72456077192510904  0.73515973930201906  0.74582455572167594
  0.75667593816828815  0.76750312022046918  0.77815683548908143  0.78886094106204740
  0.79935143270723275  0.80991516134534436  0.82048390980760244  0.83094974585313086
  0.84119204477588794  0.85163227731344149  0.86209319168979370  0.87281092763411572
  0.88328675348716845  0.89395975837032593  0.90452054781654456  0.91522387337999955
  0.92595710619591243  0.93667435320394643  0.94740581308293292  0.95810862324580404
  0.96863320006455866  0.97919289356996431  0.98958394993819110  1.00000000000000000
   6.6660393257439159E-008  -1.0000000000000000     
 F F F F F F F F F F F F F F F F F F F F F F F F F F F F F F F F F F F F F F F F F F F F F F F F F F F F F F F F F F F F F F F F F F F F F F F F F F F F F F F F F F F F F F F F F F F F F F F F F F F F F F F F F F F F F F F F F F F F F F F F F F F F F F F F
  <DiscreteSampler_grid>
  grouped_processes
  1 # 1 for a reference and 2 for a running grid.
  10 # Attribute 'min_bin_probing_points' of the grid.
  1 # Attribute 'grid_mode' of the grid. 1=='default',2=='initialization'
  0.0000000000000000 # Attribute 'small_contrib_threshold' of the grid.
  0.5000000000000000 # Attribute 'damping_power' of the grid.
 # binID   n_entries weight   weight_sqr   abs_weight
    10   10   7.764789173269892E+004   1.894825782990548E+010   7.764789173269892E+004
  </DiscreteSampler_grid>
