  0.00302269960191672  0.01419386678692459  0.02614118362685380  0.03810405316603959
  0.04989409131342726  0.06151946474336056  0.07301459107730666  0.08437600851616905
  0.09570827429633109  0.10696285411819564  0.11809804307693479  0.12913653736921712
  0.14012921416764448  0.15099916033810482  0.16181098398362109  0.17250318276865573
  0.18316997477136546  0.19376043998081133  0.20422064682968880  0.21460160559881039
  0.22498002427607289  0.23547118054423205  0.24609936419897482  0.25682846730691383
  0.26766001409827628  0.27852109716025653  0.28935438298214788  0.30010891587938071
  0.31076759058659498  0.32137945879787250  0.33194421683651892  0.34247301628142168
  0.35298595660216020  0.36350164152119885  0.37400371886027794  0.38450385703524970
  0.39496235014057757  0.40526130300939639  0.41548300793291831  0.42574798860972596
  0.43606599898110782  0.44643281781959576  0.45686647234440475  0.46741314160822145
  0.47797064064846390  0.48844368005060179  0.49893815998399632  0.50952763618049124
  0.52015774720689489  0.53079931074908004  0.54145699496346200  0.55205342093407339
  0.56258839014014872  0.57311284565326059  0.58364427653126572  0.59413484126859550
  0.60461973641808286  0.61516719765281169  0.62573990481345809  0.63623739300090243
  0.64662030491393430  0.65692235574173607  0.66723311680270025  0.67756352555113641
  0.68784852144284825  0.69805850314937890  0.70827626124743048  0.71859025974068858
  0.72900177694022261  0.73942420807707621  0.74979694596515056  0.76010606340501052
  0.77037667882133287  0.78067560894146382  0.79097834283290269  0.80125730641009463
  0.81147843944961717  0.82167117318747207  0.83185413970745703  0.84203036718824908
  0.85224112399803553  0.86247204237953201  0.87268885318656919  0.88281212329926828
  0.89284503216175604  0.90279428704190479  0.91266736825248229  0.92245367483026652
  0.93218387764800914  0.94184710427305030  0.95141005372362131  0.96081647982625329
  0.96994911056791644  0.97837828082302014  0.98682434557416687  1.00000000000000000
  0.00235579613843972  0.01620993248053265  0.03005125888785582  0.04226386308111574
  0.05396690116370022  0.06538987588416277  0.07640250587967803  0.08725408978779743
  0.09810281038449091  0.10888310968315647  0.11970220818625427  0.13054272377775705
  0.14146003146876751  0.15232030069281224  0.16318483615068566  0.17419127531883052
  0.18522887372634386  0.19617055639403477  0.20697786085340145  0.21792703053332585
  0.22877994973670240  0.23956669881971848  0.25020077889659187  0.26070956655786542
  0.27126557240394333  0.28180109103922280  0.29224025121422931  0.30267244603711879
  0.31312582923671639  0.32365185788734185  0.33423243681964770  0.34476576551143867
  0.35534600413482526  0.36587655079544285  0.37638516176285541  0.38681915068566897
  0.39729961948886267  0.40783747851988439  0.41829604346483751  0.42864649322137627
  0.43904244229108946  0.44959301642386001  0.46013886711052360  0.47059307924539362
  0.48105272146709516  0.49155157813487899  0.50198660042711352  0.51229902254524895
  0.52259853767625986  0.53300264445481460  0.54342484780672684  0.55379042192050987
  0.56416368542163553  0.57465218756917569  0.58520012166088142  0.59572289181369364
  0.60626078917686921  0.61683610511619180  0.62740611984703087  0.63792863608439809
  0.64843243106321025  0.65895419855145354  0.66938818057242599  0.67969678066209516
  0.68999834956023709  0.70029448911807712  0.71047923485309439  0.72050743256793548
  0.73048559068212604  0.74054523646693016  0.75069958378963164  0.76088764369511352
  0.77109889004569010  0.78138697082983632  0.79178456264950592  0.80224595789939768
  0.81270036381124922  0.82304476201518773  0.83334127357709564  0.84355357964596833
  0.85369497935584626  0.86380775833282564  0.87396001799710887  0.88422820415627246
  0.89439818890208977  0.90389353284417984  0.91292293384077472  0.92195432504831254
  0.93116856995983688  0.94093522792080952  0.95045793932214229  0.95975326937117422
  0.96884278343769392  0.97746252326859429  0.98558043279368002  1.00000000000000000
  0.00681163076046454  0.00721650224162984  0.00758266689881367  0.00795349639914587
  0.00835572630260375  0.00885960097420750  0.00939032436081743  0.00990772507174602
  0.01060300551860319  0.01190279311355085  0.01312651317617464  0.01439067359244645
  0.01565118767076670  0.01690669729399031  0.01816469974483876  0.01944635563790475
  0.02077265956993595  0.02213751132722172  0.02346781678573726  0.02476899999668695
  0.02600644217435060  0.02699819733693882  0.02815285309617603  0.02945649602566033
  0.03078479927838416  0.03215380416796273  0.03356169258073363  0.03498166222173656
  0.03641391039416791  0.03787303626413895  0.03939125975287017  0.04097259603299905
  0.04260997669539288  0.04429871255869415  0.04604121986730875  0.04783667036250443
  0.04968532653578707  0.05158776406026858  0.05355373802840807  0.05558139764152981
  0.05767448801371382  0.05985757851297263  0.06212430854621564  0.06449915519561127
  0.06697134713612189  0.06953669910947927  0.07218765795226416  0.07494469313609568
  0.07779656789621554  0.08076077489758302  0.08384775172438821  0.08703764497394759
  0.09036435277241422  0.09380726343847695  0.09743815296857446  0.10125503486597541
  0.10527955544888669  0.10938879933940306  0.11362007809092631  0.11808161672934366
  0.12277436422806549  0.12769303868172674  0.13284448488464182  0.13826087243975485
  0.14394402873980197  0.14986584037365311  0.15615432209343272  0.16285710075792309
  0.16991983510534514  0.17729503703876232  0.18509648644153873  0.19339129064189423
  0.20216422111555921  0.21139431179273072  0.22116958197943729  0.23156181116854851
  0.24269136207302072  0.25455523404774250  0.26721047790431601  0.28074091137391960
  0.29534862814175494  0.31106384767302830  0.32786733214946084  0.34615982649425003
  0.36639547303056585  0.38849405032928891  0.41261052635894324  0.43927887141346489
  0.46903879282687433  0.50316928590013188  0.54301394902226841  0.59068555769689635
  0.65179799522814308  0.74451299687308892  0.86746777583986279  1.00000000000000000
 -0.00105140050248401  0.00402601093627768  0.00939947713407891  0.01466111158364436
  0.01997048078552629  0.02536519653823994  0.03083642956354121  0.03635048607821606
  0.04185470074193798  0.04734093281987450  0.05288460527788223  0.05847831155583170
  0.06412965085347795  0.06983903136528734  0.07557503679463221  0.08132358374246822
  0.08710359528704351  0.09290923567324472  0.09875114354340862  0.10462779454476630
  0.11054649698866424  0.11651825863264172  0.12256340574542769  0.12866296811098682
  0.13475165977734840  0.14086232074443916  0.14698063387868818  0.15307240460061811
  0.15917693966708052  0.16536349466501565  0.17167338612162714  0.17806275530823651
  0.18449512850689620  0.19097858870452952  0.19755669963831213  0.20428864502361210
  0.21115330148473921  0.21813278890433149  0.22514379626147074  0.23215099675144191
  0.23923380793215276  0.24643965843181617  0.25371530814028781  0.26121156614266583
  0.26876470173800771  0.27635695729185361  0.28399872733096687  0.29169393549177325
  0.29949763048379441  0.30739257117214697  0.31534303450319928  0.32324566422681189
  0.33112363275293094  0.33903585547580473  0.34713379578689341  0.35540102080894687
  0.36377430656581239  0.37219380581482148  0.38073568626296156  0.38933192732757038
  0.39811368411031883  0.40619529362030748  0.41442053163853604  0.42288407146233775
  0.43201085308706255  0.44170871886821306  0.45155818240714551  0.46172311531637927
  0.47218199743457534  0.48291524109712120  0.49383981345562483  0.50491165204533073
  0.51618065845513617  0.52768512710961590  0.53948392639904852  0.55142913151606943
  0.56365203208546566  0.57618334643308344  0.58895787781265074  0.60216559781685375
  0.61605579936582011  0.63055015001457426  0.64553286867005788  0.66097989862911599
  0.67704752953561431  0.69387795601696267  0.71152750453169344  0.73023479197056862
  0.75038266123227115  0.77200469597518784  0.79547958801544405  0.82164333146332513
  0.85146753142919762  0.88649261362737442  0.93248016098081676  1.00000000000000000
 -0.00228194484047406  0.00900900763652903  0.01901651229945076  0.02982639348262871
  0.04057347882633183  0.05139766124356916  0.06198344479555830  0.07270442750011573
  0.08322749825856755  0.09391668317502198  0.10450661433098060  0.11519569738655563
  0.12587764830546036  0.13654893960550668  0.14729619032348287  0.15777099368306688
  0.16824186479896727  0.17871204878396812  0.18933598336007953  0.19980065572710909
  0.21027597972024387  0.22083933492413579  0.23157636990642205  0.24229125795236961
  0.25288225030852968  0.26341384892813169  0.27395452879268894  0.28448963336537614
  0.29498669328057808  0.30552931128916588  0.31613931053695282  0.32678969714132083
  0.33736731037242879  0.34787423910630721  0.35840426553051263  0.36871760633721173
  0.37901458898723084  0.38925121416407887  0.39888853060574925  0.40889376908919212
  0.41867656537931169  0.42908907335883084  0.43953125033932511  0.44984437348905931
  0.46029970101831308  0.47076998615387755  0.48121448748801587  0.49183582724045893
  0.50239813301416492  0.51306149559439684  0.52378113237436752  0.53454778524164659
  0.54528824493821582  0.55604778854273607  0.56678589510842159  0.57751968685336641
  0.58796169322059355  0.59830521380232904  0.60852457453638831  0.61887838740698908
  0.62926008383797183  0.63975297393132480  0.65050211282341508  0.66106950650893481
  0.67154944623585355  0.68199495640175445  0.69256709175419318  0.70327547303760574
  0.71401284283814193  0.72488164376896280  0.73566627034053766  0.74628747807802021
  0.75702118123243312  0.76780427356081937  0.77865353632038015  0.78938753035600295
  0.80009656305278876  0.81068042451328481  0.82123778968629257  0.83175191575518603
  0.84234018716171633  0.85290520832782246  0.86338176393624544  0.87385750440827470
  0.88426882900375559  0.89487958101196940  0.90542094083602853  0.91604524071235338
  0.92662525254660744  0.93723921346370920  0.94780937637661700  0.95847272818573515
  0.96910672451378654  0.97947196371639300  0.98974536659563483  1.00000000000000000
 -0.01431064642898804  0.06395618773326524  0.11017310649403382  0.14554980577655974
  0.17524524680227349  0.20137711780415307  0.22480979490560241  0.24626790402518270
  0.26632396388799789  0.28525323517392298  0.30320772758974790  0.32041208276904881
  0.33692965813437675  0.35277735376548502  0.36803980603307468  0.38267482050153406
  0.39656871033322116  0.40992485876251611  0.42297630725471602  0.43585715883988368
  0.44836618151228896  0.46046704515822429  0.47224850742799684  0.48373472031254289
  0.49495650053009044  0.50593081049452038  0.51664570940450272  0.52703763870669362
  0.53719379961746561  0.54723380999159632  0.55715114740727067  0.56686218335541805
  0.57644153668361320  0.58592846393710485  0.59533468462554207  0.60455144702219210
  0.61349210883023053  0.62222330178523910  0.63082202038811175  0.63933098721309201
  0.64772874796452251  0.65587049055360669  0.66390227075963149  0.67194757310283360
  0.67993556552722190  0.68777911633471667  0.69546246681502166  0.70305019874051167
  0.71068095004640885  0.71830746818529245  0.72585146541986478  0.73328401152708578
  0.74063190896578623  0.74790022343341367  0.75508316494272276  0.76217110811496236
  0.76918534151638551  0.77608956317151490  0.78285791793333670  0.78950247596207279
  0.79608646976970843  0.80269370499984527  0.80932636482684206  0.81595467188981707
  0.82253110617288028  0.82899845184523535  0.83532355890903964  0.84151138254933244
  0.84763365431455462  0.85372661023869045  0.85975113674820958  0.86571863183263320
  0.87167034070459715  0.87763880993873511  0.88361903162883537  0.88950311017546868
  0.89530869217024467  0.90113876628428791  0.90679122501852161  0.91207210335272237
  0.91739066806701774  0.92282078110445742  0.92852681837828610  0.93431242332707143
  0.94003349003956105  0.94572902854415752  0.95137529324038661  0.95695981057414170
  0.96246992988685465  0.96791208759626546  0.97330014422675104  0.97868095786999376
  0.98406711433286098  0.98941690959551554  0.99471066870347746  1.00000000000000000
 -0.00232116522462114  0.00911635721596743  0.01926421711522070  0.02994327568092135
  0.04063876111359107  0.05100557788420493  0.06143230957638250  0.07194244430762765
  0.08231699347732285  0.09251010794573175  0.10266827943960112  0.11299646349223372
  0.12350517941580230  0.13398247797405910  0.14450385952886885  0.15508425593044373
  0.16584716982329503  0.17663046012812689  0.18749058465601237  0.19830477460593915
  0.20897363436733679  0.21933271337206842  0.22971046581338950  0.24003804404487142
  0.25037493678883821  0.26075485726023145  0.27118996324776279  0.28181271786133261
  0.29239188610277445  0.30284270857031964  0.31337437900225484  0.32408487840668365
  0.33483947510108830  0.34551753160252885  0.35619456953049189  0.36688806021560710
  0.37748893685626989  0.38801211312501094  0.39857118330110064  0.40927874946554299
  0.41996392574097130  0.43067898417171563  0.44144832683986118  0.45225431055394533
  0.46297024738859915  0.47356307530989084  0.48426175122688087  0.49487265183606211
  0.50454869135787006  0.51424225348888730  0.52389554956452167  0.53451182099215244
  0.54518852280894947  0.55574688974456421  0.56634001405768475  0.57690642833878669
  0.58761513979457580  0.59821585146341483  0.60889456725146185  0.61949615053959195
  0.63020838455702988  0.64076012379046288  0.65137483988575673  0.66198950749592289
  0.67247807181162245  0.68292107496142773  0.69337460068047607  0.70405813627008118
  0.71447643067660183  0.72498785618148642  0.73554544092346341  0.74637791677520371
  0.75717532787716901  0.76806017218636580  0.77844755712900648  0.78870333153417449
  0.79903067183316434  0.80943012449177099  0.82014266175244122  0.83057698501492805
  0.84114896491320856  0.85175477390313681  0.86236494987415291  0.87294118828986766
  0.88359305235479724  0.89411358957013909  0.90467063315699625  0.91525630502665090
  0.92588935524548044  0.93650638561314303  0.94698943982921580  0.95744444273242058
  0.96815594450734888  0.97891502032122957  0.98947386207367971  1.00000000000000000
 -0.00226589829278860  0.00905309456354174  0.01948868778108652  0.02985240430856213
  0.04038856208477808  0.05096588131996188  0.06146176759238439  0.07179960210025341
  0.08209437495093909  0.09281398702273057  0.10356606590037512  0.11392341646948299
  0.12434602775147677  0.13477056716526861  0.14521919272125905  0.15593245972686748
  0.16651534973461071  0.17730475084461286  0.18800288000431628  0.19834285732744036
  0.20871738750084265  0.21896608289462260  0.22922941313538717  0.23955535871783840
  0.24992688821914710  0.26060421139784196  0.27124878029119265  0.28174561499422857
  0.29239938584373720  0.30293711774346466  0.31348335916793835  0.32409728577655744
  0.33478376461967746  0.34563291840714694  0.35634018227342595  0.36720150846182070
  0.37799726579825105  0.38861620311180906  0.39930232161122792  0.40999575139672600
  0.42082165981219449  0.43151193789352538  0.44222712740164088  0.45296002203761587
  0.46366161392414845  0.47431762610887990  0.48507360094185725  0.49574619114244983
  0.50638402798725568  0.51701564653457166  0.52765996465651888  0.53832578312945933
  0.54909894833293305  0.55983006741179675  0.57052094046410329  0.58112144446701997
  0.59177808260528897  0.60250536345221573  0.61309954486570617  0.62373556732800395
  0.63424681531718297  0.64479279921367971  0.65535146306157532  0.66587922481884776
  0.67640930587721093  0.68699831263704192  0.69772364362235284  0.70844540671071454
  0.71915022885013369  0.72995939405635490  0.74074566146628662  0.75152184095546137
  0.76215699299533501  0.77280302701376080  0.78349939028926308  0.79426776789393994
  0.80502391250070882  0.81580847347243979  0.82661400786193584  0.83721831190731510
  0.84757808150103131  0.85801411649871484  0.86850960172594172  0.87883171987917630
  0.88902679327949619  0.89938832937917068  0.90993091213706689  0.92029747536934314
  0.93052204857359200  0.94048022500226347  0.94989667738709616  0.95943799299895860
  0.96867302226441376  0.97922608274505918  0.98958889817501472  1.00000000000000000
   6.6695934721279222E-008  -1.0000000000000000     
 F F F F F F F F F F F F F F F F F F F F F F F F F F F F F F F F F F F F F F F F F F F F F F F F F F F F F F F F F F F F F F F F F F F F F F F F F F F F F F F F F F F F F F F F F F F F F F F F F F F F F F F F F F F F F F F F F F F F F F F F F F F F F F F F
  <DiscreteSampler_grid>
  grouped_processes
  1 # 1 for a reference and 2 for a running grid.
  10 # Attribute 'min_bin_probing_points' of the grid.
  1 # Attribute 'grid_mode' of the grid. 1=='default',2=='initialization'
  0.0000000000000000 # Attribute 'small_contrib_threshold' of the grid.
  0.5000000000000000 # Attribute 'damping_power' of the grid.
 # binID   n_entries weight   weight_sqr   abs_weight
    10   10   9.474940149770718E+004   5.448297638403298E+010   9.474940149770718E+004
  </DiscreteSampler_grid>
