  0.00241511315286836  0.01628435988820752  0.02998163618479174  0.04219472490207165
  0.05426919310739916  0.06619261939701801  0.07769521453063724  0.08879971449677350
  0.09957568088886351  0.11032752993368368  0.12102788715674510  0.13170682707930179
  0.14223554684047621  0.15261464574693887  0.16298239726139255  0.17343049239629110
  0.18384373407570484  0.19420801632390733  0.20454633413761575  0.21505440690715369
  0.22569342300511153  0.23636290331462906  0.24714842018295180  0.25797383223065051
  0.26874429507516695  0.27944478116998872  0.29016087238374311  0.30097160997967093
  0.31188043528148213  0.32289253377541233  0.33386883988136395  0.34476219675964859
  0.35556850622453784  0.36630262995301616  0.37693311327462203  0.38749714630928045
  0.39805563463607474  0.40876538242093180  0.41949381249600931  0.43019851282038934
  0.44073240143226189  0.45108769076129662  0.46139549819521553  0.47177502580208774
  0.48220180492181597  0.49268621008634794  0.50319811334620135  0.51375884294670049
  0.52434737293877465  0.53494952958975694  0.54558204122954179  0.55625380595908402
  0.56687241813912825  0.57741279579807758  0.58780845226594092  0.59825279077784610
  0.60880943308763358  0.61948557150308192  0.63005475014614809  0.64059440526975797
  0.65108139638976081  0.66161073681181837  0.67208791784009370  0.68257015313680747
  0.69309196980134768  0.70351159375053085  0.71395527005734738  0.72424190063598304
  0.73436356218729371  0.74453348476898218  0.75494338581272757  0.76554891176548745
  0.77605469858113874  0.78631203752926027  0.79653304487363219  0.80667510084322447
  0.81682001103877844  0.82702479599941159  0.83727692938169584  0.84750207762518193
  0.85769362935880111  0.86786073161731303  0.87795313520041096  0.88799554129263392
  0.89805120905384583  0.90812026486847841  0.91818421611183698  0.92811543103612226
  0.93802300998082189  0.94776398316417787  0.95724242361035927  0.96647345214003377
  0.97531280866449965  0.98364875905526172  0.99182140592358436  1.00000000000000000
  0.00246092452678876  0.01615613868134965  0.02959926174045493  0.04161296698520925
  0.05312099477313582  0.06435853747911616  0.07558250262860089  0.08683750027756207
  0.09806711979783470  0.10919471593629033  0.12000538064297257  0.13073889980945733
  0.14139401539048538  0.15197077878840556  0.16258634240883790  0.17333963840227112
  0.18418347063442234  0.19493205414700843  0.20560480759208533  0.21617872829310159
  0.22673831968407665  0.23738085355224542  0.24804192208836995  0.25862973768213604
  0.26921246488470923  0.27986261368377802  0.29053864795630396  0.30108795292846074
  0.31159720610090597  0.32214942796950685  0.33268382819654968  0.34315806127024995
  0.35360494326364933  0.36410335108015801  0.37468436546555345  0.38526521625081811
  0.39575848363151156  0.40618711753745046  0.41661286914299839  0.42713902837412898
  0.43760003166152256  0.44809097374833240  0.45864794522604807  0.46932381560642783
  0.48001221846982522  0.49068872644525030  0.50133087340960492  0.51189669298925933
  0.52246010472773641  0.53308281975271199  0.54367540442772122  0.55419882480191829
  0.56472704664087736  0.57523413109927002  0.58571656489654256  0.59613051954390817
  0.60661049149802238  0.61716757467442906  0.62772134995521178  0.63818130537817497
  0.64858905916191256  0.65903639897159516  0.66946209914849841  0.67974889217169554
  0.68996000397930723  0.70011488886874862  0.71023542536383477  0.72035183275356363
  0.73058417959129474  0.74095227335917591  0.75130552245817872  0.76156060024804006
  0.77180425473490166  0.78210141432068658  0.79243021241917377  0.80274282238772088
  0.81306529087154278  0.82342690159615328  0.83378079023964546  0.84401807975750165
  0.85409598699721023  0.86407054746492939  0.87406352848697655  0.88415939718211445
  0.89434306730663882  0.90448633469368489  0.91451200650841558  0.92440276595586346
  0.93418140219056633  0.94386306107963891  0.95338054322541066  0.96270706103136727
  0.97167129492609450  0.97998600971887639  0.98836346219738602  1.00000000000000000
  0.00729031083350705  0.00902633715138719  0.01025905612974508  0.01136699984515179
  0.01248213201485984  0.01361282571359725  0.01474427152521748  0.01589703941997384
  0.01704719838815545  0.01820996204719709  0.01939685726365439  0.02062238894075285
  0.02187051836322041  0.02309932391253142  0.02431862305571126  0.02551345201366513
  0.02657301128179789  0.02757877807256656  0.02873779384523996  0.02997832990700762
  0.03121770541980654  0.03247612857551499  0.03376996713385084  0.03510095738093990
  0.03647473748653562  0.03788881863526800  0.03934106512088104  0.04083371520282450
  0.04235981765503843  0.04391743188953485  0.04551859918397591  0.04717002148115345
  0.04887508859967583  0.05063746935287301  0.05246677123369051  0.05437089368489605
  0.05634517432700643  0.05838285971128503  0.06049282537175906  0.06267341311186071
  0.06493018761128434  0.06725535120178880  0.06966385278681775  0.07215391000836391
  0.07472428725221379  0.07737826385437968  0.08012463568127784  0.08296624301103735
  0.08592582218729113  0.08902329862104601  0.09225929635319842  0.09562280504961185
  0.09911013642648897  0.10272495662166155  0.10650654802436071  0.11045161726100092
  0.11455724172456805  0.11881285711959617  0.12324557310482810  0.12788212760037979
  0.13271520406595314  0.13778104571636993  0.14312094163131645  0.14869385261523568
  0.15453289937010117  0.16066865278804690  0.16716685322654992  0.17394872917173071
  0.18099544526354761  0.18839276804960381  0.19627491361925725  0.20470685965944527
  0.21365036989307545  0.22305499675009180  0.23296912328708730  0.24351421135345647
  0.25475567597293958  0.26671055083337936  0.27934273939002890  0.29293702416596473
  0.30751964154541134  0.32311492599481462  0.33990158268099341  0.35824078154829481
  0.37826545835411968  0.40019762941030385  0.42423688040343027  0.45069719061296132
  0.48026327355271786  0.51376257531428771  0.55267228035436389  0.59946693532994721
  0.65980559924498372  0.75077300438495786  0.85251370551708050  1.00000000000000000
 -0.00101019173945631  0.00392975382085132  0.00914927348162693  0.01433250205175028
  0.01958862956403502  0.02492273862057551  0.03029604467031855  0.03568663066277888
  0.04112114922854065  0.04660754280097678  0.05217762309603843  0.05776683568778006
  0.06335391986220537  0.06891774355378097  0.07448668549131153  0.08010389573308821
  0.08575884626458907  0.09144564630825983  0.09714588527737752  0.10289859823625061
  0.10874956357441991  0.11466030508825201  0.12062968100354714  0.12670124577174197
  0.13288262060438510  0.13909676050027647  0.14531059656992798  0.15156720033396584
  0.15791970650477460  0.16439367738446120  0.17087508253691538  0.17728077776573400
  0.18368511962762529  0.19014612452075164  0.19670679677398067  0.20336567320402471
  0.21010257855549810  0.21685579297504817  0.22362790675036207  0.23048683955161373
  0.23750849620622416  0.24463563527102092  0.25183540722683384  0.25909492840560067
  0.26640737486081079  0.27379959274159771  0.28124695649870635  0.28881614630265845
  0.29647430493036642  0.30424872065641473  0.31205585499621330  0.31996585734844424
  0.32796029993325637  0.33610140560664087  0.34432165281465960  0.35262077731470465
  0.36106038094468734  0.36962928157141683  0.37835255769686221  0.38728265388845917
  0.39633806220242235  0.40557613293658940  0.41490212873810439  0.42436746604656206
  0.43397276534433782  0.44376149658470865  0.45373831605240939  0.46403113881320546
  0.47452382910918994  0.48518639012594206  0.49595423159756880  0.50679708115300415
  0.51790377392886922  0.52929816728937595  0.54098990125439073  0.55293365425464991
  0.56521019791620919  0.57798462592905409  0.59107324520780125  0.60459448768348534
  0.61840586494432737  0.63280837430626879  0.64780373793191259  0.66326314269076181
  0.67926236135646079  0.69597980624008449  0.71361245653349947  0.73237572819793495
  0.75251648474663468  0.77412019542643928  0.79760777088098256  0.82365140925615321
  0.85305741889112963  0.88751431439954653  0.93347718753726094  1.00000000000000000
 -0.00241037824188019  0.00946939917254198  0.01969607380776186  0.03028139367708231
  0.04078140021032687  0.05127972402524170  0.06185573639574724  0.07250427905158270
  0.08312432324290914  0.09374546027143227  0.10431907271746041  0.11483082133784035
  0.12496728944250436  0.13524099584815874  0.14555213215108770  0.15620378963050491
  0.16651451692031560  0.17712066416854247  0.18762126126185599  0.19814227915992805
  0.20861673356878080  0.21921443081714678  0.22976248565740653  0.24026360191403012
  0.25078333964916583  0.26137703040473093  0.27196329357046634  0.28215934498132356
  0.29252747669083423  0.30294523418682295  0.31343101044402899  0.32391843522909936
  0.33431139977890462  0.34454498674806627  0.35491047817694954  0.36511478194064639
  0.37558685053939678  0.38587638258197271  0.39620740482581640  0.40649935431242806
  0.41691879145112704  0.42739317060455057  0.43809050470542588  0.44877947457640843
  0.45938120454068143  0.46989244764735227  0.48034682957512931  0.49086792363443599
  0.50142330494807374  0.51206855219654102  0.52275726062218919  0.53348506466076662
  0.54409929154096071  0.55466075716929586  0.56528485682621421  0.57608218860227167
  0.58684193432599163  0.59752368155116986  0.60796768082679009  0.61845982014552092
  0.62888676369923802  0.63957140921315281  0.65011598097808687  0.66041722024771676
  0.67087598477734955  0.68125562467422629  0.69176885104474095  0.70229831480642724
  0.71286825869396975  0.72380075726302262  0.73438345322968002  0.74472681561754484
  0.75536108464483587  0.76583135433536731  0.77635489180560813  0.78685824853913788
  0.79744618269787149  0.80820206541518425  0.81896520924469085  0.82967244989043987
  0.84021273058306845  0.85072071163483931  0.86132362255684036  0.87197222917477402
  0.88262410056714724  0.89331967545823410  0.90394420455934366  0.91467489821316073
  0.92532109680212649  0.93603530900924869  0.94656395649602110  0.95716998055731117
  0.96770824147554058  0.97833784312085226  0.98904291053142357  1.00000000000000000
 -0.01419575755844576  0.06370353556946085  0.11029544506090937  0.14582217423449062
  0.17551885679731946  0.20166527337283710  0.22530354976807818  0.24703106823978735
  0.26736625989152085  0.28650615214590691  0.30452624597907929  0.32131677574055506
  0.33713379663009219  0.35244036330172113  0.36732888271742842  0.38168026794588883
  0.39547054217809602  0.40868914271117379  0.42164093405281228  0.43419321094048779
  0.44647113773410274  0.45851925101337132  0.47025827554083627  0.48172707679238436
  0.49296586554373745  0.50409265816090154  0.51494413585002308  0.52549107594590150
  0.53573999857812460  0.54580820554041976  0.55570865938985126  0.56546309908331149
  0.57510397598066254  0.58477865904158532  0.59421349191321493  0.60346152753804316
  0.61231414243419358  0.62108414015968250  0.62973768121485307  0.63830480658489963
  0.64669432180308861  0.65501544729114158  0.66320638032977064  0.67132145273400745
  0.67940110062169401  0.68732133289888753  0.69521100374357070  0.70303967976502058
  0.71079842775663038  0.71852220193479088  0.72613863935228795  0.73354837927576555
  0.74083780285469947  0.74801836690644041  0.75509312070835166  0.76211646722328541
  0.76905946343894416  0.77582721123415255  0.78246195894597681  0.78906429722560789
  0.79565322006762518  0.80221308816447356  0.80871284736519533  0.81521224723386321
  0.82171337476410700  0.82815137372359160  0.83451084470425674  0.84081895891903113
  0.84710612174239441  0.85337137623451664  0.85959017880648636  0.86573354140293990
  0.87179249067649600  0.87780144362590617  0.88378023601617883  0.88971475901340524
  0.89560671437948014  0.90146808549286828  0.90731150905716607  0.91314032188304928
  0.91895930656205638  0.92476174615593087  0.93052502903657019  0.93623291322856850
  0.94186259761676561  0.94742754240189808  0.95293926979806387  0.95839873212099724
  0.96374616250312928  0.96902741761090183  0.97432885462630725  0.97958721992775444
  0.98476828731960531  0.98988483991939369  0.99496104084823289  1.00000000000000000
 -0.00227886888593025  0.00901489641697054  0.01918610855856036  0.02987148486773687
  0.04075707189242862  0.05143647443844020  0.06215107725770718  0.07300396359301511
  0.08384081311596446  0.09455790514980665  0.10502533766593444  0.11545289455002319
  0.12588964344394915  0.13630983130435406  0.14678710702725056  0.15725459248779020
  0.16773833793260676  0.17820414892088984  0.18872662217688099  0.19923437741034847
  0.20984512617613643  0.22004605101452926  0.23039302668357195  0.24074822558244610
  0.25116215078234905  0.26180351525610523  0.27232186627260557  0.28338714973293361
  0.29409957459699043  0.30465990503488993  0.31532952730600605  0.32592995350292242
  0.33643854231639336  0.34685335738784101  0.35738881825651364  0.36764297563631015
  0.37805840263091678  0.38828226427314239  0.39861784128558414  0.40883546405772864
  0.41909408711767099  0.42962105237232134  0.44015386270357398  0.45069617335674056
  0.46130479273057812  0.47179225578263506  0.48233113522223436  0.49281646513336574
  0.50351474717476874  0.51433489682679701  0.52502754550118491  0.53499209440966922
  0.54515363812356366  0.55538622080660027  0.56558581789937945  0.57583460187145363
  0.58618703129856653  0.59695652179866387  0.60768127014515394  0.61824650574108686
  0.62891631429139849  0.63956428820424149  0.65026379176468385  0.66093659117775305
  0.67163138364813546  0.68224418984695978  0.69281945139269330  0.70338005961979866
  0.71381137843879339  0.72436281234261723  0.73490678524814745  0.74572282460653194
  0.75632860917686606  0.76699716770259085  0.77758855303226859  0.78841447177667201
  0.79900977997844802  0.80957268996941489  0.82016560353151358  0.83085418447140424
  0.84163033756779326  0.85221842915800239  0.86288595487591258  0.87335390326269102
  0.88386388151484174  0.89427161039230307  0.90462979909090713  0.91516714250633668
  0.92582107313708428  0.93666215568003408  0.94716473450171224  0.95790095605159342
  0.96838649435879121  0.97910507066293551  0.98953235715107779  1.00000000000000000
 -0.00236707578539208  0.00920212152956768  0.01943645237636423  0.03026998897584037
  0.04097902250149994  0.05150519512719057  0.06199273466455699  0.07249478485031439
  0.08303727193122959  0.09355397931963345  0.10402185687937324  0.11455192970151606
  0.12499055259053628  0.13557348887091267  0.14600341142687381  0.15631935832583382
  0.16636403148611534  0.17663498527585983  0.18690146755345335  0.19744560814140077
  0.20768741453679521  0.21837944309302421  0.22890624319606109  0.23961384107899195
  0.25024628493724743  0.26086629814270812  0.27137028707837174  0.28202618770380139
  0.29277501601320022  0.30357684687865455  0.31422395936211017  0.32437183830791838
  0.33473825841179417  0.34496287396523451  0.35527542754457214  0.36544308340300524
  0.37571250571977444  0.38638714318494499  0.39717772682675395  0.40781106835312558
  0.41847349529742683  0.42923297864381627  0.43998511091611686  0.45075894605224731
  0.46138721958070161  0.47190585801151919  0.48242595554724849  0.49299479612412295
  0.50363268839527076  0.51411220309843753  0.52449805562892504  0.53507049305870302
  0.54569115319147699  0.55643461475828537  0.56707842479432424  0.57771530577510499
  0.58828043792692031  0.59900034510307965  0.60963717134141704  0.62028315975776471
  0.63086460981969594  0.64159717681041029  0.65234953135179441  0.66323027581589233
  0.67373913730441226  0.68407094284096615  0.69437848109907352  0.70476605147895077
  0.71515905713124051  0.72538489593765465  0.73563261825571080  0.74616833009257277
  0.75665561393581648  0.76729010571531520  0.77797019852689819  0.78873614289486060
  0.79949121173384508  0.81028725246473488  0.82099110333935477  0.83157911707251642
  0.84192379517361304  0.85220253128887991  0.86275589854562773  0.87319426986182724
  0.88408973803376711  0.89467582797193357  0.90554483522207119  0.91609361612622831
  0.92658548380495198  0.93689676657400955  0.94742017336490458  0.95791941721216811
  0.96848835529237576  0.97906722706141247  0.98960319975548428  1.00000000000000000
   6.6770154224691859E-008  -1.0000000000000000     
 F F F F F F F F F F F F F F F F F F F F F F F F F F F F F F F F F F F F F F F F F F F F F F F F F F F F F F F F F F F F F F F F F F F F F F F F F F F F F F F F F F F F F F F F F F F F F F F F F F F F F F F F F F F F F F F F F F F F F F F F F F F F F F F F
  <DiscreteSampler_grid>
  grouped_processes
  1 # 1 for a reference and 2 for a running grid.
  10 # Attribute 'min_bin_probing_points' of the grid.
  1 # Attribute 'grid_mode' of the grid. 1=='default',2=='initialization'
  0.0000000000000000 # Attribute 'small_contrib_threshold' of the grid.
  0.5000000000000000 # Attribute 'damping_power' of the grid.
 # binID   n_entries weight   weight_sqr   abs_weight
    10   10   4.520674351484878E+004   1.361756383990306E+010   4.520674351484878E+004
  </DiscreteSampler_grid>
