  0.00245050485940666  0.01617098873021171  0.02979179056391473  0.04203713950433730
  0.05366963703601425  0.06500784984315469  0.07633461258680711  0.08755378539586038
  0.09848865841831779  0.10933723425607275  0.12025739626031995  0.13104049429752604
  0.14172792212983612  0.15239240509148486  0.16301143484869210  0.17357701799958178
  0.18414014862206457  0.19474130120799507  0.20534433834377191  0.21599421701898253
  0.22674368784427712  0.23744770065847345  0.24807699448114690  0.25868792996295958
  0.26936439609278318  0.28009523691334559  0.29082345019453698  0.30150273084932372
  0.31214502932685789  0.32283599669406704  0.33354066559869305  0.34423875576764940
  0.35489930432960842  0.36555335990541105  0.37620607239315390  0.38682611085700214
  0.39738583551339818  0.40776876511963422  0.41808828744661880  0.42856714140649860
  0.43921352884953574  0.45001409346290411  0.46075157807700362  0.47136747293959136
  0.48187097197898793  0.49231011629121957  0.50275045457360545  0.51321357846885252
  0.52365046683058636  0.53407057001666680  0.54447444603169737  0.55493534628023566
  0.56547960827144417  0.57602451160827572  0.58657827224476722  0.59713081284372937
  0.60768709856703285  0.61818869914694419  0.62860184056834656  0.63895033253954459
  0.64928379538612957  0.65966144222230716  0.67007205300199013  0.68046970689247821
  0.69086577955936224  0.70133034729318988  0.71174694866558597  0.72202848336913150
  0.73222222367147016  0.74244285131078214  0.75261385270744730  0.76264508980447732
  0.77262906632908313  0.78268714136721207  0.79281156460523983  0.80291620060320745
  0.81310000738279442  0.82341223818872833  0.83380751923486818  0.84414090534296782
  0.85439023039832274  0.86455427565105192  0.87461890249447294  0.88458891986932986
  0.89453430987311888  0.90453893366375659  0.91447420903080190  0.92428273900263624
  0.93399535008851264  0.94360813039030611  0.95313993611045000  0.96248810066432966
  0.97149125914712442  0.97987558716481760  0.98827512745599400  1.00000000000000000
  0.00233519291743885  0.01615679334625116  0.03000601661389377  0.04213957987657367
  0.05383234783850412  0.06542390711952080  0.07692246036641970  0.08823632737775455
  0.09929037932269447  0.11027527376549938  0.12122150333343985  0.13218333005911448
  0.14319935165106296  0.15401866529940617  0.16462634196305481  0.17519685855326178
  0.18593202534357023  0.19677048986204057  0.20756569063345426  0.21824243938292381
  0.22888870475100023  0.23947418641007007  0.25013811770931998  0.26066501144439214
  0.27123530607557933  0.28176274530293288  0.29227206250400473  0.30284012891087536
  0.31335584030903835  0.32386768691864853  0.33436984062954933  0.34487847625313062
  0.35533325649964997  0.36577811557073842  0.37619419141215471  0.38656553347216566
  0.39695910628456232  0.40744271292704942  0.41793911634308512  0.42831085303792749
  0.43862288978688313  0.44902139931405571  0.45946046792943157  0.46985054203762833
  0.48018269028733090  0.49054149583874923  0.50098167779544223  0.51147777203109779
  0.52195673594412895  0.53240846186980906  0.54287857836035092  0.55336877034571097
  0.56377012992774755  0.57401962219142721  0.58425627059342211  0.59463205536726693
  0.60508910797289972  0.61549277131337810  0.62580923485468820  0.63615840331854290
  0.64655382283293394  0.65692840502404148  0.66726489807060263  0.67755668068315655
  0.68782354713351768  0.69807485102317557  0.70834579215086968  0.71865216281158373
  0.72891860713367851  0.73910274699224987  0.74927231367330205  0.75944841281576270
  0.76960821012937697  0.77974260700386511  0.78993913138914895  0.80021854512939139
  0.81054124704340358  0.82083110177030538  0.83100566856953684  0.84108296181933218
  0.85109179262150692  0.86112658837381351  0.87115111654463284  0.88120543940057838
  0.89128903931995840  0.90133587195181974  0.91133696274714326  0.92130584858893594
  0.93127547959800383  0.94108985886447871  0.95061367089002913  0.95985031034960244
  0.96889324186485404  0.97747100845160551  0.98560647120793621  1.00000000000000000
  0.00730566389887052  0.00848704095751638  0.00951587373127468  0.01057514550982202
  0.01166351747961039  0.01278483081135378  0.01394617434078969  0.01514717065582719
  0.01636355987432864  0.01754884950336835  0.01878441365190573  0.02005625846274318
  0.02133232155800595  0.02268127885401269  0.02413297291513123  0.02539039117149836
  0.02635073778182347  0.02735350618050499  0.02852511298002714  0.02976728782576485
  0.03102778120031625  0.03230737707106426  0.03361809904643589  0.03495594263555295
  0.03631673675760982  0.03770508069310866  0.03913109975149579  0.04059901729291036
  0.04210906828686722  0.04367091797511245  0.04529312314725098  0.04697263560415538
  0.04868312769659616  0.05043024071676266  0.05223677975250584  0.05412550248590253
  0.05609075902280097  0.05811681666911251  0.06020854829237982  0.06237573097777960
  0.06463158453154216  0.06696675353975255  0.06935043972713692  0.07181948777241264
  0.07439212543145485  0.07708199128061370  0.07988373442610423  0.08275941563479502
  0.08573349030044715  0.08883900972984787  0.09210604600372573  0.09551418168124463
  0.09905466254613055  0.10273202687660982  0.10654585110572658  0.11050652236750409
  0.11461713675470117  0.11891521087599211  0.12342454567332480  0.12816955821092829
  0.13314591180104915  0.13837033346544256  0.14377189649151872  0.14937088749435776
  0.15524435053852723  0.16146892084110170  0.16804071280270713  0.17498113051313044
  0.18230502055095982  0.19000841375878230  0.19807979399353340  0.20660490287408606
  0.21562947884738615  0.22523883854247703  0.23547396775257293  0.24637401789926647
  0.25791786215552776  0.27019184452027512  0.28330539308059410  0.29744027786137189
  0.31268491794343500  0.32905226587889214  0.34650807607542322  0.36541679983021591
  0.38601246002650885  0.40879010351861256  0.43390692289621424  0.46197090630951315
  0.49380519300502768  0.53046048345741936  0.57375745260687261  0.62732608044635418
  0.70083054462749761  0.81789462809061764  0.88444831192330708  1.00000000000000000
 -0.00109969325589379  0.00417553041653923  0.00954259639359947  0.01486082629230645
  0.02019507987650811  0.02558137474399370  0.03099252257986206  0.03643482152026727
  0.04194552503125062  0.04753373559995069  0.05313247481364589  0.05873396066459101
  0.06433461009100996  0.06995797975427381  0.07565739176076482  0.08141590610674135
  0.08717715622337274  0.09292825852696159  0.09868182076414149  0.10447308602155889
  0.11033037326918975  0.11626737744330909  0.12226404846580173  0.12830652998787759
  0.13437564516568493  0.14045976224171272  0.14657441186090639  0.15272179476753625
  0.15895861476259399  0.16529046684370688  0.17166324832085553  0.17804479776263929
  0.18445602454179841  0.19100937397628509  0.19768080515450623  0.20442080569436030
  0.21123261222813863  0.21814555172487740  0.22513810394980147  0.23217471992602867
  0.23925040828752991  0.24635822388116679  0.25349123396182577  0.26069438464883893
  0.26805232008984370  0.27548870489336647  0.28302401965424362  0.29057694725751326
  0.29825600379684042  0.30607125769607096  0.31400335967243803  0.32208983165863658
  0.33027134755767579  0.33852505842276959  0.34679448694189119  0.35508372310069525
  0.36348415381135962  0.37202729005314117  0.38071465493785200  0.38947872875652201
  0.39836855368406149  0.40736093903964121  0.41654469547029011  0.42586818271728821
  0.43537203108856615  0.44498483771627634  0.45473269755651069  0.46467616635468462
  0.47483670114015630  0.48515318302201349  0.49563076186562016  0.50651797318868230
  0.51759084696649049  0.52904989961434523  0.54079655867166809  0.55284008913585703
  0.56506738342242702  0.57754366105360599  0.59036841207061130  0.60370513221424971
  0.61758870929982701  0.63190979012140647  0.64655539638711179  0.66176586097070655
  0.67774617177030461  0.69465541405824816  0.71246607729213307  0.73129198373267512
  0.75156756737688846  0.77352463432904339  0.79739405148401599  0.82366998993302498
  0.85333325564545515  0.88811198848426942  0.93403252884026822  1.00000000000000000
 -0.00237052442010396  0.00939400053789012  0.01921091928173014  0.03016290436802983
  0.04051379611173069  0.05135068304242895  0.06194536230953348  0.07261296519701341
  0.08313880114405389  0.09374547377662094  0.10453200441124390  0.11527496155481400
  0.12610305532449684  0.13683521545136634  0.14752292740162926  0.15824704185032704
  0.16889230213861717  0.17955318569951945  0.19017437749763602  0.20061937929760848
  0.21113111328239087  0.22158658057030448  0.23228841293509128  0.24272489600378810
  0.25329316767208360  0.26352133237739789  0.27396168481640659  0.28430306924145105
  0.29488519665675517  0.30562016118948709  0.31632594333163133  0.32688970219471319
  0.33746395191582151  0.34769347630190928  0.35816382331501267  0.36840822928363914
  0.37915480805469914  0.38982462132263085  0.40060069898445971  0.41111428181306753
  0.42148100398811023  0.43185055102518238  0.44247759194124464  0.45329835229290472
  0.46416394992065535  0.47496376796981432  0.48571622850443896  0.49638774866256707
  0.50691646792426470  0.51742234262978382  0.52788702390520914  0.53838780750935000
  0.54879005526207325  0.55915173839349630  0.56941078495530861  0.57963643810818521
  0.59003519561459350  0.60041993527487258  0.61108835375098458  0.62163613783932725
  0.63206729479430623  0.64248308572167079  0.65311421007582093  0.66392607145320670
  0.67467190064841909  0.68525258445049353  0.69576043952671018  0.70636803251979563
  0.71700211621639165  0.72765438543772032  0.73818682410614744  0.74874699535736344
  0.75941084348541454  0.76997990530936034  0.78031528397224692  0.79065708356217068
  0.80115935296714247  0.81159234469942088  0.82192965999942325  0.83228967011155874
  0.84299054887787905  0.85373611424882567  0.86440014934302145  0.87502309779841025
  0.88556773373337960  0.89598226423192484  0.90635790196626709  0.91674900345310828
  0.92730993829322939  0.93780193563975756  0.94826109204010622  0.95858494215827972
  0.96893699900010422  0.97912618208121338  0.98954417342406076  1.00000000000000000
 -0.01409880541990756  0.06328579410996282  0.10937166170631428  0.14448345538553728
  0.17383877558342103  0.20002338206348125  0.22373748197169913  0.24554428001788658
  0.26585979497278489  0.28492007039148515  0.30289197738677354  0.32000928034536624
  0.33627719860962757  0.35168449332956198  0.36646878184958875  0.38088077566270728
  0.39464323775722154  0.40798708319194388  0.42087159051298961  0.43337887789645130
  0.44549034148949124  0.45728749197194002  0.46872630023273137  0.47989126650565511
  0.49093268883623248  0.50186639968486280  0.51268944738248856  0.52329979441147634
  0.53362636415171361  0.54373015645287670  0.55368348689288605  0.56350003492153600
  0.57314639287352909  0.58264057655681400  0.59194075905401256  0.60100024075691982
  0.60986575208708416  0.61863597130999837  0.62736753415913460  0.63607096296252275
  0.64469339563113204  0.65307906084287426  0.66137994749677509  0.66952476058243582
  0.67755835588154367  0.68547822562778282  0.69336818246444853  0.70113223502542366
  0.70887002843149394  0.71658745725559447  0.72421265705144078  0.73177042986537200
  0.73911085108788077  0.74641111803219873  0.75348168882285627  0.76045239690582567
  0.76740213037791283  0.77429908923535384  0.78116599680143073  0.78795471027285768
  0.79467820701578351  0.80130081417486776  0.80783609073948870  0.81432942011747222
  0.82083878018664569  0.82733856146240747  0.83379757520853648  0.84019003582979468
  0.84653832349197289  0.85285612012280954  0.85908239306615952  0.86520706806365111
  0.87125209628476863  0.87724200198196467  0.88322126256440592  0.88920964685682446
  0.89516885947649361  0.90104513651173312  0.90685408163391457  0.91261393850985750
  0.91831893571821877  0.92397627460667253  0.92960237286935588  0.93518551225722857
  0.94073373639231939  0.94624279674255729  0.95171423850685322  0.95716926157547855
  0.96262632183893937  0.96805596706937747  0.97344421681195092  0.97879217495296256
  0.98414632575078953  0.98946870511970031  0.99471505821606898  1.00000000000000000
 -0.00232817887700110  0.00920356140587954  0.01925799518559435  0.03010014957471870
  0.04073832837037028  0.05117969852938251  0.06181399564127897  0.07252497376796151
  0.08318519985063598  0.09356866572207706  0.10400077400424605  0.11476620839485294
  0.12532962113289406  0.13566516559681555  0.14580210790627202  0.15628404487517417
  0.16668596728502194  0.17719146999713631  0.18754502360702915  0.19796472235343265
  0.20838036801301618  0.21884228010940635  0.22920547767537672  0.23983588930328961
  0.25036248353827623  0.26120498331267128  0.27178096081339870  0.28262831068696309
  0.29319524921612139  0.30373214894156914  0.31415355976079345  0.32482769875743617
  0.33561691762150042  0.34609784079894512  0.35671884566887968  0.36695181233376428
  0.37737357146489919  0.38777917463625566  0.39835804574077088  0.40900962955515657
  0.41967775594657036  0.43046140523164456  0.44127221124195332  0.45203272222081031
  0.46299175357497846  0.47376491997113190  0.48427723562819142  0.49471524217302887
  0.50527125779730631  0.51590889156688147  0.52630633755960787  0.53684962559810989
  0.54738229184358611  0.55808613676300645  0.56863569931927693  0.57929795178140975
  0.58987678439612468  0.60030654572343911  0.61060721803525553  0.62106628338898329
  0.63166485164454445  0.64239558714229306  0.65305086542791790  0.66381045552431139
  0.67452175706256534  0.68521280152576181  0.69575484844528812  0.70629871520032228
  0.71681407282493637  0.72737058642131580  0.73769179448297073  0.74798958144751981
  0.75819934002849665  0.76856369524366974  0.77901265463045133  0.78920164005790272
  0.80003904068289711  0.81058378882263971  0.82132858536698594  0.83180659284854708
  0.84249015885917666  0.85306216622195430  0.86343977709298636  0.87386255217349118
  0.88447115814441202  0.89486421627656154  0.90534537558129202  0.91551533919943062
  0.92601681334760000  0.93661925212097674  0.94716985791880082  0.95774497686041082
  0.96807100568427695  0.97830141567557438  0.98910500582381888  1.00000000000000000
 -0.00229658964150675  0.00908203667501354  0.01912969351249463  0.02963680765274865
  0.04014259824766826  0.05069102729371999  0.06135197479763065  0.07176039070008754
  0.08216209992745080  0.09268190528413031  0.10302170441949317  0.11346600977097107
  0.12386733176371291  0.13454158373181541  0.14536518755505248  0.15550142260017666
  0.16600545286499827  0.17623377761126163  0.18671054041493834  0.19714216552627384
  0.20774249785705759  0.21832851214146734  0.22902845748158981  0.23965912623780602
  0.25040114811262587  0.26094204251628084  0.27169809656071570  0.28190798555510238
  0.29239093260611693  0.30281877491790954  0.31337887575013751  0.32413531616474245
  0.33433897992383754  0.34500728713905104  0.35538445532461799  0.36604753788980626
  0.37662391869361156  0.38724332813872953  0.39796483248182113  0.40848297085111107
  0.41888336888762312  0.42921608211905171  0.43936039209522532  0.44964374725842987
  0.46005033823388086  0.47081909726972865  0.48162206988177847  0.49237736003091587
  0.50314860049599863  0.51372986809597188  0.52442663415674207  0.53504037096439372
  0.54570494069198106  0.55622897517761172  0.56677266051233299  0.57727814357068785
  0.58772730832000442  0.59829032347021516  0.60881417362159362  0.61959439168801078
  0.63025980351521438  0.64089085164437076  0.65138245568774145  0.66191030949043617
  0.67272282294668573  0.68361059138818769  0.69438029327839013  0.70505626698444634
  0.71566331162069241  0.72629695659020044  0.73691732524774411  0.74748622372454732
  0.75808786766597791  0.76861300378668818  0.77898756637460520  0.78945221066658755
  0.79995427683885589  0.81038318485290561  0.82064316279979721  0.83090510134294915
  0.84135910873135189  0.85200888171288769  0.86253160206616608  0.87314498837532395
  0.88366427665201741  0.89415707309058368  0.90481620239103200  0.91536357549098801
  0.92603477055118133  0.93649962406513099  0.94713175262976623  0.95794245154954483
  0.96846701098162291  0.97891016348917148  0.98930850955403671  1.00000000000000000
   6.6494091398576805E-008  -1.0000000000000000     
 F F F F F F F F F F F F F F F F F F F F F F F F F F F F F F F F F F F F F F F F F F F F F F F F F F F F F F F F F F F F F F F F F F F F F F F F F F F F F F F F F F F F F F F F F F F F F F F F F F F F F F F F F F F F F F F F F F F F F F F F F F F F F F F F
  <DiscreteSampler_grid>
  grouped_processes
  1 # 1 for a reference and 2 for a running grid.
  10 # Attribute 'min_bin_probing_points' of the grid.
  1 # Attribute 'grid_mode' of the grid. 1=='default',2=='initialization'
  0.0000000000000000 # Attribute 'small_contrib_threshold' of the grid.
  0.5000000000000000 # Attribute 'damping_power' of the grid.
 # binID   n_entries weight   weight_sqr   abs_weight
    10   10   1.275671498871749E+004   5.020583643804692E+008   1.275671498871749E+004
  </DiscreteSampler_grid>
