  0.00242025677746209  0.01618969237886226  0.03025224953166566  0.04278181768504974
  0.05454340479574270  0.06590882532971111  0.07708537866025410  0.08824311436606903
  0.09935883613583675  0.11037873233277218  0.12139288494095385  0.13230457924562411
  0.14315878740972043  0.15393569024783138  0.16469661531542296  0.17548640613040487
  0.18630266424207054  0.19711901742894747  0.20793086405980715  0.21870084824948152
  0.22938071126469026  0.23991394386256407  0.25047658814493268  0.26117046370005886
  0.27189500740309736  0.28264360420363077  0.29341669656759078  0.30427644490363515
  0.31513388496145450  0.32589088817429801  0.33651890936687645  0.34709891049361502
  0.35768061481543834  0.36837739789818902  0.37913709771483034  0.38992719370302503
  0.40071071548647813  0.41143549529716128  0.42203939101368348  0.43263774875932764
  0.44330402653608919  0.45410578348022257  0.46488133851564423  0.47555798110423503
  0.48616705368411955  0.49666449525273776  0.50718801126779556  0.51776240939599549
  0.52834633811939669  0.53894362031810528  0.54958135178510847  0.56033625487267569
  0.57107184352580764  0.58172868394885291  0.59230197152819275  0.60281295439683336
  0.61337962051289530  0.62387935794034144  0.63444842915732669  0.64494796579268532
  0.65537890778735464  0.66582282889324373  0.67621490306561582  0.68658212136057373
  0.69694655455564647  0.70743499907289409  0.71805814228995446  0.72874245308755137
  0.73920465218067088  0.74963285149422698  0.76009516162036228  0.77057822475970716
  0.78093227726599224  0.79104002721790434  0.80123113760407372  0.81145551051290943
  0.82173456418277580  0.83202220824263651  0.84225105966545544  0.85243742110442933
  0.86259063205281294  0.87285040611563214  0.88332214173706436  0.89359841052359956
  0.90344633842515643  0.91298175260773318  0.92264896051106249  0.93226130030397325
  0.94189836693053852  0.95137469635957461  0.96063084410944288  0.96969164946221242
  0.97845272961811258  0.98639151513027057  0.99348198659794862  1.00000000000000000
  0.00271447286424267  0.01551487040795980  0.02838412608350968  0.03997003224606027
  0.05153962929492759  0.06307015099585705  0.07437462232615542  0.08550998898738357
  0.09667806887041203  0.10788611635951321  0.11900054542494497  0.12996673450103877
  0.14081514686657909  0.15172206898502055  0.16268604121080471  0.17361049132638531
  0.18449304200866071  0.19533806684376620  0.20616613123267877  0.21690578565283089
  0.22759250234253048  0.23822951276441959  0.24887107374351708  0.25955887159353036
  0.27025968252778060  0.28090037926206113  0.29149874807137616  0.30213813190825928
  0.31289163434923889  0.32376968643924614  0.33468175457650695  0.34546362608056191
  0.35609601424354115  0.36661443313452402  0.37697703675530009  0.38723983976154913
  0.39758106846546643  0.40808392110757807  0.41865152378612952  0.42919276292140540
  0.43977873363347625  0.45046488395083850  0.46107561944914477  0.47148491831335881
  0.48181283348426823  0.49217378030584485  0.50245688485687656  0.51267967123697644
  0.52302676600746267  0.53361958296543477  0.54429405483764137  0.55491920168129272
  0.56545252790440803  0.57594972571199554  0.58643695405285790  0.59697525413792329
  0.60752843748341057  0.61801984688825840  0.62838413589738484  0.63873114242272488
  0.64913067735138053  0.65958290713079359  0.67005633543327925  0.68053665836927324
  0.69102443335075436  0.70148566883213437  0.71186125176989701  0.72221649108772057
  0.73251768658592331  0.74272811781321890  0.75287698512049495  0.76299309383451197
  0.77308731015277143  0.78321184124870380  0.79342348409346297  0.80369273419134757
  0.81392317218754018  0.82413568300704509  0.83435952961267235  0.84454286680929735
  0.85468980920952020  0.86480594287706913  0.87491685930710350  0.88501811079210191
  0.89511877865022926  0.90520433202232775  0.91522784847546046  0.92517864876382661
  0.93499848097453175  0.94463300791719518  0.95404667699474999  0.96330009665366190
  0.97219818746334141  0.98035988803676721  0.98855037236555732  1.00000000000000000
  0.00642083837035046  0.00824631998148616  0.00950889701975920  0.01065488677175113
  0.01177642381763958  0.01289693949741011  0.01402057142064053  0.01522537913048142
  0.01642652352414401  0.01761960751497664  0.01882197595452339  0.02006817252652154
  0.02135646207827709  0.02262722203751534  0.02386248360424673  0.02508627919938148
  0.02620743972284774  0.02716886567763633  0.02824731955139595  0.02948027412894423
  0.03072331565269570  0.03198339937001346  0.03326558630042933  0.03457019393052891
  0.03591326113748568  0.03729444222003903  0.03871505574248338  0.04017823184910922
  0.04169165327121861  0.04325695695994940  0.04485400566868141  0.04647982828251695
  0.04815700661700323  0.04991359065832184  0.05174440363372090  0.05363308084243654
  0.05557912090097866  0.05759019568801148  0.05966816120298629  0.06181326648718574
  0.06403901653650780  0.06635949458609841  0.06877027226132135  0.07125949159590560
  0.07383265126170580  0.07650850256396483  0.07928751478947635  0.08217198875769136
  0.08514400890491709  0.08824441642822234  0.09147232033305551  0.09482470322828963
  0.09831288297484451  0.10194379075351377  0.10575505507663482  0.10973142119059622
  0.11388438151623036  0.11820247545510741  0.12270657631080846  0.12741452578903570
  0.13231335396409089  0.13742890871184280  0.14278722942533514  0.14839146870791314
  0.15418689412851050  0.16023410238224972  0.16654235117851385  0.17316153929058853
  0.18018811137710261  0.18768871058802611  0.19560995765159994  0.20391401740198167
  0.21267025226236641  0.22203819662743374  0.23194228839675932  0.24250844790130890
  0.25365580333574766  0.26558317556797284  0.27826118693830559  0.29185464587687998
  0.30644973438740442  0.32213923855566678  0.33894322117132325  0.35715850809144650
  0.37688704179806404  0.39835555993584171  0.42205539392001196  0.44859805562118055
  0.47825759995654571  0.51178831900385091  0.55067272328267391  0.59721660906770380
  0.65672517553664445  0.74176312919637621  0.87099912155851422  1.00000000000000000
 -0.00106875948098309  0.00408133508018108  0.00933676201090873  0.01455189401477671
  0.01981670107462905  0.02511824324081776  0.03051804945568947  0.03596947566703784
  0.04145432523712931  0.04693367584164855  0.05236045805525907  0.05777886297087845
  0.06321531088404167  0.06873645127411530  0.07434986274452350  0.08003615410278275
  0.08576847342258122  0.09152856506460087  0.09729847478136172  0.10310430705384503
  0.10897936978348859  0.11488678678870755  0.12081477948599249  0.12679821359180857
  0.13284455643757470  0.13894396335068104  0.14510903538164185  0.15139076344827554
  0.15778337623625907  0.16424278553903801  0.17073769142517867  0.17726826116118474
  0.18388886517018904  0.19052174625212812  0.19718510937786701  0.20392391404231658
  0.21070097448260314  0.21752369082691378  0.22438821898977951  0.23132464212225637
  0.23836123950164079  0.24553458143733983  0.25284729679053775  0.26022794545535222
  0.26771088115013847  0.27518745529127053  0.28285112848669491  0.29055705795797676
  0.29835757081453057  0.30618677160925439  0.31408493315866154  0.32201711577489600
  0.33002414548345349  0.33812892189978661  0.34638017462232529  0.35480669206237836
  0.36335125957720832  0.37196614567369202  0.38049113895269027  0.38905288072017047
  0.39781049145384684  0.40672216391659594  0.41575548970908144  0.42490011949596446
  0.43416764827481996  0.44378027167065698  0.45370607561303439  0.46387010581251664
  0.47419431169018056  0.48472476219096566  0.49546654864612460  0.50657792088993414
  0.51790794968302789  0.52949934585137481  0.54132319570341669  0.55348344840583774
  0.56598787268262074  0.57877687078132145  0.59169682590975869  0.60484306304689694
  0.61848611876511272  0.63260826635345047  0.64735579369348373  0.66291056836848350
  0.67935264839584564  0.69648030662748028  0.71452077667114089  0.73371388113966707
  0.75400515353124220  0.77541484593184784  0.79838591188419850  0.82402409016754141
  0.85355278241890942  0.88830635079084619  0.93399002890324156  1.00000000000000000
 -0.00228876915860033  0.00912497911752294  0.01912849177203149  0.02999988228323370
  0.04044580041642055  0.05099923838200228  0.06137546787641315  0.07197091637291123
  0.08251178898034926  0.09311734283439978  0.10357774565491702  0.11404177923933125
  0.12455410155365013  0.13501285412901912  0.14531556645673377  0.15554228823415026
  0.16561582511761175  0.17601777756479350  0.18646274923764608  0.19710240437035229
  0.20779603462145407  0.21815611144087324  0.22848393209738835  0.23897740244643481
  0.24945328439213010  0.25975193004609853  0.27002520327487212  0.28057043124001796
  0.29138371384298334  0.30209071257074704  0.31260883832367176  0.32320422574815960
  0.33377954903199841  0.34435575785316963  0.35487568684257403  0.36546802603451650
  0.37602640226830525  0.38652409787530845  0.39693652336236934  0.40741889218027288
  0.41795585024587129  0.42858181499049736  0.43925223886879627  0.44994910229754692
  0.46056538241271278  0.47119779028480208  0.48179659488276433  0.49241102945182236
  0.50298266641742384  0.51358594605346153  0.52427493748018894  0.53499267873350809
  0.54569925859111956  0.55621569395810100  0.56662532867338467  0.57702378092186357
  0.58738311964486745  0.59785969359372138  0.60829813330948845  0.61879866646590054
  0.62922764795835950  0.63952649547893592  0.64988737726699108  0.66033634310746869
  0.67072801934869664  0.68113101435902379  0.69159236643617172  0.70227045494449436
  0.71297341653405477  0.72357128288575201  0.73425445040242565  0.74505569405192684
  0.75583643392167699  0.76642142771959687  0.77699923088535772  0.78766739742850722
  0.79849568886923972  0.80917722480707244  0.81982812162353258  0.83034879603251566
  0.84083411154628107  0.85128789764300794  0.86183737149754036  0.87250057859680796
  0.88304336635579705  0.89368097365226140  0.90423146468468352  0.91497110863371367
  0.92568609750092967  0.93631909582033279  0.94697331112897842  0.95740133213120082
  0.96809160977295505  0.97869180244144982  0.98934986243367751  1.00000000000000000
 -0.01465950285196860  0.06492115990134870  0.11096043367120072  0.14607346297099730
  0.17579056559554945  0.20188518040303718  0.22537599331692729  0.24714825817949318
  0.26741356910784908  0.28634810949831185  0.30425741165464765  0.32127032278636958
  0.33749531140666400  0.35306631776741221  0.36810786847928806  0.38253088753264763
  0.39641998155665065  0.40983364030770514  0.42301804542964777  0.43589005981829582
  0.44830693009526723  0.46043800135795238  0.47222551489744491  0.48379224752680533
  0.49507904304542633  0.50610033647310093  0.51682797680526793  0.52727144422629968
  0.53765582029422887  0.54785394267175802  0.55787905725941977  0.56774460742763011
  0.57754950690607998  0.58711004352924034  0.59625462134177343  0.60519281047472784
  0.61406900604141568  0.62288624847721175  0.63156169480959801  0.64005666888433643
  0.64833411980969824  0.65650049835058955  0.66461018610305311  0.67267690648694511
  0.68063402849166532  0.68846486039793198  0.69610384997323571  0.70366953992045123
  0.71125324199149143  0.71887067338378285  0.72641080447567219  0.73373073939382583
  0.74089975818243059  0.74803949540438053  0.75512150436455494  0.76209924579797017
  0.76893635514748904  0.77564838803658831  0.78231225838807261  0.78898533010499616
  0.79567963181332602  0.80233766907558779  0.80887571086436560  0.81535565271910304
  0.82183513354859705  0.82821364817033061  0.83453345005083646  0.84086080703632782
  0.84719404083370897  0.85352006825279103  0.85976817403854733  0.86592061309014079
  0.87202157144811432  0.87807440986870300  0.88409265664529735  0.89009136777478870
  0.89602482430097596  0.90186639504048594  0.90764740661435506  0.91338643533229658
  0.91907492748273212  0.92472658884570791  0.93036742750114165  0.93598638653828903
  0.94153407867248329  0.94701770097597815  0.95246057713974386  0.95786607771336829
  0.96325284132782374  0.96857353191706086  0.97384737568432655  0.97907849963758320
  0.98430493133341224  0.98951730627692180  0.99476881631639047  1.00000000000000000
 -0.00232227808874570  0.00903580172027878  0.01907733433683264  0.02984246868551697
  0.04049867849064739  0.05107000112143952  0.06149425317634157  0.07200264037215197
  0.08259936040079395  0.09336202327781931  0.10394657254933308  0.11451033101784774
  0.12513456421795491  0.13580906554721692  0.14646781390190683  0.15702791089221727
  0.16745433107645383  0.17775202938502579  0.18817758605803378  0.19880253966170797
  0.20954602339578685  0.22015185652572278  0.23091184925928018  0.24164534643017932
  0.25227670742484903  0.26291626087356346  0.27341614547746262  0.28383013123576467
  0.29419499022846213  0.30455135704751629  0.31500563117357666  0.32544022565272029
  0.33588200260484152  0.34628312415899143  0.35670537061030588  0.36724871675846094
  0.37779281220061528  0.38828117794347433  0.39877496829025832  0.40932950459253337
  0.41986759920006061  0.43037839938222233  0.44089623852532805  0.45156786457575271
  0.46224506164154605  0.47294835438591654  0.48366195495671466  0.49428707152092671
  0.50487833477330213  0.51538329156894536  0.52603504208536322  0.53667144442472503
  0.54710649493578578  0.55737765974649400  0.56768903028266626  0.57810669823506078
  0.58864913648647110  0.59890012855028540  0.60928016563192988  0.61983978687926911
  0.63032660124247319  0.64089203122898297  0.65147124925329647  0.66207533792417672
  0.67256961358852452  0.68299589077447997  0.69349848792444169  0.70408891773122240
  0.71474300800249047  0.72538200535311192  0.73578653018063478  0.74604869465909285
  0.75658524794208837  0.76703191454836395  0.77758507280880507  0.78788024173010751
  0.79867276531241738  0.80947331333929617  0.82018020117366275  0.83079292505003199
  0.84136249294894161  0.85198418235693285  0.86259677979393423  0.87336120926367988
  0.88397527980073454  0.89481041136970429  0.90560924844663815  0.91642978250012863
  0.92706331226750127  0.93769185122650500  0.94852235162229481  0.95911201095299936
  0.96936688870058707  0.97955697743358405  0.98969907448167005  1.00000000000000000
 -0.00236327631522987  0.00940423981851231  0.01881481745300682  0.02937198306860688
  0.03972763077262204  0.05019864060755397  0.06044695695650310  0.07092809235030036
  0.08144071360783992  0.09205905297035125  0.10259582169809116  0.11322232708554955
  0.12354815369390909  0.13387554682369804  0.14411607506094545  0.15450018460344339
  0.16489292592443697  0.17522731506415740  0.18549771265164311  0.19589554823954716
  0.20663551088405674  0.21739148914059389  0.22823453526597964  0.23888032070576781
  0.24955244560555248  0.26000005670894288  0.27056656667069939  0.28101407084462487
  0.29142023093301989  0.30189707584541825  0.31236833132975333  0.32300443946576213
  0.33365133747959980  0.34415802388522959  0.35455390526254338  0.36504705162751533
  0.37558898665796125  0.38615017343930463  0.39669301664175288  0.40751233308855656
  0.41837749712588723  0.42908888176882143  0.43968365255317965  0.45018599277891092
  0.46092846227761264  0.47175276816882383  0.48234726745755430  0.49233635491168282
  0.50287987597205352  0.51338866451146736  0.52376567654642259  0.53397986321419144
  0.54435653440615828  0.55495645662138049  0.56558956628209089  0.57617645259007699
  0.58686155724404565  0.59749235408031787  0.60814311340477356  0.61852855117731387
  0.62907441055750724  0.63957842675988841  0.65004858922270914  0.66053499966099338
  0.67109093593105107  0.68178982551899869  0.69249470450223272  0.70313047387533545
  0.71387871839736461  0.72459517715783572  0.73515883815297633  0.74574770324064843
  0.75626701400097851  0.76682428948096926  0.77741664264719434  0.78788459736437133
  0.79841835916494996  0.80901147182307331  0.81964219657213688  0.83056766829188111
  0.84132470449002583  0.85210131701187619  0.86282457642892596  0.87377522407514130
  0.88474348953512583  0.89542846784074370  0.90611212766521765  0.91647284791963568
  0.92675461227255507  0.93710837622657583  0.94763614556270548  0.95807533553852020
  0.96848523573596801  0.97869243832613184  0.98959066333763412  1.00000000000000000
   6.6739412246020162E-008  -1.0000000000000000     
 F F F F F F F F F F F F F F F F F F F F F F F F F F F F F F F F F F F F F F F F F F F F F F F F F F F F F F F F F F F F F F F F F F F F F F F F F F F F F F F F F F F F F F F F F F F F F F F F F F F F F F F F F F F F F F F F F F F F F F F F F F F F F F F F
  <DiscreteSampler_grid>
  grouped_processes
  1 # 1 for a reference and 2 for a running grid.
  10 # Attribute 'min_bin_probing_points' of the grid.
  1 # Attribute 'grid_mode' of the grid. 1=='default',2=='initialization'
  0.0000000000000000 # Attribute 'small_contrib_threshold' of the grid.
  0.5000000000000000 # Attribute 'damping_power' of the grid.
 # binID   n_entries weight   weight_sqr   abs_weight
    10   10   1.177980717054173E+004   4.907051171205840E+008   1.177980717054173E+004
  </DiscreteSampler_grid>
