  0.00239774994210477  0.01612718475355922  0.02996552070177646  0.04213169199193886
  0.05388332814366434  0.06550459650147053  0.07692481260094486  0.08816070987980579
  0.09907018171410072  0.11002613371448368  0.12084742734917323  0.13185629397238663
  0.14283371313877163  0.15372336251466132  0.16453872016114265  0.17529879787314637
  0.18607891008138000  0.19677915984821673  0.20755136587070033  0.21828227771776926
  0.22891518850389223  0.23941401437514209  0.24988122419127071  0.26014051252169862
  0.27030928241591862  0.28058166944167168  0.29088152949028495  0.30122225952326082
  0.31144193432173867  0.32186760687414495  0.33239661837889317  0.34303587875600011
  0.35365165874495336  0.36424971217367075  0.37477262432074815  0.38519619882063022
  0.39556236968769160  0.40590179950074368  0.41640418649650923  0.42697046265753485
  0.43753601983317125  0.44808618703200442  0.45864285824426615  0.46919877238199204
  0.47958418195467412  0.48985414983224917  0.50020117558167698  0.51070840949453733
  0.52124959630038670  0.53162066192179969  0.54184387043654347  0.55206682694818199
  0.56234028600996233  0.57266149746887463  0.58298730949729349  0.59328383142646690
  0.60355975999864009  0.61388482647208931  0.62428235085754635  0.63471566497708964
  0.64512528975996453  0.65551692111141258  0.66593007135606108  0.67640371104667907
  0.68687399651113790  0.69732588823294683  0.70777217018627758  0.71815969031326332
  0.72846829932731227  0.73863712971718920  0.74874323654946340  0.75887722171544936
  0.76905257668253779  0.77924861771340537  0.78938729447343603  0.79952516508578764
  0.80978660615780262  0.82018747165833761  0.83067839855123793  0.84107222403031823
  0.85133164685968110  0.86154151379500166  0.87173589020392006  0.88187556787436105
  0.89192493777338211  0.90191816796512958  0.91182825925708721  0.92164633897374881
  0.93132743525028716  0.94084630793993851  0.95027835317369747  0.95961257246273401
  0.96878305075098181  0.97749853609805493  0.98563280118205576  1.00000000000000000
  0.00238031270498395  0.01644914254932909  0.03027909305277072  0.04244946676810296
  0.05411289488382059  0.06541587472941889  0.07676851889748966  0.08820479966279481
  0.09965955043693916  0.11097887387846106  0.12223134077268843  0.13347665929897914
  0.14463523138700646  0.15564353340930248  0.16670541874729036  0.17781080419169359
  0.18890200180344732  0.19971606921016430  0.21042004482080592  0.22111304420785019
  0.23196980874621057  0.24285188078249653  0.25363526547237703  0.26421678606554394
  0.27485131524298728  0.28554153602911875  0.29601430082068003  0.30619475740474317
  0.31653692304283787  0.32713198300981139  0.33786890341229159  0.34856065959892796
  0.35922483644427888  0.36986849487059059  0.38042944727121447  0.39094089765678108
  0.40152696675601879  0.41212809403832856  0.42268864666056366  0.43324036425759160
  0.44384657521457310  0.45448832095816716  0.46513067224624483  0.47578044919694945
  0.48639203003289572  0.49690087508239977  0.50734222801058881  0.51778292192982600
  0.52827017000844578  0.53881334678386150  0.54939370124472120  0.55994579502889497
  0.57048292967089287  0.58108436462181345  0.59180345122086964  0.60257811499380021
  0.61326802682600590  0.62386832030016337  0.63439641926562995  0.64493999058879969
  0.65555168446876777  0.66612728652632114  0.67669740915702525  0.68726841860945709
  0.69782894232591908  0.70832627586247388  0.71865699987174259  0.72896482561101450
  0.73936931532645800  0.74976504350188400  0.76019338170902961  0.77055547780630107
  0.78099644779763588  0.79142031981648731  0.80178161208375676  0.81201852229884264
  0.82213524690708595  0.83229706485283106  0.84257487042793955  0.85283386390839455
  0.86295549603941846  0.87301612650021931  0.88312416033153496  0.89326988862839274
  0.90338962213412299  0.91347967956769149  0.92349634221512178  0.93337277691696696
  0.94313900861450806  0.95275540865921504  0.96204395617038996  0.97093890491678514
  0.97926623537892232  0.98654752026615511  0.99355087175157641  1.00000000000000000
  0.00862671314388943  0.00959506685226020  0.01045664632607468  0.01141353851147551
  0.01251940056889529  0.01367969543571369  0.01484387666342979  0.01602157821878516
  0.01720604591414147  0.01840593132194715  0.01963853007861636  0.02089465595207649
  0.02221715723583659  0.02361689138569816  0.02489417473235225  0.02591529962933865
  0.02686694694215507  0.02795742291215257  0.02915942510324912  0.03040312157838314
  0.03167000001296887  0.03296585234467000  0.03428675869086038  0.03562660493695547
  0.03698895024968728  0.03838437910619302  0.03982902150588558  0.04131451036666672
  0.04283758160863538  0.04439844626937749  0.04600433515484266  0.04766945166671228
  0.04940023250309614  0.05120301414787521  0.05306667682807565  0.05496771518936264
  0.05691273484486237  0.05893099639665081  0.06103815397753969  0.06322219145338469
  0.06547806355626365  0.06782112455075358  0.07024838027379059  0.07273481189002688
  0.07528788037950578  0.07793415599601215  0.08069266460493205  0.08355389848350502
  0.08651218586289001  0.08959780865136424  0.09282936978056906  0.09618822630711842
  0.09966258012524705  0.10322363377720860  0.10694568443404377  0.11088646282966022
  0.11501925299714053  0.11931206133010600  0.12372869689974011  0.12831754560463068
  0.13312288442005155  0.13821724074249414  0.14361382161966579  0.14925927920847229
  0.15511144079229369  0.16120224685255310  0.16762408765870598  0.17441205162029430
  0.18155410972854294  0.18910456974404533  0.19701925293634767  0.20537669189433180
  0.21418773121319115  0.22349942661436201  0.23333111117611369  0.24377249983288232
  0.25488919426032225  0.26678713537515586  0.27949413725666233  0.29314463017195269
  0.30787828248427340  0.32372541026177681  0.34065386455842239  0.35888349683014537
  0.37877437593559199  0.40056138433185312  0.42453289713674464  0.45100229646791945
  0.48071911109821136  0.51450466403050010  0.55337150822076597  0.59958725625592324
  0.65903846952170275  0.74999425350636673  0.86477707483033261  1.00000000000000000
 -0.00101451879807015  0.00391208034860169  0.00916429178771591  0.01439865850300300
  0.01970948472271205  0.02510208705024973  0.03048602043461216  0.03589886787435861
  0.04130822920463342  0.04674737590905181  0.05221165348674950  0.05773582786570210
  0.06333400702128654  0.06900378185770592  0.07469003519934272  0.08039051314574289
  0.08614910532659067  0.09199371920647668  0.09794258677197844  0.10395643395217280
  0.10999216784945869  0.11601098940102308  0.12203697659928574  0.12813373048951254
  0.13430636928561207  0.14056612352187470  0.14676699279260552  0.15279021807876073
  0.15889550394520782  0.16511928916154620  0.17140916693084612  0.17774950029272393
  0.18408482336210610  0.19040981799436454  0.19676749743108102  0.20319615409489125
  0.20983717653674613  0.21672680512181294  0.22373377698825314  0.23075937111805284
  0.23780701060864418  0.24495311417478985  0.25226228563618630  0.25975743617752289
  0.26735680202791262  0.27486547584177978  0.28252190304017261  0.29015808528737719
  0.29801577032175697  0.30585984458628013  0.31374803753569114  0.32177440634870419
  0.32995361597460199  0.33827769550323672  0.34659807997823688  0.35492758840978533
  0.36333107521815505  0.37189813726300824  0.38054929848657393  0.38931578596648309
  0.39814814401475856  0.40705926221524052  0.41614277353629464  0.42549433912961571
  0.43511009539280188  0.44488647217439486  0.45478770825525267  0.46475609262839557
  0.47481423105224330  0.48503774840199049  0.49562401911470988  0.50663201584827000
  0.51786754012151504  0.52917047231594749  0.54055704632944590  0.55224780075397584
  0.56437718652569113  0.57687303812336621  0.58971729042231136  0.60308176310017958
  0.61671118664466540  0.63078784631700691  0.64561409673751646  0.66114826769127522
  0.67734276875877342  0.69419247684579910  0.71176092779696920  0.73040620002961121
  0.75051176943004150  0.77212332430549502  0.79572868093455174  0.82227135847467769
  0.85228967374427389  0.88698038508259647  0.93264559985931117  1.00000000000000000
 -0.00237266498376593  0.00930451006191539  0.01940461433047579  0.03013461895729379
  0.04072075161107704  0.05130341939343692  0.06204496433424537  0.07277469943140652
  0.08351341245546114  0.09411357656554128  0.10469425895250625  0.11506563854248492
  0.12552955924653966  0.13613620013728392  0.14692155075654420  0.15769342975499456
  0.16835115672507842  0.17902917605650173  0.18964867895806664  0.20015219174480972
  0.21069844696597184  0.22121531763551219  0.23177745947717343  0.24236582167207593
  0.25286585340523243  0.26347544355371888  0.27407200408832838  0.28469516041921838
  0.29522861399373801  0.30571337582041275  0.31635061197123915  0.32706782979394811
  0.33763610488618329  0.34807868692878940  0.35870472244516011  0.36945270300924071
  0.38008539080498982  0.39058822149957706  0.40122181347167979  0.41192142568955153
  0.42258661496258570  0.43320672182112768  0.44386704900566543  0.45454098720624786
  0.46523500186524563  0.47592756887826848  0.48661628395524603  0.49720388367643636
  0.50781572512704820  0.51835445067455876  0.52882907843573967  0.53922460769597769
  0.54963130653721282  0.56007484516267014  0.57048172503668770  0.58089917425988014
  0.59135305949366523  0.60186855338896172  0.61238570702286677  0.62283102521195255
  0.63315575530473378  0.64352166690886392  0.65386140578786733  0.66416168577888945
  0.67448985905946213  0.68491987759759321  0.69546365084726547  0.70596444944885495
  0.71622400198214808  0.72657881963501003  0.73703373821174878  0.74741862072263654
  0.75779611240904243  0.76808763808286562  0.77853801139722445  0.78930829257617174
  0.79990267843390883  0.81059137406077231  0.82116620517396199  0.83157720038756433
  0.84203294810425922  0.85252473318042987  0.86318964016062638  0.87364414148068348
  0.88415250306744764  0.89459942437966822  0.90514720655879866  0.91572914328215371
  0.92623066917132590  0.93682532702679078  0.94727103673747015  0.95788083471802887
  0.96849611019518467  0.97908056652411057  0.98953435906327158  1.00000000000000000
 -0.01414666024800351  0.06361196901770344  0.10962954172710546  0.14495471850640937
  0.17449381871251682  0.20061618592232383  0.22430650371943447  0.24620409428275783
  0.26642505011681489  0.28528482306332920  0.30300467205091225  0.31981751662343033
  0.33613790737601190  0.35181241415275127  0.36692962860653255  0.38136664975352980
  0.39529488466069723  0.40882519415789997  0.42214521721073783  0.43508917757397259
  0.44747444649349061  0.45938825331065691  0.47105479442426457  0.48253428369409518
  0.49384455629863927  0.50486242594644437  0.51564142095886434  0.52620766722659817
  0.53655686303849714  0.54666038729925437  0.55654324169887182  0.56629629837557360
  0.57589332549094241  0.58531385851620643  0.59452228408493457  0.60357306069042571
  0.61250507317999503  0.62126474189825298  0.62981724312764997  0.63820410617955303
  0.64658076635143658  0.65506586563627300  0.66348099587931819  0.67171371960573734
  0.67975022449213718  0.68765593483112042  0.69547073206423682  0.70319738981577484
  0.71086739773147123  0.71851851173660686  0.72608878516344566  0.73350810118032417
  0.74078575470557217  0.74794845554830203  0.75500027852698448  0.76196850849207276
  0.76891043190233488  0.77580468684297721  0.78259826956184819  0.78928003015771553
  0.79587819444285257  0.80246225444773733  0.80902441461469654  0.81552900054733046
  0.82194377178116140  0.82827106941527873  0.83455617982318031  0.84081259085266058
  0.84707621814501477  0.85330533084985671  0.85942439732037912  0.86543881254643562
  0.87138440342572632  0.87729521497500906  0.88319372340556246  0.88908376244148035
  0.89494318605554601  0.90075697667281973  0.90653223910299774  0.91227275781047212
  0.91797543505199275  0.92361489713411349  0.92920993862674572  0.93477719938382098
  0.94034558818833280  0.94591097401704616  0.95145182858800192  0.95697080807976287
  0.96246110532602014  0.96791622299210678  0.97334266193485508  0.97872265152412175
  0.98409925879657856  0.98943300821030777  0.99473274645237919  1.00000000000000000
 -0.00235546359896467  0.00932381774951648  0.01944888600827430  0.02997746322647151
  0.04048439493088886  0.05094962401782794  0.06144729844546149  0.07190525155332410
  0.08252370611087426  0.09290954196723672  0.10337012858647242  0.11394808922976975
  0.12469402438295668  0.13494521304391688  0.14522880296868176  0.15559237237137447
  0.16621912710858780  0.17665631905579202  0.18705524037150262  0.19757129867524897
  0.20836373715055817  0.21917739725215996  0.23000737555847867  0.24073199891803443
  0.25144851080797542  0.26196152582657739  0.27249831665507296  0.28303772820971046
  0.29363964533920262  0.30365661826367962  0.31394826247686136  0.32429577883266203
  0.33469695624437190  0.34494934317453468  0.35526672417158789  0.36576938144625715
  0.37647215625553909  0.38713260164909075  0.39781944061711499  0.40844092778695179
  0.41901563796299324  0.42949420157079410  0.43984796407601295  0.45020390926342790
  0.46063086397029607  0.47112591878070215  0.48160078145452528  0.49200982789600201
  0.50243545356752439  0.51297647040931138  0.52364712891060028  0.53437574661806964
  0.54495199237461212  0.55542924498898227  0.56598165874679673  0.57672921801637511
  0.58749773303943964  0.59813871400046414  0.60880996910089535  0.61949118746925869
  0.63014630902149993  0.64066989202428537  0.65100388193704462  0.66159862542282499
  0.67219544046587731  0.68293725997211174  0.69351163140126926  0.70387290495707810
  0.71412006040586096  0.72449502563540058  0.73503863868091024  0.74598555778737807
  0.75659228686742297  0.76721551714190506  0.77759060675016034  0.78815003247210014
  0.79874769763874665  0.80937607662041855  0.82001121309961411  0.83061472681328130
  0.84115078457100123  0.85181424314742771  0.86249311013278862  0.87318570198264023
  0.88376377886154422  0.89422524764959432  0.90476571696358221  0.91511460050801641
  0.92585946745996617  0.93633373341700021  0.94718260710421309  0.95752113820977058
  0.96804757952694942  0.97849584969905790  0.98917893293738968  1.00000000000000000
 -0.00226158213288020  0.00881333053053166  0.01903940688491975  0.02980824399807175
  0.04062877258098459  0.05120952438391348  0.06171673412307218  0.07207219212731539
  0.08253853660209361  0.09313957758988214  0.10369683385784381  0.11427058719726510
  0.12488134855132894  0.13573329437507239  0.14654078177674937  0.15755505436790371
  0.16829880408589615  0.17885218952252180  0.18923838091552453  0.19950964364688176
  0.20986890781432355  0.22016314719873559  0.23056233342966104  0.24129221066247394
  0.25170131283819053  0.26192902962986586  0.27220547699538961  0.28254544147093041
  0.29302227176089019  0.30344855423460931  0.31349872973374238  0.32443206518268902
  0.33486907143440459  0.34564230200144663  0.35611884975544023  0.36662740396744486
  0.37708350803108931  0.38760703263448099  0.39818693371539693  0.40856992625837490
  0.41904778471687648  0.42956334240638372  0.44016626645050244  0.45060048921203816
  0.46095011559421323  0.47141051689853503  0.48191243991458510  0.49262976062451602
  0.50324221822452664  0.51350548932729656  0.52376401575062792  0.53401029679669687
  0.54448916759066746  0.55478519137089854  0.56501036685977313  0.57534648062000948
  0.58583261914728879  0.59644512230385149  0.60701809596422684  0.61755215260826835
  0.62815499673083020  0.63897965884607877  0.64977172205465661  0.66066409443172769
  0.67146768868120443  0.68229700323317621  0.69287288171433492  0.70343551868103760
  0.71391121462968221  0.72445756010605722  0.73493035436476917  0.74548856882244885
  0.75614089975947940  0.76669910277425724  0.77727237446313913  0.78789341796479506
  0.79863223545764805  0.80946184267844989  0.82026881446778344  0.83098832172305326
  0.84169589174544146  0.85234163546077091  0.86282904680518890  0.87332472397600525
  0.88394162106128760  0.89450315238500888  0.90500712337440092  0.91516403006108027
  0.92598910237341847  0.93666990821215790  0.94728582291531571  0.95770371161241330
  0.96829748653833492  0.97890339365967372  0.98935218994851548  1.00000000000000000
   6.6484475078820218E-008  -1.0000000000000000     
 F F F F F F F F F F F F F F F F F F F F F F F F F F F F F F F F F F F F F F F F F F F F F F F F F F F F F F F F F F F F F F F F F F F F F F F F F F F F F F F F F F F F F F F F F F F F F F F F F F F F F F F F F F F F F F F F F F F F F F F F F F F F F F F F
  <DiscreteSampler_grid>
  grouped_processes
  1 # 1 for a reference and 2 for a running grid.
  10 # Attribute 'min_bin_probing_points' of the grid.
  1 # Attribute 'grid_mode' of the grid. 1=='default',2=='initialization'
  0.0000000000000000 # Attribute 'small_contrib_threshold' of the grid.
  0.5000000000000000 # Attribute 'damping_power' of the grid.
 # binID   n_entries weight   weight_sqr   abs_weight
    10   10   4.861352467789741E+004   6.895409815458811E+009   4.861352467789741E+004
  </DiscreteSampler_grid>
