  0.00236417591888724  0.01653962685972971  0.03026257015191261  0.04256328418416680
  0.05423814391295310  0.06567200373437128  0.07694214766552894  0.08817343337411186
  0.09941320227223018  0.11059835699438805  0.12159187337133501  0.13245359738791251
  0.14318186429456806  0.15394581125891263  0.16467527126751197  0.17543689042733729
  0.18629884006618461  0.19722041266184895  0.20816223652295926  0.21899078225085283
  0.22974106027725577  0.24044781393994638  0.25115743908073113  0.26190839473970101
  0.27271633624603592  0.28355980904932149  0.29439686864652437  0.30521324275316392
  0.31603080349096624  0.32682254785850973  0.33754692464251157  0.34817821348210398
  0.35872651929429861  0.36919598173261320  0.37964541599630519  0.39010777524091905
  0.40063452215772438  0.41120243080811714  0.42184620594959105  0.43261327948001255
  0.44339377879432113  0.45406115120912099  0.46465956726682811  0.47525759753738728
  0.48593284648544238  0.49663006820137690  0.50720992664491993  0.51766266748277523
  0.52806845317328843  0.53851998819912150  0.54906557613913576  0.55968799156703886
  0.57037826198095198  0.58108136777246988  0.59178508726607482  0.60246750132675519
  0.61299834123961339  0.62347512302879637  0.63385335641122975  0.64420919322256154
  0.65456717707599588  0.66506783070505360  0.67563542296872625  0.68621240747504486
  0.69671983072908683  0.70719084933585785  0.71757606022456166  0.72793819740366783
  0.73830419867438601  0.74863715335053405  0.75893345495235509  0.76922588304343487
  0.77951240012808332  0.78974627605655634  0.79999327008526178  0.81026800624389594
  0.82060712794357404  0.83094859273930899  0.84129875322779379  0.85170167637465077
  0.86218901415692351  0.87263964646154379  0.88291723964500768  0.89295034234643245
  0.90287866713595688  0.91280223873206656  0.92279428793260954  0.93281787906900770
  0.94276478273935149  0.95252995466032542  0.96203192919108782  0.97108131122868058
  0.97946158110129078  0.98672484266844274  0.99355525059092920  1.00000000000000000
  0.00232218131279924  0.01635994113884573  0.02994238072912740  0.04205838901397700
  0.05363620132656974  0.06489235094255377  0.07604173572584574  0.08704187295023251
  0.09794548667962699  0.10883408281670436  0.11978315235299125  0.13063080282844830
  0.14140448067916792  0.15214953420058380  0.16300725909327093  0.17390650552682291
  0.18483778421308619  0.19578321741042831  0.20670360711253233  0.21746207988071709
  0.22807927354666649  0.23860401522601929  0.24915118957796181  0.25962766099325435
  0.27017929585188882  0.28065622264367240  0.29117081416041468  0.30165104486750594
  0.31213682028842998  0.32262871296443607  0.33306804004226798  0.34364888494007750
  0.35434578571110781  0.36509897678590780  0.37581248836241066  0.38658358728165865
  0.39731419656385936  0.40803727087379799  0.41874165298034649  0.42918332579118373
  0.43962499045251763  0.44992003984186141  0.46034869956746882  0.47072705755677147
  0.48103420813409159  0.49124209431833776  0.50150324513646705  0.51184065215027963
  0.52217267324404848  0.53241532602580333  0.54266008773755015  0.55300787367069748
  0.56341794521641975  0.57382565151149445  0.58419099965712706  0.59451373183923928
  0.60486566989259349  0.61518869578679558  0.62544395795207475  0.63563772964418574
  0.64588727915085287  0.65620994899220808  0.66658484767796133  0.67703513195694975
  0.68752637393248439  0.69793511877747572  0.70820976837462024  0.71849707138272856
  0.72889415064109231  0.73932476254933666  0.74974428874759891  0.76017808106873097
  0.77060280283117177  0.78092503599978436  0.79108657426655071  0.80121240189524634
  0.81138678859573010  0.82161416996762482  0.83183731050704168  0.84202042278486178
  0.85214337777076687  0.86223047344081449  0.87232040092270691  0.88235653710583217
  0.89238879609475197  0.90233451484112548  0.91225835324769100  0.92214282261661551
  0.93195835201357247  0.94166490639295708  0.95120768345181717  0.96048629682540076
  0.96945932534550028  0.97798261201540260  0.98597892683345978  1.00000000000000000
  0.00734657240736359  0.00901067939204993  0.01011158202782408  0.01107710221268006
  0.01206206481907328  0.01314348545748039  0.01434684637171349  0.01566611218658665
  0.01690399123013840  0.01818027846193464  0.01946312611445859  0.02073590848639480
  0.02200007030090683  0.02327689882029293  0.02461314347588128  0.02588027205650428
  0.02682418484156869  0.02785257253347412  0.02908729632722316  0.03031349359569576
  0.03154986802992800  0.03281754500605782  0.03410665922310207  0.03543409324600374
  0.03679770037800313  0.03819071758241864  0.03961600727323492  0.04108967311647682
  0.04262540297251383  0.04421794444905870  0.04585454618771170  0.04751939918063691
  0.04922023811735698  0.05098404974677793  0.05282651510757408  0.05474681713412934
  0.05672261126934055  0.05874496347685350  0.06082414940726363  0.06296846223958635
  0.06519590121944607  0.06752111695830558  0.06993083027474728  0.07240530625018213
  0.07494654097264483  0.07759396342429541  0.08035963170038003  0.08322595382440512
  0.08619313105281434  0.08928843664022318  0.09250484778820553  0.09583034038996485
  0.09929152582489099  0.10292763470153966  0.10674556237374062  0.11069521820218239
  0.11475971157873364  0.11899907241908914  0.12345719985717134  0.12813062478424617
  0.13297081135255978  0.13799656704384738  0.14325834081324865  0.14883678735784750
  0.15464725071905006  0.16070482074423492  0.16707610051847058  0.17384968620977267
  0.18096725194806584  0.18832769848203637  0.19601729598866882  0.20417990315857390
  0.21291693798562505  0.22223537917576086  0.23209112049373987  0.24257910500041857
  0.25367097267410282  0.26549314418992903  0.27817956831537966  0.29178966641254778
  0.30632340460586188  0.32185804727109424  0.33871539750757740  0.35692834662617551
  0.37657795930160287  0.39808249070867802  0.42186401288248920  0.44802409294828621
  0.47707979014192176  0.51004522674282171  0.54821781907667322  0.59349337552729919
  0.65030222478257560  0.73671388470836341  0.83924875204837024  1.00000000000000000
 -0.00105181157104225  0.00400049420965844  0.00932603490660088  0.01461036728487784
  0.01994053547137496  0.02534782798492699  0.03075274189325474  0.03612935550295616
  0.04150720417949254  0.04693957543584247  0.05245486494118782  0.05805026987532366
  0.06369884877856560  0.06938116974209557  0.07505590792047762  0.08075343005139693
  0.08652357862656226  0.09237349238813994  0.09826246485754139  0.10412498881196589
  0.10999779485208253  0.11591580656253113  0.12190114706505065  0.12798865883208055
  0.13414936403651453  0.14037064169901151  0.14658162050292708  0.15275376674684060
  0.15900622131237027  0.16537701330605506  0.17184439030608750  0.17836368780316264
  0.18486672262914683  0.19137328094231418  0.19789175575657131  0.20443048712071876
  0.21107847475604519  0.21790548813160143  0.22477038236352992  0.23169832087004916
  0.23870972878880797  0.24579661686374227  0.25295067951951083  0.26015728639639468
  0.26749060263288921  0.27501353310939769  0.28255191984606703  0.29024280363092791
  0.29792939567259324  0.30569373728820159  0.31355111140368713  0.32157463506685868
  0.32966082458008206  0.33781129488021477  0.34595905086866213  0.35424995607279064
  0.36284693746598179  0.37159305510025492  0.38043744251795647  0.38935627742936674
  0.39839983356146547  0.40766972728165324  0.41711231747633243  0.42659373176217419
  0.43615255485715110  0.44587021247852521  0.45589086536286566  0.46613084367233892
  0.47647710973054713  0.48698641253893438  0.49761847992272812  0.50848150701930428
  0.51959221610789919  0.53094423499239951  0.54235861687527265  0.55389097610161353
  0.56585932500736558  0.57838457407724264  0.59127320848367226  0.60458743405585191
  0.61846295372932880  0.63285393171602489  0.64762759967946615  0.66300856322212742
  0.67905890947378167  0.69590846344264756  0.71362353011179525  0.73234865192731613
  0.75230654121596763  0.77387395949643056  0.79739228620269098  0.82349596257373825
  0.85330687787471737  0.88802605325129846  0.93362058840098527  1.00000000000000000
 -0.00239564362086144  0.00931894594444101  0.01951369900851537  0.03011841679415653
  0.04067461605107106  0.05121023720414404  0.06177537980447450  0.07231265999065389
  0.08266312132629874  0.09303328627296674  0.10336643465666953  0.11371118939599269
  0.12419743596345256  0.13445808267482717  0.14512544756238138  0.15541463251170803
  0.16587530247540119  0.17650559410885799  0.18731475789384050  0.19787483572285786
  0.20819117482890404  0.21863040874104508  0.22930486779487289  0.24006953532062872
  0.25088809247504168  0.26157045836666187  0.27211803414106039  0.28257394571175687
  0.29314748016756415  0.30369125991736334  0.31433962358237499  0.32495251966567423
  0.33560744091813421  0.34614135802594187  0.35679784380803586  0.36750200964419105
  0.37817109688721889  0.38870557971167569  0.39905497134371171  0.40937323853751928
  0.41984589075650763  0.43050332478730940  0.44109652057807491  0.45141856491430682
  0.46185184531489265  0.47237936896446964  0.48294528919200808  0.49347270948611388
  0.50386707029016509  0.51436311023011660  0.52484696629971783  0.53541593472135651
  0.54601307259151255  0.55666340665087877  0.56731942038870875  0.57799730659413950
  0.58869056571400424  0.59935577624256930  0.61005939892772654  0.62075221623474508
  0.63141747458950293  0.64208368992187170  0.65279291509840187  0.66358288531720189
  0.67436013824201102  0.68504917311854940  0.69556511738142590  0.70596578076840633
  0.71626540141812112  0.72659231523807000  0.73694103535890776  0.74739592491129314
  0.75801610117593021  0.76853655024935053  0.77901587217054225  0.78943417689234718
  0.80000732741143366  0.81061949337638350  0.82118702651803643  0.83169904568587594
  0.84226525131691965  0.85298725461728442  0.86392125178117263  0.87460998710686544
  0.88502806538312817  0.89543807042851575  0.90597846956183492  0.91662197221599717
  0.92726165019279838  0.93781681774962200  0.94823937642590350  0.95871380357603664
  0.96913794160804823  0.97950132850515770  0.98961062726688487  1.00000000000000000
 -0.01395425877439388  0.06295481482654586  0.10903666630064944  0.14409617112275333
  0.17335014168412843  0.19902713541721404  0.22229077425395280  0.24389539439994551
  0.26423438334639859  0.28322666796469009  0.30097176448025320  0.31786391010353898
  0.33411074928938744  0.34952441812735796  0.36437435687821185  0.37881553496073134
  0.39277062318441730  0.40625673401583989  0.41924453191364075  0.43191473788704193
  0.44446399479736964  0.45668928790204372  0.46838671092963158  0.47969348455581551
  0.49081585889247314  0.50178455664472021  0.51257299786230448  0.52305068065380034
  0.53329743169790511  0.54340141779785633  0.55345667321195446  0.56329924917274377
  0.57287095965619650  0.58226123242168937  0.59148835618288020  0.60052589452095284
  0.60944481114917970  0.61833880626218285  0.62721773784485468  0.63604086139563354
  0.64463966957711527  0.65311386990697551  0.66143463022303028  0.66970776831588941
  0.67790708292663526  0.68604529270959413  0.69398827891631332  0.70172720527406851
  0.70934368415524662  0.71681989734506435  0.72426087077529011  0.73159575749718286
  0.73881067723278016  0.74595610432820780  0.75298522749072727  0.76002150963537496
  0.76697587387105359  0.77392692137031793  0.78078284369502327  0.78751703508921012
  0.79425211643516735  0.80100289368256894  0.80774814549260077  0.81444970131079530
  0.82108413125521096  0.82765193802447679  0.83411784206889039  0.84045606239914983
  0.84669995437948953  0.85282600219543270  0.85895473509886644  0.86510906191689951
  0.87122691893745285  0.87731400881491239  0.88331135787079340  0.88923112684898631
  0.89510912525561992  0.90094409704746248  0.90672549956698012  0.91243694900041850
  0.91810385288679874  0.92376567323942849  0.92945839284927390  0.93514214368964244
  0.94077828688200371  0.94635677545385188  0.95189226228977020  0.95738870480373561
  0.96284012733055779  0.96823368953861189  0.97360895454165808  0.97897476666901762
  0.98430818860035230  0.98959362226867253  0.99481632452666280  1.00000000000000000
 -0.00235299758584975  0.00922835974681307  0.01937225076597539  0.03000444588913071
  0.04079185233851735  0.05132340229734224  0.06179140546998241  0.07238984397216357
  0.08273707005679921  0.09344959573616539  0.10376878468351157  0.11445220630078835
  0.12491704013853355  0.13566540994767740  0.14630470077831292  0.15709885162067491
  0.16762986688678119  0.17839782565579437  0.18909701747407781  0.19997734296200295
  0.21053297753531960  0.22093356714735016  0.23148677393246037  0.24192144242964245
  0.25249340780893514  0.26293337500804587  0.27344424278787510  0.28415338538712492
  0.29447712250590058  0.30509795933923323  0.31538010636092434  0.32597096333733161
  0.33644658763734336  0.34715095885983221  0.35782815399171553  0.36858406027864826
  0.37928363113613095  0.39001021802547980  0.40064344123269380  0.41100181085821957
  0.42144061319170206  0.43183044753281952  0.44223036627221174  0.45252661066711775
  0.46316029917913154  0.47385820779497639  0.48434161091693839  0.49468763679607791
  0.50509117140978943  0.51580309522501611  0.52637039722399181  0.53712094801163357
  0.54767952648400509  0.55831981631966188  0.56866407719280887  0.57933699543284822
  0.58976346753793552  0.60012680583656508  0.61051874899948166  0.62098712726358640
  0.63175958566712631  0.64234277328098655  0.65301801981685548  0.66370364910033153
  0.67426052628733935  0.68472765573126115  0.69534006187485486  0.70593562936775933
  0.71652602537181187  0.72703356558796151  0.73769678912453807  0.74853725329372278
  0.75935001235505761  0.77000690763833024  0.78037466895295915  0.79081576200340631
  0.80120786190028881  0.81160012608874754  0.82192870796163808  0.83243468883955296
  0.84305140993212502  0.85352387211166048  0.86396845480427298  0.87444175471167307
  0.88498611052180964  0.89557041691991890  0.90583205177050086  0.91640883212997171
  0.92677293152060936  0.93755281478175656  0.94777744965176136  0.95837696529047289
  0.96879263449807396  0.97935407959115039  0.98961533928396628  1.00000000000000000
 -0.00244285243258781  0.00936783346012367  0.01948484810362078  0.02998454252030361
  0.04023264277531004  0.05065483000817401  0.06096418934236641  0.07158402707745014
  0.08202066835529315  0.09269006747633789  0.10322660687776453  0.11358655605736313
  0.12416532696851132  0.13476598470154189  0.14542315269014025  0.15605999630923331
  0.16646692930203077  0.17679335177797917  0.18721466272811754  0.19795452851863915
  0.20866876670279105  0.21916596085645965  0.22947369516693103  0.24008719441346185
  0.25065460258708944  0.26128065626481717  0.27181001235253599  0.28248594379665204
  0.29296443291191560  0.30341534509582868  0.31370662721114045  0.32417750571511489
  0.33478499139816081  0.34536168907926157  0.35584875311368724  0.36629808814450621
  0.37694015512638845  0.38767383595892030  0.39832273792069978  0.40854599060672014
  0.41901371800915166  0.42934294074143609  0.43984055714461429  0.45022231890447101
  0.46063552752054965  0.47134249825079272  0.48181982601078760  0.49241434184233707
  0.50295270636144151  0.51345867383083899  0.52386924788127276  0.53434512632206521
  0.54490001234466245  0.55553719054939665  0.56601884649775713  0.57644693166495709
  0.58695532499932845  0.59747725352631897  0.60814038432946993  0.61880911439992436
  0.62962857988138043  0.64023299293662406  0.65073569928544128  0.66113278796457420
  0.67165157746886239  0.68211682672800455  0.69265021555961848  0.70307188521146813
  0.71348753045747426  0.72392768368783833  0.73457190287940055  0.74521391741720000
  0.75584758745730474  0.76648432200974159  0.77717702802645849  0.78790895440603026
  0.79857589457328815  0.80925777555216982  0.81998450781812382  0.83066481112043589
  0.84114861335929969  0.85169107869046046  0.86221410563274448  0.87296763252083709
  0.88367456559372848  0.89449618546303633  0.90491197956680225  0.91530893637534316
  0.92577118358349231  0.93640080130339176  0.94709914003416706  0.95775666683259886
  0.96834992785420082  0.97892328798775607  0.98946334456662077  1.00000000000000000
   6.6618031186429452E-008  -1.0000000000000000     
 F F F F F F F F F F F F F F F F F F F F F F F F F F F F F F F F F F F F F F F F F F F F F F F F F F F F F F F F F F F F F F F F F F F F F F F F F F F F F F F F F F F F F F F F F F F F F F F F F F F F F F F F F F F F F F F F F F F F F F F F F F F F F F F F
  <DiscreteSampler_grid>
  grouped_processes
  1 # 1 for a reference and 2 for a running grid.
  10 # Attribute 'min_bin_probing_points' of the grid.
  1 # Attribute 'grid_mode' of the grid. 1=='default',2=='initialization'
  0.0000000000000000 # Attribute 'small_contrib_threshold' of the grid.
  0.5000000000000000 # Attribute 'damping_power' of the grid.
 # binID   n_entries weight   weight_sqr   abs_weight
    10   10   7.327972538706908E+004   2.676939527655908E+010   7.327972538706908E+004
  </DiscreteSampler_grid>
