  0.00239670724006032  0.01635028015934544  0.03021706356175534  0.04253581535438460
  0.05434355827985825  0.06594210001051631  0.07736534629341332  0.08862983197325093
  0.09976023412933090  0.11093619947091460  0.12211374982075589  0.13320674981950462
  0.14415254925432089  0.15509968922620826  0.16602369733643432  0.17689176455219216
  0.18768760558243391  0.19844227968015193  0.20912673358434775  0.21972667161728568
  0.23028458682223299  0.24090478124935757  0.25151443932895640  0.26213586175843895
  0.27278877533419260  0.28345216557321229  0.29414048616706590  0.30484822120651339
  0.31559449361351449  0.32630212684954996  0.33694390105144839  0.34760099045839776
  0.35817447225804522  0.36876112774487846  0.37935678204209061  0.39006047663324694
  0.40077884794585272  0.41144348176523626  0.42195587619952646  0.43240064867753525
  0.44284962250371462  0.45335579903620998  0.46386984786937069  0.47433541956818076
  0.48484088914937995  0.49543036816900232  0.50603889542577341  0.51661188384058354
  0.52711713061421261  0.53758957439487853  0.54802055232462787  0.55843944261710610
  0.56888666628807905  0.57934003556334845  0.58979882081488222  0.60033738461357466
  0.61087732844609288  0.62137992374840201  0.63181532577968280  0.64225031386335085
  0.65270986739288905  0.66322522480247481  0.67380519898874103  0.68438206327179552
  0.69485711870022204  0.70521762080661454  0.71553670407649428  0.72585088193976710
  0.73615158198536979  0.74639096055064669  0.75662530184783827  0.76683885522600093
  0.77702837593538099  0.78716020598731518  0.79732361751101444  0.80761071484461000
  0.81793844259548398  0.82829358834067657  0.83857332387486960  0.84882094698063160
  0.85899225388102951  0.86914888815901981  0.87934930075729434  0.88954872745442370
  0.89962896969663675  0.90961067446674593  0.91954126995403418  0.92940582016920248
  0.93925130622356201  0.94896197338914534  0.95857233543047582  0.96786666172495073
  0.97659857050021248  0.98475479341389494  0.99353759904423034  1.00000000000000000
  0.00223985875224422  0.01654390957032404  0.03019897886906136  0.04172151286862935
  0.05332566395776318  0.06463937339971770  0.07597494012632390  0.08710442990783071
  0.09821253319438530  0.10917687617422202  0.12021064457063842  0.13125193625587711
  0.14208817157636741  0.15260035460995361  0.16298143137969828  0.17349869309803442
  0.18420097968261887  0.19498639254811517  0.20576404548324373  0.21650658983289670
  0.22732063668673871  0.23812790199039052  0.24895687621555310  0.25974787256031046
  0.27047417953598546  0.28108667538263482  0.29162570793722387  0.30222401008212052
  0.31282418535975148  0.32349896906947062  0.33413398341155731  0.34477904859018110
  0.35528218357949498  0.36570315802867259  0.37613211406030123  0.38657926433411338
  0.39702437374871274  0.40745964443019217  0.41796710443062196  0.42849030484939882
  0.43897935609367594  0.44940708375099531  0.45982857697594204  0.47024423737816151
  0.48068639063632579  0.49114758051751811  0.50166914115125349  0.51225895459193771
  0.52289439463837628  0.53346488505905054  0.54393574788456511  0.55437456609401592
  0.56487331745912606  0.57539457198727240  0.58584285590845864  0.59613004470900621
  0.60629177718244276  0.61647919291048048  0.62674504414816512  0.63708206439515058
  0.64745009839015555  0.65782245905599801  0.66815734071680077  0.67842494473768411
  0.68867205878722115  0.69895126634910654  0.70928185354588780  0.71964355850115747
  0.73002786498426409  0.74039428259823836  0.75072932296305406  0.76110645764076201
  0.77154001427403318  0.78199730514604582  0.79238728284041815  0.80259578282580646
  0.81259795378126376  0.82248382158945532  0.83237198872513718  0.84231911251412384
  0.85234994980391088  0.86247713728836040  0.87259144865917793  0.88260323961745912
  0.89251953056926736  0.90245376610368289  0.91242989242930472  0.92238531998264461
  0.93225907106804040  0.94198236962079296  0.95144132441186080  0.96058797705785148
  0.96943006021000588  0.97796353493113874  0.98598828315227038  1.00000000000000000
  0.00848118420989767  0.01012539290030743  0.01123294339956130  0.01230833404002978
  0.01341740439484649  0.01455683753838297  0.01572849501272967  0.01693094668798609
  0.01812093661895339  0.01932179770489642  0.02053502647132397  0.02176256141960077
  0.02301195617117913  0.02429112450980607  0.02560384575174078  0.02658026031437669
  0.02753246796169535  0.02873877798313253  0.02996309031406755  0.03118097587675031
  0.03243099635131494  0.03371373103889395  0.03502027420378095  0.03635113645884521
  0.03771722335636672  0.03912910105512216  0.04058910832755332  0.04210027099201469
  0.04366025388984743  0.04526481302551601  0.04691298253681126  0.04861208926379587
  0.05036141203211313  0.05217103698368762  0.05404886322568780  0.05601751309283050
  0.05805714539743259  0.06012710401423702  0.06224834447808187  0.06444798592967117
  0.06675238328531900  0.06913598257083584  0.07159390072338605  0.07412815731629491
  0.07675939014010930  0.07950250178938920  0.08234923131805799  0.08529330546169123
  0.08832898132498496  0.09149112221430984  0.09476722812833749  0.09814940567278406
  0.10162792946376940  0.10524463920098893  0.10904421152548768  0.11303262089201595
  0.11721581100758088  0.12155805122453250  0.12606106297918526  0.13073546937135355
  0.13558597313448892  0.14066113958721599  0.14596943130795642  0.15154156385077738
  0.15737214739409366  0.16347231152984637  0.16985720053577422  0.17653480819356049
  0.18361812507450159  0.19114382612016323  0.19909037058737877  0.20742142994017129
  0.21615594468528407  0.22549848487129037  0.23547960848883862  0.24614594243596741
  0.25737985225219534  0.26922024654995169  0.28185959968502255  0.29558401870454459
  0.31055557647146032  0.32660255471860278  0.34386844603065458  0.36242185349257489
  0.38243965109267714  0.40430297114418112  0.42853676797272772  0.45565970264835182
  0.48613491726279473  0.52052116565488504  0.56032418503948467  0.60872169302529699
  0.67362421584151566  0.76979314863010295  0.87172978808717838  1.00000000000000000
 -0.00103167984057669  0.00394241591834960  0.00920803336326416  0.01448569572954498
  0.01980055634328020  0.02513660813849723  0.03046491989365219  0.03581132527677568
  0.04117013586561514  0.04657230432086446  0.05202701076710822  0.05753098868174118
  0.06309240034068433  0.06870224263171450  0.07433709062928827  0.07998362533424096
  0.08567851398445914  0.09145183989351469  0.09730879570455725  0.10324762215787064
  0.10922995807618477  0.11521103019705151  0.12121866341713838  0.12727411924459472
  0.13337680287502898  0.13956867233930711  0.14580377278724105  0.15206396506707059
  0.15836908001054170  0.16465623744258259  0.17105452161172921  0.17753233694951553
  0.18407553951535921  0.19064634127391888  0.19728378495238538  0.20397221816345926
  0.21074839867666023  0.21759316526155223  0.22446477957764749  0.23137247310151018
  0.23833825625158819  0.24542193234112988  0.25267268630353706  0.26006785281139255
  0.26755019236804850  0.27507350385158474  0.28264950812686029  0.29033818399088324
  0.29798314974975765  0.30571984781118139  0.31349766937881746  0.32133705581370087
  0.32932632867986067  0.33748053158522689  0.34580847790727248  0.35423930895644407
  0.36278499336141734  0.37142794639760285  0.38019896627092881  0.38906427040757768
  0.39793160499547237  0.40691083238128328  0.41608098819107625  0.42533727112804043
  0.43469822661934532  0.44418651719539270  0.45393415257007430  0.46397296172978508
  0.47424898754898281  0.48471838489485314  0.49540790334300955  0.50635960513618972
  0.51761205388466081  0.52912747623683520  0.54089573585688222  0.55294636594904412
  0.56524381128806123  0.57784918764119109  0.59072511617350043  0.60410661582461378
  0.61801614031765395  0.63227849548069615  0.64700503116501273  0.66244836518093853
  0.67874428540338283  0.69591712746605894  0.71389254326943075  0.73246150412588285
  0.75200727911913179  0.77342457212611437  0.79722064802531445  0.82333727885307129
  0.85248995916134163  0.88695494752605353  0.93281571602237423  1.00000000000000000
 -0.00225347290654510  0.00890528270234032  0.01909183422186367  0.02967970167116209
  0.04015860381635874  0.05069584278728214  0.06134144213446579  0.07200893797496159
  0.08248491324650842  0.09299917064281270  0.10358771673808453  0.11406449211398309
  0.12457852704721398  0.13498238348512007  0.14527618883823196  0.15571681262338813
  0.16597221967241649  0.17633079673090296  0.18646718218798983  0.19709148697797360
  0.20775928049282072  0.21816976573663360  0.22862424739195250  0.23931680660694060
  0.25002312946359623  0.26034523422188116  0.27067019323421521  0.28119541039344975
  0.29183669808450075  0.30238269834234677  0.31285253477183372  0.32352644077708848
  0.33432209088871440  0.34503943962316563  0.35568035647432772  0.36636088081398960
  0.37689951758351298  0.38735487889332487  0.39791282333079936  0.40868803230739659
  0.41917517475542299  0.42982775094506415  0.44038178785717969  0.45114984797474156
  0.46179955232320075  0.47251076360986910  0.48311087610141734  0.49366256112545298
  0.50418366569250539  0.51467443444507222  0.52514621371493531  0.53551319135313535
  0.54617956344670215  0.55657964247220770  0.56719365807427125  0.57770559292157098
  0.58841494002133332  0.59905032217538079  0.60948788498520934  0.62001687061207211
  0.63061565775641271  0.64136496110262509  0.65203095919516718  0.66258168033863074
  0.67320638491027995  0.68386174259228094  0.69435881134222810  0.70475000273766519
  0.71502062817071554  0.72533944620929225  0.73583909779157053  0.74609430629048568
  0.75637651779057347  0.76666338241249610  0.77711862261178977  0.78778033428886340
  0.79849844324080299  0.80934669349064070  0.81990407022527811  0.83032461145644532
  0.84078304244418789  0.85138023299873189  0.86203437644425751  0.87276686928474978
  0.88334934125019215  0.89390661634097257  0.90441159296123375  0.91517795181429129
  0.92602662928625223  0.93652927646377671  0.94699125508554316  0.95782289293302725
  0.96818787505912329  0.97889542634593796  0.98935723484121729  1.00000000000000000
 -0.01416034053425130  0.06332116364890678  0.10894028513590573  0.14400118556496955
  0.17342350285650282  0.19920787131293460  0.22245706472046184  0.24402010840604668
  0.26430748946151900  0.28345185175982740  0.30137489094314329  0.31832455432281420
  0.33444925904516531  0.35007056060761205  0.36510061540535133  0.37946656635993758
  0.39296987807443101  0.40621619504864398  0.41917049658513628  0.43172028693404491
  0.44393909448743324  0.45594295957251357  0.46769764242931400  0.47917509204343306
  0.49037963803099133  0.50140232763906789  0.51217989816136245  0.52276199659279587
  0.53311924075266548  0.54331301596123793  0.55334364343512554  0.56318910506309505
  0.57283859626198175  0.58223950901625010  0.59145684751760341  0.60057351865582742
  0.60959949743006825  0.61850155619502423  0.62722427417456361  0.63585350621199133
  0.64441749779595348  0.65282356488729931  0.66099742137892847  0.66906069493557274
  0.67710845590499469  0.68506159067650119  0.69291665926081569  0.70061136103720512
  0.70821742846130342  0.71576512544555471  0.72322575181458737  0.73062003992033642
  0.73788075567697109  0.74509349413558501  0.75222314682493541  0.75928979803205721
  0.76630115966545753  0.77330155989522098  0.78023708531624747  0.78712887271087451
  0.79393942900284731  0.80069182765718783  0.80739891456310853  0.81405354811100239
  0.82061146362793380  0.82706734755569433  0.83345070974265822  0.83976913879509929
  0.84606259146116025  0.85232642582016604  0.85850634749887544  0.86463641035309158
  0.87070862951163863  0.87671102995861905  0.88267932616366485  0.88863173188802913
  0.89457567833515639  0.90048258650885160  0.90634245885251052  0.91214595688713662
  0.91788562188676581  0.92362742365984896  0.92932922824163988  0.93499952766131122
  0.94065993048602514  0.94626694104016906  0.95180441018096162  0.95727448349825883
  0.96269169810077615  0.96807921253049656  0.97345744275815804  0.97884869006185338
  0.98415644746482289  0.98948556214887140  0.99474993074948592  1.00000000000000000
 -0.00233136445295505  0.00931439135913496  0.01933018394147527  0.03002844709576046
  0.04041516732720533  0.05113595451524208  0.06183221585435068  0.07262587107874997
  0.08322481826350236  0.09351121451073073  0.10389501895351375  0.11446886208193451
  0.12494299182164173  0.13549241667866144  0.14579423843021799  0.15626908298098302
  0.16658240988849751  0.17705138386769170  0.18743781027634407  0.19799896266419359
  0.20841357122738638  0.21899607609951380  0.22953322808877549  0.24042340769329928
  0.25115434905890682  0.26186021830800643  0.27252859144929953  0.28312506855426472
  0.29353942132208111  0.30402115642310856  0.31464795508252830  0.32542515565254171
  0.33608167186974641  0.34666326179243961  0.35739177768433567  0.36794779668083216
  0.37882725825811953  0.38944099805456234  0.39992846523112913  0.41028070943360090
  0.42067678358408261  0.43134915162423271  0.44201151352868667  0.45260733526270380
  0.46312923540124173  0.47351584752820891  0.48376419988861658  0.49432428773660647
  0.50506737098983157  0.51596487692805881  0.52660891370330576  0.53731715722467399
  0.54785758440403554  0.55852088956434864  0.56916289121262920  0.57984357115043816
  0.59038972425750358  0.60073407711909055  0.61120652283544252  0.62182974799204505
  0.63241814794022277  0.64297329237927081  0.65318860733958395  0.66349789912911294
  0.67396463624785063  0.68472740098078877  0.69543786981383560  0.70618160248312689
  0.71646281389508837  0.72678044249386875  0.73702805540915139  0.74753633357210525
  0.75792052220159756  0.76819250623189395  0.77883376221044198  0.78943522894707607
  0.80006448650263595  0.81039839751992004  0.82110623873662858  0.83165929621981638
  0.84242779308432825  0.85316525605749838  0.86384603163877183  0.87447867974207716
  0.88489849431391643  0.89531505264348388  0.90567010663215308  0.91629293034536041
  0.92662139193009940  0.93724230047559609  0.94770738253694176  0.95831305849289472
  0.96862884565650476  0.97888485917714407  0.98944105857940035  1.00000000000000000
 -0.00225509665532500  0.00911559573004372  0.01876478492531236  0.02954556544963592
  0.04005732783938133  0.05078461181064668  0.06122877330569255  0.07193619684321982
  0.08247927381413948  0.09321228661853263  0.10375294049646216  0.11434886179133023
  0.12481944552997735  0.13558699307607242  0.14625550274895358  0.15683602421837864
  0.16726527575936631  0.17762410070658502  0.18822105963268404  0.19867723883306396
  0.20917229314483612  0.21965885518160028  0.23006226423886822  0.24071389982920735
  0.25125789035636925  0.26207793036233007  0.27274565309486659  0.28338981477564018
  0.29374707469480105  0.30410824041902795  0.31461060837745924  0.32528119820196577
  0.33570198681068325  0.34598235228157664  0.35644694173453362  0.36713992420759317
  0.37797131651747284  0.38872439904787637  0.39936177545525114  0.41000031487429600
  0.42053547209438341  0.43110823205521942  0.44156939180971949  0.45202788969074803
  0.46239853957110510  0.47300662108870845  0.48354306432091176  0.49422244776367297
  0.50455918204222816  0.51507255761479021  0.52564381473502597  0.53611878931131673
  0.54659972803789481  0.55686251322959501  0.56712877655425764  0.57732407674186070
  0.58773115123331821  0.59815137646669692  0.60851637050199636  0.61897773157913594
  0.62970367708414432  0.64060068634495593  0.65117492102611407  0.66171996332295457
  0.67218563945217646  0.68279217196527908  0.69352341021604491  0.70439375077706456
  0.71503102333696422  0.72555523957828516  0.73606803161165335  0.74660223507963452
  0.75707936087113936  0.76765305961916031  0.77825589562873876  0.78901140558521166
  0.79931656263728523  0.80979585427589562  0.82019673227321854  0.83080843292759332
  0.84132690968226209  0.85195455442089885  0.86242988048155356  0.87290502433460970
  0.88314132143115720  0.89347231924986348  0.90390076087177629  0.91438356681618060
  0.92496350904715274  0.93554805735094881  0.94648293417037554  0.95723042729877117
  0.96794446624830988  0.97844242484471677  0.98930943206596922  1.00000000000000000
   6.6552683156537726E-008  -1.0000000000000000     
 F F F F F F F F F F F F F F F F F F F F F F F F F F F F F F F F F F F F F F F F F F F F F F F F F F F F F F F F F F F F F F F F F F F F F F F F F F F F F F F F F F F F F F F F F F F F F F F F F F F F F F F F F F F F F F F F F F F F F F F F F F F F F F F F
  <DiscreteSampler_grid>
  grouped_processes
  1 # 1 for a reference and 2 for a running grid.
  10 # Attribute 'min_bin_probing_points' of the grid.
  1 # Attribute 'grid_mode' of the grid. 1=='default',2=='initialization'
  0.0000000000000000 # Attribute 'small_contrib_threshold' of the grid.
  0.5000000000000000 # Attribute 'damping_power' of the grid.
 # binID   n_entries weight   weight_sqr   abs_weight
    10   10   1.067904456928233E+004   4.512874798217837E+008   1.067904456928233E+004
  </DiscreteSampler_grid>
