  0.00263451972648960  0.01595229856762474  0.03035331935169964  0.04380844083758221
  0.05654120572206117  0.06888003157175493  0.08093899938023169  0.09273710681675892
  0.10412828284934378  0.11506443386524712  0.12592070882446177  0.13668120111062262
  0.14769597640007490  0.15867076036268893  0.16942805454705312  0.17993584893905834
  0.19044046231801645  0.20102632814125312  0.21184785980908519  0.22292513570552952
  0.23405837434409429  0.24532119789295589  0.25640691247384717  0.26726309550711458
  0.27785353063942242  0.28840917691612389  0.29920579441668238  0.31030401443590033
  0.32159141569852090  0.33299731283649586  0.34439742073730273  0.35563748999594830
  0.36652320803250699  0.37725809295801715  0.38806618637685797  0.39885012241973256
  0.40941061760384012  0.41986775165144774  0.43032882889192159  0.44080275000063890
  0.45078591498611076  0.46086926348364310  0.47093868899088087  0.48108781773921522
  0.49139427885880821  0.50177858019810462  0.51229205208265227  0.52295816029176989
  0.53362475765502915  0.54409087585139737  0.55439138569182922  0.56495218202997988
  0.57583259618006799  0.58661208626234307  0.59721034021371999  0.60777463943542998
  0.61821558403511023  0.62859511164702997  0.63901782654600048  0.64958648030409827
  0.66005081043612379  0.67042890411054890  0.68047871472579047  0.69042360960016369
  0.70025117319466013  0.71002951754994081  0.71991270068867508  0.72984447739408842
  0.73984630574014087  0.74973871398480596  0.75964874527370363  0.76957975907322462
  0.77945489001745905  0.78919441722019912  0.79909196376953262  0.80894872770457960
  0.81867889072018052  0.82845155278659166  0.83851790564470274  0.84880555802591418
  0.85895391951661093  0.86892810946225152  0.87871892275430030  0.88831186923563277
  0.89786363844137385  0.90769889816857141  0.91780778701150112  0.92808773769810482
  0.93812846526096760  0.94794651997440993  0.95748004728608405  0.96695301901988917
  0.97611737695051515  0.98469031272137064  0.99256807158340477  1.00000000000000000
  0.00268072524550762  0.01596069444198223  0.02972435382732854  0.04247983677506248
  0.05422237902420579  0.06577793757562780  0.07674862079447457  0.08763447623767370
  0.09835921298213789  0.10922513850736747  0.12053429613990510  0.13197060631113230
  0.14328947547829582  0.15439875119350183  0.16494857093250889  0.17522304415249002
  0.18527265210164745  0.19558191329323379  0.20598055120434922  0.21682279155588130
  0.22789043595073896  0.23926139412960826  0.25039831691485132  0.26126607506361255
  0.27164289165497063  0.28223639911658038  0.29307329553553957  0.30390745115942613
  0.31470943976119886  0.32524845760885945  0.33585917055148501  0.34629074311908653
  0.35683880590473838  0.36741546570426614  0.37784659716994329  0.38787384703614286
  0.39792207415830011  0.40793904991645136  0.41806522178397115  0.42808117977160365
  0.43791278393651478  0.44790902560854323  0.45780115377782288  0.46824275308904179
  0.47855886650039808  0.48917081077912522  0.49961155175753741  0.50981092537735195
  0.51974657045968942  0.52978076137523300  0.53992033050169053  0.54992087145467561
  0.55973303431753119  0.56955793529388710  0.57951367411510690  0.58979877827458516
  0.60033010193802194  0.61092571712004440  0.62173670827690419  0.63245685263064100
  0.64323730061180384  0.65367850519972759  0.66409071892337779  0.67495856220097294
  0.68572627597207503  0.69639076459996818  0.70692134158339670  0.71728510897767028
  0.72750378916079239  0.73764936784813606  0.74769268625673424  0.75790586872236654
  0.76833488949145112  0.77884202336053032  0.78921115467784597  0.79944631264068977
  0.80972086770525942  0.82007994059605482  0.83038915143741088  0.84045320472383411
  0.85035685435529518  0.86055707806703552  0.87134966798972147  0.88262357279259940
  0.89369566282231416  0.90424728664566489  0.91440359101334823  0.92432789005782012
  0.93425736173932139  0.94401056228573021  0.95356663515046358  0.96267264427970600
  0.97095504178894976  0.97865652122885716  0.98599210142253535  1.00000000000000000
 -0.01854748319255643  0.04785585516301644  0.09710089044598802  0.12570549708719009
  0.13797757409003314  0.14807917409659316  0.15826077252540346  0.16846796265366445
  0.17888608054226876  0.18918332157159823  0.19898621004634159  0.20907027268259282
  0.21938548494202603  0.22953702804379389  0.23995672145396127  0.24986934742993355
  0.25971473259595312  0.26959966217155867  0.27915855796680605  0.28886177022384868
  0.29863753068245397  0.30848799419221640  0.31825429326083665  0.32787807270286101
  0.33788694286350329  0.34815641724779017  0.35791356487269371  0.36729638963108685
  0.37660216173633632  0.38594418886146942  0.39523320026010861  0.40474700414653636
  0.41440957386117078  0.42396968364339510  0.43332552110499811  0.44273278709524477
  0.45212043877241287  0.46150881137048172  0.47081036160704659  0.48028770320005393
  0.48983847824293081  0.49959107657914142  0.50946291040309111  0.51927432525452899
  0.52909941333039789  0.53856202706520173  0.54780400748073477  0.55691669589852144
  0.56619758202660531  0.57580615581993977  0.58517719451445693  0.59459807535676312
  0.60380749290097724  0.61293057271118034  0.62208669655121218  0.63135701478335260
  0.64071132288251531  0.65002783551719956  0.65911957432821378  0.66832928964769078
  0.67754985890404829  0.68655153244560019  0.69539959251425110  0.70435288417773312
  0.71349161517037973  0.72281271059683017  0.73219797592785563  0.74138310584307865
  0.75035616443248121  0.75941438661511729  0.76842822615142481  0.77764365490355558
  0.78702269415976056  0.79632942949229002  0.80582669717702815  0.81559115105769131
  0.82539401599015527  0.83499854381521410  0.84444586990053916  0.85370467322323018
  0.86304172436972282  0.87238299649669393  0.88173544070223775  0.89104885527308852
  0.90024745963936659  0.90929978460905625  0.91824414501943930  0.92705431577745256
  0.93593715089555818  0.94489606256223846  0.95399003895768952  0.96307979253099885
  0.97219078357554300  0.98140049194167511  0.99070217947699823  1.00000000000000000
 -0.00241641745305660  0.00916548172117728  0.01917273898471891  0.03010231294787415
  0.04102038674736218  0.05229155350093460  0.06293727367291271  0.07356049765519986
  0.08422875867796099  0.09511769338728325  0.10569725584731900  0.11604206771953646
  0.12649866909216417  0.13688807200370254  0.14723500327078834  0.15737030009999120
  0.16765289023115185  0.17799368482019895  0.18846500408539618  0.19883969489760572
  0.20921069018711291  0.21955623093728877  0.23015782325528750  0.24058788253367852
  0.25081361521689344  0.26058641977819169  0.27043266605646832  0.28057473808822803
  0.29063741119676889  0.30093943065579215  0.31126846769919569  0.32166090948075077
  0.33232974150933114  0.34288250516255164  0.35356128499244871  0.36354686151549614
  0.37362242570840493  0.38405929594886962  0.39464123897739667  0.40529103746476558
  0.41593604538683976  0.42662454425649965  0.43716058645793288  0.44751808097130952
  0.45791332593312489  0.46873127631677974  0.47983808246466852  0.49107323978757256
  0.50223742818382777  0.51320348633600854  0.52405045458915278  0.53477344205939792
  0.54564264075529800  0.55682706121285241  0.56790514637526390  0.57875269062565537
  0.58933807826245965  0.60001138819039701  0.61078012052574815  0.62161164942489844
  0.63227506428011682  0.64264718142246913  0.65251718122367730  0.66229362610226084
  0.67197610172923528  0.68182211827900041  0.69157718287996439  0.70171441102841581
  0.71189724061751514  0.72244928144728171  0.73322492910800630  0.74432037865122580
  0.75512993536852191  0.76568253848036361  0.77627824390634881  0.78709646847505843
  0.79752149261348237  0.80787139356794924  0.81821919800116083  0.82863251886184164
  0.83907183411449271  0.84933689699406778  0.85981818542612443  0.87043761205923198
  0.88104365634731019  0.89152773777775829  0.90192458643351991  0.91229889617262450
  0.92284373714294632  0.93339318116838443  0.94422871173497469  0.95510816574821800
  0.96608540308761304  0.97740005818798226  0.98866470965765640  1.00000000000000000
 -0.00173899519445945  0.00645345318551730  0.01369494362813462  0.02105498671580020
  0.02871414372421938  0.03637820514961257  0.04399785060381166  0.05184959931425411
  0.05984402900840646  0.06808432769506838  0.07624231614374501  0.08427978750144619
  0.09219627127383452  0.10021638186310899  0.10838891500906564  0.11640781364848110
  0.12435928326706475  0.13222706566353068  0.14027669127461456  0.14855271875377710
  0.15696645288488023  0.16540011547552036  0.17356668700520117  0.18169611034998168
  0.18959975622960284  0.19755662821481471  0.20548244062736384  0.21350739146436454
  0.22154420200377745  0.22980034066026134  0.23830225204108646  0.24677532933744400
  0.25518195058685494  0.26349305306861348  0.27194963253089011  0.28062904327693056
  0.28934466057153629  0.29819188313737127  0.30715708610133652  0.31621402307478019
  0.32516827769543111  0.33382109461974324  0.34228279271078232  0.35090049146108321
  0.35981941777579357  0.36881114183807967  0.37776109032371041  0.38668178862751867
  0.39569730722736435  0.40493751172725057  0.41428659959886893  0.42344141565252585
  0.43240171195449117  0.44122180104910491  0.45063131069197276  0.46000846694676190
  0.46930633570327701  0.47829097713419189  0.48743138919784135  0.49685101042184632
  0.50635253776388289  0.51588009787283251  0.52583528586600670  0.53603108583531944
  0.54626552072249535  0.55675645755314929  0.56683627591576580  0.57741745564420077
  0.58810592019890584  0.59959741719612691  0.61117730291134764  0.62278165369162719
  0.63430512318647936  0.64591819975577147  0.65777641095390682  0.67012087502363182
  0.68259010940923770  0.69532812290184165  0.70774737753065631  0.72015461239232348
  0.73241967491864046  0.74531062657813896  0.75860269010401893  0.77223435184308320
  0.78623158702422768  0.80071554479811846  0.81546395128308502  0.83039803203672324
  0.84700359377836110  0.86499727359997292  0.88411009484167158  0.90385287730230468
  0.92429493965271026  0.94697423703872818  0.97274764297015837  1.00000000000000000
 -0.00247640887281748  0.00999344479282657  0.01982825486529076  0.02979451166466194
  0.04001781257039341  0.05081110933656185  0.06178407115994276  0.07266359126862003
  0.08342920627676469  0.09407189573155519  0.10446898065890889  0.11488131822374910
  0.12528042049667290  0.13592606378210023  0.14649027647636423  0.15681392997768137
  0.16706126584102116  0.17746058334834833  0.18804136136105409  0.19874177933010057
  0.20970283888595354  0.22060730341643614  0.23139901798072487  0.24220462508239995
  0.25315962274876869  0.26418875775808420  0.27509317091158836  0.28596949299162672
  0.29684067550665338  0.30763001101808157  0.31821182713238383  0.32853086200760023
  0.33893533915931540  0.34939923376906290  0.35974152372473989  0.36989747085212465
  0.38002428376558073  0.39034563470760381  0.40076491425117561  0.41132208288754618
  0.42175232910216670  0.43195611554266644  0.44197050023683165  0.45206972512558519
  0.46249188110895478  0.47281067312567548  0.48340879396628522  0.49396367373099703
  0.50494647902282097  0.51573307863717599  0.52659934484819393  0.53750503638626823
  0.54824392332953265  0.55914671692868911  0.57035535510990376  0.58162844868186681
  0.59232680698795170  0.60251295771683688  0.61277154598039085  0.62316472785946386
  0.63363258542980672  0.64415721388083824  0.65508503491379122  0.66611968352351669
  0.67696324925233342  0.68802381410148061  0.69922429435397460  0.71009718211238404
  0.72049400387322027  0.73062616549958470  0.74073543636113814  0.75091220015274607
  0.76126859772507927  0.77148677935210952  0.78128805765126763  0.79085206474586578
  0.80058358656158235  0.81040236820026157  0.82063664270288772  0.83057255487501813
  0.84106752810360785  0.85171576200390908  0.86275434702172116  0.87359571943367120
  0.88400556166499622  0.89432269613157900  0.90453289170596940  0.91474199737200490
  0.92509065108030519  0.93555413725379433  0.94615479300855720  0.95705808556848970
  0.96807616445242928  0.97913790681640434  0.98955564910022853  1.00000000000000000
 -0.01870039372971947  0.12812477760013380  0.18498643821018668  0.22519276185936490
  0.25690122440253793  0.28278936054219506  0.30549805247561312  0.32614750596247666
  0.34571018398295855  0.36406179696907248  0.38013815847895732  0.39488052447374689
  0.40893532208958427  0.42237583439528209  0.43488884992546584  0.44732647574805739
  0.45943733145878241  0.47099808072830690  0.48213621437375354  0.49293543271285450
  0.50337542518876899  0.51371275531972527  0.52396663203307436  0.53409367340889735
  0.54376414231634229  0.55292462107416884  0.56171557947247797  0.56998294772380564
  0.57815982733553040  0.58617906419416299  0.59431398445894090  0.60197408412505982
  0.60969788148239079  0.61720397289086115  0.62489823654694765  0.63258748590685743
  0.64025751066726322  0.64768713177363446  0.65487471679517251  0.66195048606918772
  0.66888400590989894  0.67561951356573613  0.68229370051182159  0.68894771539718402
  0.69553071732400562  0.70221518014165862  0.70889251045414092  0.71527382294856456
  0.72151907492276945  0.72767761853144197  0.73398153913581177  0.74040037613067367
  0.74688474053137832  0.75318328248916033  0.75941125175173763  0.76541554338975737
  0.77142466325044190  0.77736813995056808  0.78329075263310033  0.78917104400560834
  0.79492562820755408  0.80058130681353745  0.80623407738804975  0.81198486280269511
  0.81786465876110381  0.82393955543193709  0.82974018412648520  0.83547003957184252
  0.84106739722681167  0.84664228880969972  0.85233834583120760  0.85815398576596891
  0.86396101273146164  0.86963634503658060  0.87524549538993679  0.88093857450707214
  0.88668361547856589  0.89250485722987516  0.89841071881818246  0.90421292201455827
  0.91015170802639167  0.91606968716154091  0.92194190935209763  0.92781730617001690
  0.93370741602901008  0.93957519590246119  0.94540447385092963  0.95111039584094226
  0.95677237236695789  0.96255102278640692  0.96845793550874992  0.97449486824118003
  0.98069841911786393  0.98707670010833193  0.99353159981590378  1.00000000000000000
 -0.00251637226338941  0.00955667272167541  0.02005185060603900  0.03073206395082342
  0.04151992150267517  0.05218038091476159  0.06302195734380331  0.07363824329172849
  0.08427596214283686  0.09463818137893348  0.10490316578710861  0.11509913374969306
  0.12542712879607765  0.13550753993076925  0.14559709397594869  0.15568034909928488
  0.16600509437352243  0.17652335322386925  0.18726481531774558  0.19825802578810359
  0.20892401738484254  0.21940587144695811  0.22999450404356728  0.24067495392654178
  0.25133449212980358  0.26184076741858953  0.27205661912341489  0.28223761991692348
  0.29253279503532753  0.30327421643446606  0.31378701855571900  0.32370217079812524
  0.33363889919296585  0.34397276091518253  0.35415037536911931  0.36448749571252737
  0.37459795893561981  0.38559488143337889  0.39617278887551038  0.40669275265089255
  0.41720829939603266  0.42765952155938514  0.43808935190849962  0.44860157814004092
  0.45897631661521981  0.46941263548494250  0.47991504376849492  0.49073383288693717
  0.50159561142911790  0.51247138645567636  0.52336255741545668  0.53375476381512954
  0.54379571992756015  0.55389307269200438  0.56418324118226726  0.57436806820750541
  0.58450714581904561  0.59503938833095082  0.60570068744358851  0.61688326772499247
  0.62808174684907836  0.63913691971137421  0.64985376403740192  0.66062728289082062
  0.67111468265962493  0.68139783166747114  0.69149152019788052  0.70155388639967864
  0.71178211959903925  0.72210568207195924  0.73282422591602348  0.74354175920596566
  0.75441823346654446  0.76522339125902417  0.77616106266539786  0.78717923966285341
  0.79808673537871377  0.80885973907820219  0.81946235132302325  0.82980622302346074
  0.84017937455060754  0.85053650463299124  0.86111314193704269  0.87189139056631382
  0.88321875627370039  0.89461143181246694  0.90527624169560339  0.91591392760760282
  0.92689392474287302  0.93811967151479358  0.94885092062507370  0.95938385212788269
  0.96996926696825392  0.98022185272199491  0.99026556828549062  1.00000000000000000
   1.0826470155187570E-008  -1.0000000000000000     
 F F F F F F F F F F F F F F F F F F F F F F F F F F F F F F F F F F F F F F F F F F F F F F F F F F F F F F F F F F F F F F F F F F F F F F F F F F F F F F F F F F F F F F F F F F F F F F F F F F F F F F F F F F F F F F F F F F F F F F F F F F F F F F F F
  <DiscreteSampler_grid>
  grouped_processes
  1 # 1 for a reference and 2 for a running grid.
  10 # Attribute 'min_bin_probing_points' of the grid.
  1 # Attribute 'grid_mode' of the grid. 1=='default',2=='initialization'
  0.0000000000000000 # Attribute 'small_contrib_threshold' of the grid.
  0.5000000000000000 # Attribute 'damping_power' of the grid.
 # binID   n_entries weight   weight_sqr   abs_weight
    10   10   2.236802426117358E+001   2.063237218898147E+003   2.236802426117358E+001
  </DiscreteSampler_grid>
