  0.00242051885114680  0.01684366977450758  0.03056125846598259  0.04353562190997468
  0.05588503169076013  0.06798232273522235  0.07984312980810584  0.09141949434986814
  0.10260418173883928  0.11352268808687140  0.12432495557364757  0.13511993169226316
  0.14604779801798121  0.15712305670340243  0.16826157360605945  0.17943231590013486
  0.19048075721113386  0.20127005440309159  0.21197496608687713  0.22267112612944612
  0.23350130799932703  0.24402995444509254  0.25434585653392017  0.26447533353584224
  0.27476760397503036  0.28535799216139807  0.29608333672837672  0.30695036735951897
  0.31795488530187388  0.32903930572100248  0.33994269952987854  0.35050584417494135
  0.36108078365512786  0.37187663081586109  0.38271847063806341  0.39336276040328799
  0.40376409736918573  0.41416038905356117  0.42459820790507663  0.43526861309220805
  0.44593447967303718  0.45644949954159325  0.46673029080437478  0.47695771113100865
  0.48747651084210791  0.49813308494826830  0.50868284810187336  0.51908500237359501
  0.52939977474942079  0.53996916490858959  0.55037860481694900  0.56076661838062836
  0.57094287689402368  0.58096762607020114  0.59086544876662883  0.60104355505417395
  0.61155892048315985  0.62219553669075012  0.63265633683853073  0.64306948051190393
  0.65346166733909172  0.66378923398377121  0.67402720941360550  0.68410051543147621
  0.69417737604325980  0.70417222089794018  0.71431441521765304  0.72452051875861001
  0.73489070477921337  0.74538494385688592  0.75583846407949684  0.76618063363626165
  0.77642969176672827  0.78679427681918179  0.79720155760223232  0.80760350344608656
  0.81795289839866470  0.82805188692577347  0.83795993440421446  0.84794708571524280
  0.85821329021479908  0.86867312194349888  0.87911770839895731  0.88945904050446933
  0.89972398050445457  0.90982960077416963  0.91984537343252160  0.92973868737665522
  0.93949287069806464  0.94910566057278589  0.95852145162327163  0.96737517296646347
  0.97575663769907772  0.98391642885837782  0.99188113010922141  1.00000000000000000
  0.00245650471589817  0.01670615491292762  0.03076036020267544  0.04350626968014915
  0.05499553688834664  0.06638073890344498  0.07780255511892156  0.08899809301375051
  0.09996272777127130  0.11093994618257534  0.12211264428575570  0.13328481769319542
  0.14433418776591811  0.15518834121330277  0.16609463177709866  0.17702123683814805
  0.18787863081267248  0.19851344896092249  0.20914012505450391  0.21991376042310753
  0.23074736342046898  0.24124506363305254  0.25153902151880342  0.26187887423434852
  0.27226548218916524  0.28259052290165115  0.29293662809662518  0.30361138684559413
  0.31453195317587024  0.32561126203715041  0.33644613818284907  0.34715725703053285
  0.35791973433968871  0.36871889232229865  0.37965688263188363  0.39053477303066519
  0.40141998390989669  0.41218164144922687  0.42304731984895644  0.43412367290432680
  0.44522547742219737  0.45634818893047935  0.46716426707175740  0.47752531860682607
  0.48779443807846201  0.49827704194472167  0.50901918937356716  0.51994852282757187
  0.53099841576025231  0.54207628747507397  0.55256196336418584  0.56306670350042953
  0.57377886255631994  0.58469213317848745  0.59551799609952316  0.60619580636911496
  0.61678785204849029  0.62745816350756922  0.63825471239594178  0.64916285966905263
  0.66000702902396646  0.67075927709426975  0.68146538336140505  0.69220079014003788
  0.70282925001969454  0.71344726439906592  0.72386913803441966  0.73418728936847177
  0.74447801669484370  0.75482175802698592  0.76500109440796216  0.77501816107170751
  0.78496886210996153  0.79475670175832658  0.80458303023995026  0.81465724073116264
  0.82540546645342905  0.83631630056223161  0.84672438905274605  0.85698828194186116
  0.86696381243016185  0.87695343383110236  0.88677485996025041  0.89670667234371670
  0.90671844939504653  0.91664908555692892  0.92662933606084497  0.93657944076147526
  0.94664171288637411  0.95653252503274577  0.96593077968023611  0.97479025233780148
  0.98322394876157204  0.99126088930658385  0.99226336432594153  1.00000000000000000
 -0.01486316297683590  0.04579294822468247  0.09204109749983250  0.12158952506552281
  0.13804980639880984  0.15068588522827278  0.16272039028276114  0.17474378922071851
  0.18674836987313800  0.19838277961529630  0.21020612093178731  0.22224340431187628
  0.23364093073300271  0.24513399770591571  0.25632054757019707  0.26727639540229287
  0.27813310664771967  0.28910289083528434  0.29995485276408668  0.31029875649620958
  0.32075799444712833  0.33176704504358773  0.34293590046080336  0.35392530409314965
  0.36463518757688013  0.37481334776347641  0.38460254649262221  0.39425803471792586
  0.40414452876194729  0.41424222176731579  0.42437868925209404  0.43425921591788563
  0.44384818078019023  0.45330151776305017  0.46289759028698518  0.47258386129525404
  0.48218802618986295  0.49159560352792703  0.50107777618747773  0.51061097938609756
  0.52022720810564038  0.52981836701000218  0.53939342188436057  0.54893893064702293
  0.55839179152142004  0.56766093868230127  0.57683508332843647  0.58597704612945778
  0.59506657200053592  0.60409915822269267  0.61315140351794029  0.62220126037243439
  0.63131264425517541  0.64048795267736658  0.64962282197785470  0.65858633967564661
  0.66743642372853962  0.67636743227148577  0.68540628433891315  0.69454347539673678
  0.70369049371008874  0.71266571253501465  0.72144306968644401  0.73011669502278964
  0.73887669143291890  0.74754559272706123  0.75625169913634516  0.76500160935457384
  0.77370200650296850  0.78228145304624752  0.79080461485562958  0.79928708443096597
  0.80778379054122895  0.81625653768675011  0.82469137855330532  0.83311939767653331
  0.84151939047456781  0.84978154730284816  0.85786071575882528  0.86594383329763513
  0.87415159533889897  0.88254523641653104  0.89092052282322465  0.89929391609893106
  0.90772898155352311  0.91616289974506282  0.92455031636710783  0.93289316565101821
  0.94127253188989413  0.94975131741295871  0.95826949817722129  0.96675640180621425
  0.97522591830696270  0.98358439612260329  0.99184194509176438  1.00000000000000000
 -0.00214199793576679  0.00916618409782276  0.01870881827038505  0.02899976519714371
  0.03930495475212011  0.04974779221899941  0.06007469673590314  0.07059363399054079
  0.08129281418616473  0.09222471679413603  0.10315848359889095  0.11381663191774688
  0.12459940044651889  0.13522609166869276  0.14588475759482886  0.15636050298713730
  0.16672623156048369  0.17760766202121581  0.18843457694287030  0.19926712724499107
  0.20981412325910076  0.22029568099183613  0.23076036306027431  0.24096630281694886
  0.25122951083596601  0.26140197396636305  0.27156580765206068  0.28178537548562693
  0.29211631148627099  0.30273875742727757  0.31365776770292603  0.32477807824945532
  0.33581924733880192  0.34642901070364335  0.35685818438634437  0.36745115519840826
  0.37828934267565578  0.38896760768265309  0.39918447545484093  0.40928447684372704
  0.41946516377109200  0.42981873861133751  0.44037873402194883  0.45106479214127038
  0.46173093428927231  0.47223256385937756  0.48288319613150221  0.49372551348349031
  0.50457645366253479  0.51520406778482508  0.52600052161366118  0.53692132391315006
  0.54820165497869189  0.55938316035399571  0.57032840596046475  0.58073603696938936
  0.59097661669574419  0.60103052901536214  0.61133694228094415  0.62162594988675135
  0.63224135490152011  0.64275247396804325  0.65299817201980470  0.66308794108812519
  0.67322269938309243  0.68378415740144594  0.69432901775017830  0.70495811251268914
  0.71556679385111388  0.72636398963720061  0.73713223263655314  0.74811193992408098
  0.75924330533209727  0.77005100037803476  0.78066414732753331  0.79116902283367863
  0.80109064527344231  0.81135648995381626  0.82153055567396316  0.83209751625049011
  0.84225676050253084  0.85217705974230185  0.86231167615597959  0.87289296642769731
  0.88359827995731732  0.89474282647313774  0.90546259233680204  0.91656059063277739
  0.92708409372210376  0.93782845953789629  0.94825968024599894  0.95895621931271480
  0.96914221009856560  0.97953964364135981  0.98971818579808735  1.00000000000000000
 -0.00171959111668960  0.00637540066847353  0.01388040348013061  0.02141203434386747
  0.02901719859917979  0.03672028924920808  0.04434955102623499  0.05197897999981156
  0.05949149332770940  0.06700254170568833  0.07468058251556602  0.08247423245591787
  0.09023960985633227  0.09793542523806276  0.10551177748480957  0.11307931270250567
  0.12069996415130424  0.12845801097991330  0.13631701865501533  0.14421778677269309
  0.15217647897855946  0.16000162574361701  0.16787017396525525  0.17575666531270451
  0.18380806590819102  0.19196074637378011  0.19996817936006447  0.20803218820937627
  0.21619998157428197  0.22456817837636470  0.23274698466468138  0.24082760087056326
  0.24882539306676135  0.25694770076659013  0.26535033703155264  0.27389743108546366
  0.28240558035218744  0.29081753784133607  0.29925449512576824  0.30762780622037422
  0.31601800680540687  0.32447354287428842  0.33317560189201129  0.34195182431643145
  0.35072069545784784  0.35928608694981456  0.36782057836995957  0.37644102154270631
  0.38496714248374470  0.39342912999021423  0.40194545540204546  0.41063192304364432
  0.41973037612774811  0.42911214384832924  0.43868160397168482  0.44825422234098822
  0.45765222573184500  0.46704829885358923  0.47646389486617441  0.48613609265607377
  0.49583148547746420  0.50557509922693200  0.51532189928630312  0.52532747914470423
  0.53569583306027679  0.54615627854429805  0.55660101167550091  0.56697850391495275
  0.57747587098922049  0.58813635389782937  0.59893247003912820  0.60997706240130278
  0.62120532209031365  0.63261833374637133  0.64412142169207220  0.65583917752051391
  0.66785890404445325  0.68021802534633247  0.69309158596678544  0.70620065883437366
  0.71933728695679622  0.73251068058435087  0.74603532649639859  0.75989949113012989
  0.77404124111765782  0.78854253734837709  0.80443250135914490  0.82130366047916725
  0.83847697979961477  0.85577709648253109  0.87421833727477760  0.89469174579425426
  0.91697942704498692  0.94064491876882339  0.96760203809132084  1.00000000000000000
 -0.00231661934819579  0.00934948879836868  0.01896180493466880  0.02931406383651684
  0.03942741762523891  0.04977476943318461  0.05955814467251305  0.06961667194046617
  0.07967219479070542  0.09008812275781271  0.10065265030799446  0.11136460142130654
  0.12202581519842580  0.13261385721286773  0.14311051046890200  0.15356980257944741
  0.16419263683190455  0.17493380017704688  0.18566688018637159  0.19631644515172852
  0.20691030442972633  0.21738054240858462  0.22799279065412056  0.23852426979479893
  0.24894747234297521  0.25908593441512007  0.26927763104535857  0.27965099983709707
  0.29010437207198631  0.30067906416113799  0.31113009425725346  0.32144340091787160
  0.33182287101120522  0.34240104553219269  0.35318780303588970  0.36411809481450741
  0.37505008219992925  0.38618874983112372  0.39715482545501790  0.40775350866256582
  0.41816923772498099  0.42874822525078177  0.43963234060624196  0.45043499509000784
  0.46111301808423338  0.47185338760042583  0.48244980406081428  0.49258932753414902
  0.50285250529161785  0.51306835368455106  0.52339920517097138  0.53377244798999568
  0.54438544918882315  0.55517598480266084  0.56600897088123281  0.57656984570981507
  0.58695310092204811  0.59723456433276767  0.60764632147153463  0.61809046122190092
  0.62856171708834474  0.63932723492603805  0.65008366199384526  0.66057492933431095
  0.67101817975906963  0.68172657530924441  0.69258482557771794  0.70323950293097148
  0.71382437427819079  0.72458635521308523  0.73523470472265695  0.74609446626064391
  0.75680549528931595  0.76750936670001779  0.77797592954583972  0.78870863753333131
  0.79955427428137904  0.81057134353381755  0.82131861753613078  0.83204605649271779
  0.84277509785872640  0.85358041738485779  0.86444998463240363  0.87529644096440284
  0.88593238439070454  0.89647673280644657  0.90688238474818572  0.91718156256048577
  0.92726168489440342  0.93760839908384386  0.94827040524467265  0.95914270493122056
  0.96980400817267309  0.97981828956549566  0.99001162971750378  1.00000000000000000
 -0.03007480402466805  0.15819731064596579  0.21945875963153952  0.25937099629247146
  0.28926915703716399  0.31460776050748007  0.33683512235643326  0.35714633063390594
  0.37573024231319885  0.39293608205413821  0.40887135558154625  0.42354972323666945
  0.43751427142262977  0.45072203978060144  0.46339869565448777  0.47532223245839722
  0.48670415453065269  0.49755108802696973  0.50798058736929108  0.51810348340828694
  0.52804828492128297  0.53774378187468275  0.54707663264915107  0.55606658992094971
  0.56468705480592707  0.57308071113826320  0.58136973561626282  0.58967382731395257
  0.59793729679901986  0.60598880785972753  0.61378565208552271  0.62134746010349551
  0.62874921080166590  0.63610278314035829  0.64351569897209349  0.65074626570439031
  0.65774452543534867  0.66453007208863846  0.67118962145882066  0.67767236336202430
  0.68407239179826163  0.69035322995117365  0.69660781526904125  0.70294458265958992
  0.70926719074870437  0.71557255207701265  0.72179159703257545  0.72796109187222491
  0.73402582325052357  0.74002427738688792  0.74596998507073231  0.75201224396019850
  0.75801650525260533  0.76391869707584636  0.76966962653148518  0.77528528869139823
  0.78087798485310222  0.78652473069071693  0.79222779668564292  0.79793750099620031
  0.80358287914684934  0.80915411592040343  0.81468040775050821  0.82014205999102829
  0.82561643088657166  0.83114975692019799  0.83666735071088694  0.84233627704134895
  0.84799820680272109  0.85366941503140648  0.85924870121215835  0.86471809968251212
  0.87016947555713398  0.87567624005085798  0.88126623951376515  0.88688694858550143
  0.89254441536603879  0.89802955866924139  0.90345602956392612  0.90896467504828127
  0.91449950541258540  0.91996803857836595  0.92532640194716642  0.93064531203783829
  0.93602879716267362  0.94149073423738705  0.94707879190670796  0.95275537102468932
  0.95846823073895127  0.96434161298079790  0.97023454500611184  0.97607668151066529
  0.98193542442741732  0.98789488434213835  0.99391052995750018  1.00000000000000000
 -0.00232368567254065  0.00980092408582412  0.02004772321717654  0.03117937266978931
  0.04220987928312074  0.05270661206668847  0.06326539022768922  0.07423118571311030
  0.08542980831175012  0.09617566194320422  0.10692647167374018  0.11738090637083573
  0.12794216925814439  0.13843358123396096  0.14921647027469653  0.15982865970998908
  0.17035134777821362  0.18099101923058736  0.19152294145022877  0.20203441928105861
  0.21244708782826149  0.22288130637940190  0.23328002251800425  0.24344938099159702
  0.25383260451093004  0.26433646394273430  0.27489392424747588  0.28540231463993637
  0.29598201589296852  0.30675437920443821  0.31755960520248588  0.32848044234572016
  0.33942001252560794  0.35036381182775544  0.36124707821628427  0.37207086730548161
  0.38271781123870907  0.39320568613293461  0.40349890360310242  0.41382773472770473
  0.42430160874635442  0.43479968457759810  0.44512038431060558  0.45546521964065206
  0.46596239061672284  0.47654285690107728  0.48685167942904667  0.49697079149217716
  0.50715019600996358  0.51757231671600679  0.52810426276292088  0.53847908493099395
  0.54856883128088396  0.55862239308836226  0.56874809053729203  0.57889166338433828
  0.58910630461042457  0.59943151916391180  0.61006870525870993  0.62087913897830549
  0.63144993728839049  0.64189445058651262  0.65224898852157775  0.66274392901576595
  0.67347651700600653  0.68414753085607594  0.69464435398269309  0.70495616546376061
  0.71542663647757598  0.72571611284934856  0.73574353259041847  0.74565324261680477
  0.75592431782799185  0.76619150119956814  0.77644897594094209  0.78706454310459828
  0.79782167634148937  0.80872073600931516  0.81936030126998627  0.82995134879192944
  0.84086046022521643  0.85160327367847388  0.86216151051840950  0.87236471668420612
  0.88263875240268974  0.89324816800486495  0.90409944840439671  0.91489810896787627
  0.92548615088442565  0.93566616386937596  0.94622551581588576  0.95675237228838339
  0.96777317519845985  0.97836783815267425  0.98931802040539707  1.00000000000000000
   5.3531950445372630E-009  -1.0000000000000000     
 F F F F F F F F F F F F F F F F F F F F F F F F F F F F F F F F F F F F F F F F F F F F F F F F F F F F F F F F F F F F F F F F F F F F F F F F F F F F F F F F F F F F F F F F F F F F F F F F F F F F F F F F F F F F F F F F F F F F F F F F F F F F F F F F
  <DiscreteSampler_grid>
  grouped_processes
  1 # 1 for a reference and 2 for a running grid.
  10 # Attribute 'min_bin_probing_points' of the grid.
  1 # Attribute 'grid_mode' of the grid. 1=='default',2=='initialization'
  0.0000000000000000 # Attribute 'small_contrib_threshold' of the grid.
  0.5000000000000000 # Attribute 'damping_power' of the grid.
 # binID   n_entries weight   weight_sqr   abs_weight
    10   10   2.574814743836573E+002   3.786632444306168E+005   2.574814743836573E+002
  </DiscreteSampler_grid>
