  0.00277490133272109  0.01530814234209161  0.02923792371638950  0.04228778402278735
  0.05444060431106857  0.06601773001183282  0.07718819855416924  0.08863014458955785
  0.10003197164211546  0.11131464504507285  0.12231994451662498  0.13304082107144327
  0.14356576381381908  0.15381309627636033  0.16405602776043030  0.17423521565408928
  0.18451626058892526  0.19481785854095438  0.20541439077004706  0.21625926155936481
  0.22749877771167101  0.23853426799966765  0.24942986728783029  0.26028848068782034
  0.27089049286594558  0.28113134791594413  0.29108002337945060  0.30140846245957276
  0.31207440416689214  0.32310530863223624  0.33393976977177964  0.34482487186432220
  0.35554574827646646  0.36646516740544982  0.37741288065634687  0.38862999099781237
  0.39992974228937189  0.41092491998789621  0.42164610586656537  0.43215736359832918
  0.44244189085908697  0.45265627569308003  0.46327851072122872  0.47424362813501636
  0.48529015338426623  0.49616107595516989  0.50745075834842646  0.51861662054579138
  0.52973225365786258  0.54070499190360555  0.55128281351464026  0.56181286731830138
  0.57227372026885759  0.58257047561295749  0.59280760241991215  0.60316113727928644
  0.61407707868285899  0.62516526724511567  0.63611987025731198  0.64691402750868288
  0.65772148110678119  0.66826294466077751  0.67893339787038043  0.68943292477216045
  0.69958282941070615  0.70975289952900411  0.71952773079358834  0.72925755892037747
  0.73896171093315877  0.74906719731830096  0.75928816781613095  0.76928078591585747
  0.77910259164885420  0.78883439753197304  0.79853231771396438  0.80847490447694070
  0.81848255395647729  0.82883079536642190  0.83907031620989192  0.84955119174180371
  0.86001549073234407  0.87047674456061452  0.88089169140799684  0.89117623137830027
  0.90110086232439279  0.91084828274088625  0.92052728418304763  0.93035084091738629
  0.93995805184824321  0.94909418117485067  0.95787219878976604  0.96633564698434993
  0.97466284479274834  0.98281717019590686  0.99143230129972104  1.00000000000000000
  0.00301817478102499  0.01461877453797707  0.02722985515847843  0.03937030713505282
  0.05137861886409012  0.06368716998977056  0.07599538771579864  0.08795068152513892
  0.09937774424850515  0.11060836868797459  0.12166517878139041  0.13282378313827548
  0.14382979270498358  0.15451142488943367  0.16491232289042243  0.17551558866673936
  0.18624510872178973  0.19703765888949051  0.20788499305896779  0.21895988756560295
  0.23001774420250909  0.24088528686741889  0.25170145958400403  0.26276013006099735
  0.27379291810098993  0.28434932681013692  0.29465797989014136  0.30516006491908004
  0.31575878760491571  0.32649058660280095  0.33737604003151395  0.34811918405703973
  0.35855621077516986  0.36881265953588088  0.37906796539138909  0.38930281237372483
  0.39926551527695781  0.40886838649209256  0.41863160249319792  0.42846034287424006
  0.43834073304084192  0.44814870620782193  0.45817555689630363  0.46885280646281918
  0.47984974083599030  0.49084559977420306  0.50148877668865188  0.51188672037369576
  0.52214013468437703  0.53247189426837860  0.54289844432177037  0.55340721253536984
  0.56417319439840963  0.57520109482781734  0.58620830795471057  0.59674881163268489
  0.60720061473155007  0.61776951720639739  0.62835407240351504  0.63865824951932471
  0.64859901553996280  0.65833826533726703  0.66823651849774501  0.67835740190337923
  0.68861912711219153  0.69879620331892778  0.70892685730460092  0.71923621640073909
  0.72965202015587161  0.74003083700930850  0.75015384170821897  0.75985293221806838
  0.76955635243787246  0.77946394696188714  0.78939616118356726  0.79907899300870988
  0.80870370654601331  0.81849399237305587  0.82836384378349504  0.83804433069029283
  0.84759778185222079  0.85729335594924883  0.86704572471905628  0.87685062716105400
  0.88703373890256421  0.89732435552234346  0.90772061106800306  0.91797248353674044
  0.92805066932772518  0.93799439525438844  0.94752019118202091  0.95689309452797788
  0.96641705981585313  0.97563023465839871  0.98430418459703939  1.00000000000000000
 -0.01683721727270771  0.04835389832764796  0.09599109344756793  0.12473430900077154
  0.13775593537854683  0.14799944646212312  0.15802523908590238  0.16816326866122489
  0.17791951678327084  0.18796864426298887  0.19778495977626528  0.20766121067766505
  0.21760026821397840  0.22755758318437078  0.23768312999810554  0.24767377960940523
  0.25762367244716261  0.26754886270856182  0.27733004711793713  0.28734868773026617
  0.29748488398226836  0.30727087978793005  0.31679711633004032  0.32627999956051129
  0.33569232974341523  0.34528045381204076  0.35539663820872414  0.36558130144900564
  0.37548983893402244  0.38534207870184622  0.39530171727459501  0.40505821909810286
  0.41472302446350140  0.42426081165703888  0.43416681810099239  0.44383454498941244
  0.45338229761517229  0.46252146529794347  0.47167163699394493  0.48099436334233414
  0.49044444175453017  0.50013927848607753  0.50990447276362683  0.51961805402455741
  0.52913123170913012  0.53848857209847312  0.54773371386225767  0.55701217946107207
  0.56613201191154805  0.57539135730340507  0.58475378198810424  0.59442397988522733
  0.60383094991805908  0.61327156309849240  0.62270815850455974  0.63225303207921046
  0.64193148852326798  0.65162686317579666  0.66098495363553289  0.67014702465748943
  0.67934368722078398  0.68838952880035431  0.69723316005848723  0.70602753895510728
  0.71476874598278917  0.72355645164527826  0.73262954449171391  0.74177250002098527
  0.75072294844752507  0.75991488701946719  0.76912409988624286  0.77814097961619333
  0.78702992691114659  0.79597029651218110  0.80494832762801716  0.81387977382373689
  0.82295383592292337  0.83233462723705209  0.84214832729175337  0.85200671359159896
  0.86157820577611544  0.87085374753151823  0.87998221972136303  0.88916743196365755
  0.89846112251157484  0.90771380755395858  0.91690514348309593  0.92606667871752568
  0.93530976821726863  0.94437649812539859  0.95362088256888755  0.96293221049696420
  0.97224521517803320  0.98157477158926631  0.99082176436727332  1.00000000000000000
 -0.00256897266601895  0.00955635153234430  0.01984279369674358  0.03073506257933547
  0.04166197074763005  0.05244982809086741  0.06350145236978268  0.07441462370223118
  0.08539774277704056  0.09615464955175636  0.10655693553887724  0.11703939538400601
  0.12732487898012157  0.13738005220116498  0.14731608346415997  0.15726556335564007
  0.16761982863939304  0.17813028680321902  0.18862593982352391  0.19936128063430597
  0.21013783559421520  0.22126420802064503  0.23238959511071799  0.24330650634389031
  0.25391667931242978  0.26421732308518453  0.27446955842063814  0.28464725923568363
  0.29518027813371273  0.30567812531217570  0.31609047701114296  0.32674554942503797
  0.33750576769571583  0.34855472487818373  0.35968271073662278  0.37121359208550286
  0.38249269234357786  0.39317769077456305  0.40367362586926098  0.41400403106345596
  0.42434391736847143  0.43438052846497910  0.44441832132513293  0.45425009717101567
  0.46405938094495924  0.47388869676541534  0.48412129725310427  0.49474518812973173
  0.50558027494239999  0.51610775928867347  0.52647742718748991  0.53678782196134722
  0.54718867452744180  0.55725630426625861  0.56726657694223892  0.57696929876911185
  0.58680990858054316  0.59657712358523185  0.60656656701096467  0.61653476380250283
  0.62672400880139834  0.63738168214171442  0.64843521321852982  0.65925347071076823
  0.67008473460980467  0.68116811711655356  0.69208471730282717  0.70284794419267249
  0.71340926214041611  0.72407420507285236  0.73441250710624495  0.74472372623424421
  0.75550987213829512  0.76678014880826151  0.77796877694771105  0.78893896420207532
  0.79968748310687576  0.81048187040573616  0.82104139485745387  0.83214100432988258
  0.84290766610589218  0.85426164704538465  0.86478348183863862  0.87497681781426428
  0.88496660832063867  0.89505514888941173  0.90554478504564617  0.91612780834157304
  0.92692173701555891  0.93780963486349578  0.94823085886346292  0.95868107219769128
  0.96919448464396996  0.97966290535352674  0.98985492792843288  1.00000000000000000
 -0.00162323159845538  0.00618587888594062  0.01308978613398557  0.02016253769819182
  0.02761498516819386  0.03529786583128531  0.04289658534246611  0.05039135954744522
  0.05790950391066679  0.06558893788409653  0.07342773176100215  0.08118871875273122
  0.08889124679032878  0.09658054587659624  0.10434241529666829  0.11218170150032895
  0.11995079435591524  0.12779714311781556  0.13577625468448498  0.14364524977691351
  0.15157360246981116  0.15955867171077465  0.16777561978722438  0.17643607043107207
  0.18523586784478679  0.19375887126029631  0.20206904482666443  0.21056020621691474
  0.21914373593582848  0.22767755171130452  0.23603524087985134  0.24433028318673802
  0.25280373557542735  0.26138285955525814  0.26988917446911970  0.27834154158718100
  0.28683553837641568  0.29563771100846298  0.30466732137220587  0.31373063311757343
  0.32263348604809333  0.33136870133514096  0.34013571573489715  0.34894016037712278
  0.35782949236637590  0.36672087989548524  0.37572480118096452  0.38495512540171001
  0.39428665663313489  0.40369991698789642  0.41314798621197141  0.42260038710968334
  0.43231230909048191  0.44211370857320342  0.45206922728515009  0.46211003012166735
  0.47208972690923334  0.48203626910738495  0.49163211671047008  0.50172467586984304
  0.51180597759044144  0.52242753915136175  0.53264720440361724  0.54273050390508748
  0.55311360285391298  0.56385244114027466  0.57496718147469994  0.58589324420829481
  0.59640644203864290  0.60731640785299101  0.61816358670987170  0.62926180227087369
  0.64009387868023393  0.65119139581777064  0.66246807099561045  0.67411647700538335
  0.68582204893096244  0.69754939576609609  0.70903222625283868  0.72075671647893291
  0.73279402999288801  0.74560037579277605  0.75878524797931546  0.77267401406908787
  0.78722421666073850  0.80175603297740838  0.81644205632508737  0.83204962493774404
  0.84830587126958878  0.86492935028791429  0.88239118648755277  0.90131979423696940
  0.92212305257718952  0.94561848545549665  0.97174839598141383  1.00000000000000000
 -0.00210742687225820  0.00912495086388268  0.01902188817759001  0.02931280446721659
  0.03996272825697538  0.05066186871218059  0.06140793599907188  0.07211871824628603
  0.08251454353974848  0.09268717398735245  0.10271784386227970  0.11316753918172492
  0.12401220703367342  0.13497484133023455  0.14546818726069594  0.15579885716567479
  0.16621132334659935  0.17646518387977111  0.18660172781452380  0.19645675910629953
  0.20651168095856620  0.21695861564384275  0.22746210529089764  0.23877348827328496
  0.24972748793739946  0.26139081814679005  0.27267792146902792  0.28388819970438772
  0.29490983945861315  0.30555016563688259  0.31604018565341702  0.32647399616939360
  0.33685453048156899  0.34717367170363350  0.35739783847905593  0.36770865917137369
  0.37774744332855820  0.38782793961511935  0.39797488607778891  0.40859345358149568
  0.41975766469760978  0.43063977256795827  0.44130871818435463  0.45208797648020765
  0.46268746553422863  0.47317393946671510  0.48352949833045145  0.49409005991753058
  0.50469645693911691  0.51508701158930903  0.52615510017462042  0.53742363366739809
  0.54849659690789299  0.55929816503195517  0.57022741714722280  0.58131534281582853
  0.59170642383214578  0.60171403030041415  0.61169498003148870  0.62181019032892171
  0.63201361159252323  0.64213096165908556  0.65211456797855305  0.66211582975463579
  0.67213796065951370  0.68218946706747818  0.69210990665053707  0.70195656261197603
  0.71218123405271982  0.72281051093434823  0.73343621188060659  0.74387216370295117
  0.75433275530387722  0.76519220767263207  0.77599236562822793  0.78676705857643103
  0.79717497884190358  0.80768803832505121  0.81815273053952997  0.82853387394148104
  0.83870437395604680  0.84912213634838696  0.85987200549866072  0.87073914211157233
  0.88142391236141171  0.89188729121491228  0.90253791596466826  0.91323461657668248
  0.92399647315661482  0.93507918380926103  0.94589616748118077  0.95720796339236447
  0.96780787147529534  0.97886008955723736  0.98932583572473798  1.00000000000000000
 -0.01936523861119317  0.12914385450105792  0.18460731967272323  0.22335298365564210
  0.25491084452915697  0.28129412807164866  0.30449278651607875  0.32556731712241260
  0.34517609602326693  0.36298660751714429  0.37923409768126337  0.39465582295754709
  0.40901808292892949  0.42238593667565644  0.43497225077277002  0.44695570894007147
  0.45862593437795329  0.47032395105889901  0.48141843440597265  0.49227412792555614
  0.50278936009941011  0.51297102693377328  0.52283461341760784  0.53234335555558754
  0.54164520807503969  0.55066748593301362  0.55955701138779712  0.56844027338600300
  0.57722330463055715  0.58606797725560855  0.59440542911481609  0.60280304178361110
  0.61064430130781711  0.61855254045958030  0.62642635981039851  0.63416483046741245
  0.64174000331510961  0.64891065051586216  0.65579653598292509  0.66264837106629482
  0.66954996193665450  0.67657250189769769  0.68357175928658986  0.69032637353048487
  0.69683396009571819  0.70325533309155175  0.70965065536036853  0.71599100440673313
  0.72235241637319914  0.72879568014321683  0.73523392813110156  0.74147792336320417
  0.74765981712133489  0.75347962888787867  0.75929455271523938  0.76507934540015210
  0.77086946352269459  0.77670988257297613  0.78258258962383676  0.78843489735342842
  0.79422473697704665  0.79996493443154182  0.80565363311261484  0.81127378477957113
  0.81698701391640016  0.82279915933633507  0.82862427053418664  0.83446391525266816
  0.84016501937412102  0.84579397726939198  0.85146295581966658  0.85716719773241590
  0.86279745244468675  0.86833659510958638  0.87385202104824011  0.87942684611853572
  0.88513977231913032  0.89102027067029743  0.89696808100230874  0.90274216121291417
  0.90845491452363147  0.91419195763289196  0.92005130657947887  0.92600147793562093
  0.93194985933830443  0.93790166854646995  0.94392827116604106  0.94993698747109689
  0.95589287644702059  0.96197450095661474  0.96818143477418783  0.97459593027546365
  0.98108590219995562  0.98750774177924849  0.99382375687135605  1.00000000000000000
 -0.00239118896150509  0.00967546931395650  0.01964619778956116  0.03019606037398632
  0.04075145151740336  0.05134667580150098  0.06151296600019664  0.07197728411138017
  0.08302341485277963  0.09423059312761500  0.10503938556936186  0.11551020499133696
  0.12599403257823322  0.13681129670965897  0.14703550925152387  0.15674577958142732
  0.16618053098208233  0.17621731965410967  0.18648907309119633  0.19695055878926726
  0.20725073559396839  0.21797715219191391  0.22879339460093648  0.23951219676820823
  0.25012610826699266  0.26073256907626868  0.27118560240029038  0.28165233069960705
  0.29234454034552604  0.30318909973618785  0.31418872138761350  0.32507705027642703
  0.33579417473233170  0.34622072287629752  0.35652201080946566  0.36648643367024092
  0.37676382265223646  0.38692130427017823  0.39728653223708021  0.40789141141255270
  0.41867966326854605  0.43010252492697859  0.44119559676185960  0.45234086868615625
  0.46302070876056367  0.47343164090623985  0.48384997672930502  0.49408179900866273
  0.50467957777988570  0.51555664567656478  0.52646582243151130  0.53714722453239427
  0.54744239569151554  0.55763711332232402  0.56798054329166014  0.57838302584324042
  0.58912563032587295  0.60003869900650308  0.61070384907300246  0.62141847869877775
  0.63172254356934832  0.64219319346218628  0.65283597135198923  0.66398578276996156
  0.67450801613635869  0.68510492142387469  0.69559919319878638  0.70584981567759630
  0.71549646682243018  0.72501456571769662  0.73525632613177538  0.74587674712258523
  0.75625289189824696  0.76641178913549823  0.77656563595041361  0.78708257743572996
  0.79721402151522547  0.80752060293426542  0.81810061815099933  0.82900954931042048
  0.83977355056992398  0.85040790900230012  0.86128508108288460  0.87222452131748229
  0.88243710095121863  0.89274833557018674  0.90317140176957478  0.91374556346096081
  0.92437732019897434  0.93490045585109827  0.94590242066991215  0.95716529112087079
  0.96825436076722704  0.97903370594169181  0.98942026092603463  1.00000000000000000
   1.0663921987829022E-008  -1.0000000000000000     
 F F F F F F F F F F F F F F F F F F F F F F F F F F F F F F F F F F F F F F F F F F F F F F F F F F F F F F F F F F F F F F F F F F F F F F F F F F F F F F F F F F F F F F F F F F F F F F F F F F F F F F F F F F F F F F F F F F F F F F F F F F F F F F F F
  <DiscreteSampler_grid>
  grouped_processes
  1 # 1 for a reference and 2 for a running grid.
  10 # Attribute 'min_bin_probing_points' of the grid.
  1 # Attribute 'grid_mode' of the grid. 1=='default',2=='initialization'
  0.0000000000000000 # Attribute 'small_contrib_threshold' of the grid.
  0.5000000000000000 # Attribute 'damping_power' of the grid.
 # binID   n_entries weight   weight_sqr   abs_weight
    10   10   1.915767836695894E+002   1.839570315565265E+005   1.915767836695894E+002
  </DiscreteSampler_grid>
