  0.00240471084626038  0.01611213403273765  0.03040177227160701  0.04271715808688931
  0.05454550615487927  0.06592136697050617  0.07710742271305916  0.08828782388658998
  0.09945371140593662  0.11055208163781415  0.12152880478382126  0.13217962605770062
  0.14248104468753994  0.15283694063237255  0.16319063168806369  0.17355246513065170
  0.18407131772742025  0.19474755533688565  0.20551378187736297  0.21613982572662521
  0.22660039242341035  0.23716640793604996  0.24769604913010873  0.25835341524945377
  0.26895664453846613  0.27957639079945323  0.29022050533858040  0.30090992154072177
  0.31165240267058714  0.32230322814352724  0.33290643401296127  0.34352664568719093
  0.35418000531796295  0.36488815904601629  0.37554524137087042  0.38622499294862128
  0.39696425708009819  0.40785295463143190  0.41874592829151569  0.42956277552065331
  0.44020183591949319  0.45064909340161180  0.46101534426564739  0.47128977219611284
  0.48161223083588034  0.49202146722632650  0.50251478218387258  0.51303022068582083
  0.52351359016789101  0.53403207173945866  0.54463245072690369  0.55520361458394829
  0.56571673255263455  0.57614750701289896  0.58662495361405620  0.59712417879133783
  0.60766805498415943  0.61817088643480200  0.62853128190914054  0.63875575436621967
  0.64880706024799761  0.65881941634258800  0.66888370353404214  0.67906849304597727
  0.68930380732466257  0.69953759256616577  0.70983192757145708  0.72021105004591346
  0.73064629796355096  0.74105255692180849  0.75139560618853840  0.76166850463929447
  0.77189758414090404  0.78211257114357080  0.79232761242199645  0.80252738262947820
  0.81269762565285331  0.82283460446363033  0.83289739150768161  0.84290579775189522
  0.85293600202943709  0.86298292811844557  0.87302550921160904  0.88294187684938052
  0.89276390091294255  0.90262997043244686  0.91256271514060006  0.92251682216358211
  0.93242881662998556  0.94224873196453496  0.95192667003064635  0.96133220680116227
  0.97039090988698973  0.97877417152460844  0.98708726755566334  1.00000000000000000
  0.00232045417995874  0.01639450427719555  0.03014954271836612  0.04243944096268251
  0.05396487844172040  0.06537871432538121  0.07666924037859633  0.08777541856268072
  0.09868501008886250  0.10954585574269010  0.12061229406881296  0.13165975126267129
  0.14272050391234703  0.15379610003292438  0.16475632277685182  0.17569132075906710
  0.18644478191338026  0.19731739827247391  0.20818599029852941  0.21888465743943344
  0.22934517659341525  0.23991509078336121  0.25052181381123584  0.26111263008697339
  0.27164649099200405  0.28242226665476799  0.29325768691893117  0.30399990400425675
  0.31474097219922709  0.32519901047465011  0.33558674657860665  0.34606435977899253
  0.35653859999643883  0.36679731945706656  0.37699198157110547  0.38737658285177207
  0.39768142486442987  0.40804261584000268  0.41847036006972699  0.42908035241011278
  0.43977396234488070  0.45042052877294086  0.46101751251112261  0.47159750443197074
  0.48215188584450730  0.49280474186733358  0.50356194859941639  0.51431579110906145
  0.52499952987323362  0.53547678281823996  0.54600247460423457  0.55657302296389710
  0.56723861903330786  0.57787718626683204  0.58846395576225818  0.59906770582066360
  0.60959000293030163  0.62014286804575569  0.63075578792443088  0.64142610366262232
  0.65203615088217115  0.66247092928400364  0.67286071727745911  0.68331677983700845
  0.69374295977993738  0.70420670120189577  0.71449098295395863  0.72466008960655814
  0.73483589224763179  0.74513413030175291  0.75564398374873210  0.76617050943977305
  0.77666097745848872  0.78709998116075475  0.79746474668710865  0.80773311064514353
  0.81802103035982177  0.82830439459795446  0.83865993070393674  0.84896553447618162
  0.85926460645703595  0.86942113591759651  0.87950001080861884  0.88953292226614622
  0.89961071963013295  0.90960629311903385  0.91955576279407181  0.92935693235569117
  0.93900185381627466  0.94849995789179953  0.95780326919555481  0.96692192630481044
  0.97563059664436347  0.98383017630579828  0.99187583560833648  1.00000000000000000
  0.00429082652182268  0.00658148733015702  0.00831826897513010  0.00984120994707299
  0.01128570300381002  0.01269461808548153  0.01383382662665822  0.01493018078953896
  0.01604385014708770  0.01723147813046247  0.01849153656210933  0.01978289330369126
  0.02109480668348088  0.02247657276307644  0.02397856140315748  0.02520508291430937
  0.02617750523980832  0.02716435618554465  0.02831878952439462  0.02957232059321361
  0.03083023356193063  0.03209604608929952  0.03339881574965950  0.03473592009952874
  0.03608727981385909  0.03747350889026230  0.03889595307980748  0.04036111110877453
  0.04185904515800543  0.04339908793425700  0.04499990780606546  0.04666933683252096
  0.04840319385264312  0.05019185822823758  0.05205011422141613  0.05396179129687245
  0.05593242973003586  0.05796850746409030  0.06006831028717580  0.06224378120140960
  0.06448158053623089  0.06678197681191046  0.06915604306402706  0.07163232973289890
  0.07422328270333922  0.07691282655866262  0.07968085802801239  0.08253756700274399
  0.08550054996783873  0.08858617369186256  0.09181923445836193  0.09520631064289291
  0.09873228518856479  0.10236397245464650  0.10611724797739175  0.11003939934012034
  0.11416623917462745  0.11850094633844345  0.12303680503728522  0.12776661200828399
  0.13268398799237013  0.13780073245545355  0.14315945613575726  0.14875994192074674
  0.15461183606628409  0.16073292936653957  0.16718347184350521  0.17401588570159313
  0.18119323411958310  0.18875554220883636  0.19669936821429898  0.20514288894487087
  0.21414912062162733  0.22360326408061140  0.23356030952448223  0.24414438794224189
  0.25550344529871633  0.26753184491895138  0.28031535389915790  0.29410775318922322
  0.30897904737937204  0.32490029030483059  0.34201219280982142  0.36052027020939204
  0.38053230291644213  0.40244603368458154  0.42696276018994572  0.45417594705401260
  0.48438200386615354  0.51897745315316801  0.55981662378374697  0.60961646412950754
  0.67570069815124545  0.77800101306412495  0.85972906805333094  1.00000000000000000
 -0.00105495532366091  0.00406372479501500  0.00923096498622857  0.01441612453722471
  0.01969849075616530  0.02504217395298403  0.03042502866348356  0.03583755213121415
  0.04126055781740608  0.04669500767773345  0.05210932872606640  0.05754290555986555
  0.06304454935755772  0.06865187714258283  0.07433617937093064  0.08005841407067754
  0.08583035629913559  0.09166432857003426  0.09755893610501397  0.10348486751174028
  0.10939984427644849  0.11531294325613446  0.12129874622038900  0.12741037458571586
  0.13364018164753416  0.13990732902164790  0.14610897066538100  0.15225220672146900
  0.15840059790525049  0.16464902310141222  0.17104253261353158  0.17750255818718114
  0.18400924690296380  0.19048479171094057  0.19695162220326620  0.20347445966848635
  0.21005239034634976  0.21668112476459253  0.22343299343281484  0.23038379032403983
  0.23748277221129824  0.24461483880339632  0.25179543387704423  0.25909982173814439
  0.26649497416821138  0.27394940820416830  0.28148420169541738  0.28912250446691362
  0.29686092115382545  0.30469150519225691  0.31254804172972234  0.32046768435271228
  0.32841009687393763  0.33647072985975635  0.34462143573010529  0.35303696520003525
  0.36155472799598160  0.37005366768378350  0.37856844363577274  0.38727123037214223
  0.39619364523259443  0.40536047244859497  0.41467630698757357  0.42416814410149289
  0.43389913132887981  0.44381062284765355  0.45386067448911627  0.46402660880151969
  0.47437205073648064  0.48495456297984862  0.49576582555402865  0.50678063355048564
  0.51787997716758116  0.52908698030896428  0.54048825331003336  0.55223265067608829
  0.56449928018855744  0.57732547766861908  0.59057817441730565  0.60417016371649757
  0.61838358091874623  0.63296265289056453  0.64785860800715456  0.66274429364327103
  0.67859911352425528  0.69529275808193103  0.71297293045433119  0.73189165965417924
  0.75222334035332017  0.77394309834436692  0.79723718900097329  0.82273946479180826
  0.85205842133502063  0.88714206619444425  0.93302166553042387  1.00000000000000000
 -0.00231374908723001  0.00926805118385178  0.01929235971060147  0.02983331787288135
  0.04044550565882944  0.05071309389824459  0.06092509857720838  0.07144826472502125
  0.08185022574552576  0.09239751923725695  0.10259904484793873  0.11346522418399879
  0.12423319711985595  0.13474937863589187  0.14502863533388544  0.15538145862259642
  0.16585116758468005  0.17649598629191965  0.18688293453965560  0.19749990572663231
  0.20788032149458738  0.21827819106713983  0.22871341447914653  0.23941116268696772
  0.25023792679159401  0.26077058703989475  0.27126733077219400  0.28177150661670453
  0.29225323447517221  0.30292630762622924  0.31360383318326707  0.32441983789754336
  0.33525540651466362  0.34594500641682924  0.35672184627471759  0.36742252156735505
  0.37813924921855008  0.38849614363366292  0.39881951763214218  0.40932254177844102
  0.41992961131499967  0.43055029597496114  0.44096545887022542  0.45156639364949658
  0.46210232453207428  0.47265357443391992  0.48304980099905365  0.49353801163239619
  0.50412386229906769  0.51474086579154976  0.52534653927409602  0.53603407666972536
  0.54657131407662440  0.55712047586357005  0.56755870668163688  0.57799853547334412
  0.58838733210365179  0.59872453205559273  0.60896697839095637  0.61947953878686191
  0.62999101020612902  0.64089776628322304  0.65188540555586727  0.66271384495788777
  0.67327277452267986  0.68372278996559177  0.69450453933200651  0.70535524796182725
  0.71597683511941812  0.72657806485362830  0.73720485474357855  0.74798110958360164
  0.75874828987928888  0.76937250963508685  0.77984577358624052  0.79018244569961449
  0.80047572234352538  0.81083578837666814  0.82127616571236928  0.83175517720041481
  0.84237071160511279  0.85298053883078540  0.86383639012127589  0.87450081547875680
  0.88522432206756707  0.89568815323705619  0.90611502736097393  0.91658467226492346
  0.92707282577837691  0.93746742782775960  0.94783675653631416  0.95790847533281265
  0.96856224039668926  0.97936493520122592  0.98963388661185214  1.00000000000000000
 -0.01409188409555515  0.06334600306539440  0.10863019602160960  0.14425287319584162
  0.17425033760732095  0.20024190542765286  0.22367051374265545  0.24519938059368040
  0.26515204292068911  0.28391222163300522  0.30184942270113174  0.31913173963199853
  0.33566431468653540  0.35147039794659296  0.36674094526945061  0.38137212843784313
  0.39542658889215332  0.40890348448893588  0.42190023534205695  0.43446926868674096
  0.44669206295039116  0.45877213737770778  0.47060758861026697  0.48215556663566844
  0.49339707142027145  0.50445577499844529  0.51528363105774644  0.52581718991951787
  0.53597302643601719  0.54589848618936754  0.55570677968311055  0.56537041264050025
  0.57491088301709270  0.58429107312962214  0.59354073925417350  0.60269554326724273
  0.61166062052358150  0.62038476367061024  0.62890381827359165  0.63720856269772930
  0.64551281156507478  0.65389389467038617  0.66214577310379796  0.67014085495209874
  0.67799282957285123  0.68583281256096673  0.69361753826008810  0.70119560833438599
  0.70860587849659162  0.71584270968802821  0.72305719407474822  0.73036398821831516
  0.73777325099819147  0.74510399597451704  0.75230885837389738  0.75938849128821229
  0.76641888360368593  0.77346064046390006  0.78048883953153647  0.78742860602530773
  0.79430136241069993  0.80105983478830745  0.80773365054533053  0.81431263901702755
  0.82075750004183690  0.82720952365120703  0.83365228876596642  0.84001449987580679
  0.84630699325123815  0.85254011787705231  0.85867447617763115  0.86474138737875472
  0.87075775777640474  0.87672720956373573  0.88265761439882273  0.88853617993139888
  0.89437031597927552  0.90021594425340057  0.90609814958946189  0.91199094035428485
  0.91785604884020822  0.92364689720138016  0.92936123172528784  0.93500579679841911
  0.94059072661167464  0.94614770751251764  0.95170563795095175  0.95724220832805096
  0.96274276957240945  0.96821664544713515  0.97364041131856172  0.97898850794407566
  0.98427957441986569  0.98954064351409365  0.99476474032435769  1.00000000000000000
 -0.00242278736118549  0.00937482597623124  0.01958153310478315  0.03054287891940683
  0.04106193624155371  0.05136962645293130  0.06193285409507737  0.07249605955194972
  0.08335006285773390  0.09399115133590678  0.10476363640662731  0.11545169241626192
  0.12598458799488219  0.13644800817444430  0.14696524727312085  0.15759920835051011
  0.16831009759372939  0.17891630100152528  0.18953453816700847  0.20026679247706511
  0.21094955327187095  0.22153943040659535  0.23197140642312256  0.24239770273586631
  0.25280418203696348  0.26323072407762432  0.27365053138249068  0.28392436498275181
  0.29442515210033804  0.30503124657796343  0.31599918570248658  0.32678739213457725
  0.33741223775673290  0.34807811300087238  0.35870557596208941  0.36968696454974415
  0.38027031002374412  0.39077377500552296  0.40115941357253859  0.41153785095016504
  0.42186815306923348  0.43216786859248313  0.44242191053262669  0.45297312070171042
  0.46338980508835137  0.47363777915099387  0.48397346685553411  0.49429025397783610
  0.50478182637649549  0.51495353736711968  0.52539213640760651  0.53608159141153522
  0.54684277050913921  0.55745811659743694  0.56805680474131026  0.57866565959521532
  0.58929590098402862  0.59989140263283358  0.61044188287337575  0.62106924861666035
  0.63174184657985721  0.64259463262693828  0.65337441685402098  0.66404530703161246
  0.67453576517346603  0.68486546186060882  0.69544120883633387  0.70597372640481870
  0.71659207681999015  0.72705274173900036  0.73764687702471521  0.74823970279347507
  0.75884450430301076  0.76934274255313417  0.77966975796701810  0.79006334107500775
  0.80053788889172972  0.81114441313453101  0.82145337188904866  0.83194832760619875
  0.84245084643059220  0.85313873760518422  0.86354202168438354  0.87407313421725630
  0.88479842451155333  0.89552536543610717  0.90608112462226353  0.91661270924410032
  0.92736853122999252  0.93810568602271927  0.94854817364416655  0.95896363214922598
  0.96921231876961178  0.97948029850484253  0.98968657445299280  1.00000000000000000
 -0.00224296405261470  0.00885403062421362  0.01909365617067840  0.02969957831290812
  0.04034469361476092  0.05092605673793978  0.06148008345224371  0.07186021014318794
  0.08224911246790452  0.09310720643244856  0.10398792845847989  0.11459959107265691
  0.12517813492314500  0.13584041916571143  0.14659795415357488  0.15714355344620132
  0.16776486485184267  0.17844821064875027  0.18913615789325267  0.19973462053216889
  0.21023188440746218  0.22070217950575441  0.23129008630085168  0.24184722426162278
  0.25247395234632575  0.26305681503717454  0.27375945016828501  0.28441582849799329
  0.29503763597976607  0.30562845501705993  0.31617796393938130  0.32670973482076093
  0.33733034564653513  0.34787843052653361  0.35839341838466682  0.36874614297932312
  0.37941014663217459  0.39010806403820142  0.40083441772413830  0.41117571490172866
  0.42163483192809792  0.43210282142154299  0.44258210473023035  0.45308431637407753
  0.46366558944467479  0.47451872449853333  0.48547985179614889  0.49627220832183971
  0.50673003683885620  0.51694638181808206  0.52720346704313692  0.53736952372640057
  0.54773270665871521  0.55765751760800575  0.56813409792299219  0.57865836823364614
  0.58934021592564900  0.60016763687959074  0.61096798459261537  0.62160389381665326
  0.63223892564076445  0.64278202606608048  0.65351393373630684  0.66421165860602116
  0.67508265017829283  0.68597566581021907  0.69649979143152985  0.70701947931377951
  0.71744869320100213  0.72786051087119541  0.73825178436364147  0.74823060860280866
  0.75907613683379727  0.76954835802609933  0.78024991131924737  0.79061406384254262
  0.80098000848057116  0.81128986303482775  0.82169984609638069  0.83229817765401903
  0.84274556022052116  0.85339256382672213  0.86391722837907092  0.87445871599516223
  0.88510300982172874  0.89552902451122041  0.90618170626085814  0.91667148614155503
  0.92749534764018726  0.93803486269768332  0.94816702491685245  0.95847186301178966
  0.96884447866737289  0.97960693139030253  0.98979843048208693  1.00000000000000000
   6.6535019346854760E-008  -1.0000000000000000     
 F F F F F F F F F F F F F F F F F F F F F F F F F F F F F F F F F F F F F F F F F F F F F F F F F F F F F F F F F F F F F F F F F F F F F F F F F F F F F F F F F F F F F F F F F F F F F F F F F F F F F F F F F F F F F F F F F F F F F F F F F F F F F F F F
  <DiscreteSampler_grid>
  grouped_processes
  1 # 1 for a reference and 2 for a running grid.
  10 # Attribute 'min_bin_probing_points' of the grid.
  1 # Attribute 'grid_mode' of the grid. 1=='default',2=='initialization'
  0.0000000000000000 # Attribute 'small_contrib_threshold' of the grid.
  0.5000000000000000 # Attribute 'damping_power' of the grid.
 # binID   n_entries weight   weight_sqr   abs_weight
    10   10   7.575216189415444E+004   2.455554899498574E+010   7.575216189415444E+004
  </DiscreteSampler_grid>
