  0.00246235153697226  0.01613346501226082  0.02951317404124440  0.04153831023734861
  0.05298077251862125  0.06432284057676962  0.07572016665925231  0.08703858958747600
  0.09816586139245394  0.10909012963680732  0.11990304900063646  0.13064663039935134
  0.14136322866640594  0.15195607896103269  0.16252025857661073  0.17310689267340124
  0.18375605102278586  0.19440166502620845  0.20501924446845893  0.21566498616568097
  0.22634512412942986  0.23698177325340894  0.24747114987816823  0.25785815251932598
  0.26827161485383316  0.27874884636080316  0.28926391312493571  0.29979277152938899
  0.31039768991676892  0.32107321356488944  0.33179614038353600  0.34248427745715360
  0.35312537417224277  0.36369989402208908  0.37429758736560542  0.38492011942785925
  0.39557964493186171  0.40623645543947023  0.41682686108786776  0.42729502270381337
  0.43773737811572949  0.44820847838339756  0.45880496205414240  0.46947753331576753
  0.48019013389871451  0.49082259754325508  0.50136983226600251  0.51182509902452289
  0.52231582976158586  0.53277066912656090  0.54317024042436135  0.55359032620118376
  0.56413103303413259  0.57473385172379066  0.58526157376955634  0.59573130323295720
  0.60623556288580005  0.61674142204421634  0.62720198047092290  0.63769317520801982
  0.64824258167592852  0.65868882731025702  0.66898926511277068  0.67926379047052254
  0.68956612838619424  0.69988557624764158  0.71017748818056325  0.72047364673559988
  0.73072338214698940  0.74084603450961972  0.75093520986532236  0.76108670468950612
  0.77116910735939070  0.78116354143743560  0.79115253413100883  0.80123929000744465
  0.81138853654232990  0.82147257037090171  0.83146878598502671  0.84148100042610896
  0.85154660297127915  0.86160231494012807  0.87164807052583904  0.88166594960993017
  0.89175088598803665  0.90184068867327605  0.91186978272003416  0.92177661073396089
  0.93161032959967538  0.94130716354734578  0.95082541806195520  0.96007334625579832
  0.96905503040783636  0.97764747899221449  0.98573519835953027  1.00000000000000000
  0.00237072001904760  0.01646407847014728  0.02985097453499113  0.04148732173908194
  0.05272783935858703  0.06373559394246558  0.07466293467866522  0.08564059239745733
  0.09675154021928514  0.10784615678852057  0.11878919552747264  0.12966455571302593
  0.14052478462572365  0.15138244363876577  0.16216345062617843  0.17287305027470690
  0.18360621596075713  0.19448381115952576  0.20547622949615515  0.21642763303469104
  0.22728381336479925  0.23802582446961612  0.24873261000927588  0.25946229292798179
  0.27027581554495345  0.28104351073970807  0.29176453792577667  0.30235243029790704
  0.31288664601083571  0.32335036681814538  0.33377574917178732  0.34430468393242836
  0.35503085083129926  0.36586840717185926  0.37662532994587161  0.38720186293680781
  0.39772473076081172  0.40821588380450230  0.41871869956655589  0.42929429149765425
  0.43992396612138562  0.45060108423083900  0.46127359066179713  0.47192233526928412
  0.48244712160827991  0.49282239999407207  0.50311269630122701  0.51346320047121019
  0.52393130914162900  0.53451160475770321  0.54505523415933510  0.55555374865366602
  0.56596904649889834  0.57627546139091013  0.58652612566917872  0.59683041647729584
  0.60725236331471122  0.61767412092127727  0.62800115992773753  0.63828861327542263
  0.64859768129226014  0.65895464830954742  0.66937621609341980  0.67985794229997953
  0.69034887814672430  0.70077652089156273  0.71118917468158604  0.72167425155035891
  0.73227803380665613  0.74287716859188124  0.75341157747089416  0.76380149855210400
  0.77416356322281643  0.78452252831536029  0.79488397991598436  0.80522438814826669
  0.81547721821198837  0.82569028962885338  0.83589056606322576  0.84614155050852768
  0.85645725574963816  0.86686321585096393  0.87728221248227989  0.88767025753272477
  0.89798396811297321  0.90818181395910147  0.91823337951160933  0.92816106823117395
  0.93804720872426228  0.94783630520594409  0.95735666950752729  0.96662682823983004
  0.97543066617584651  0.98373881417917308  0.99189437564619676  1.00000000000000000
  0.00634194441439196  0.00816934079910041  0.00943889282048600  0.01057660157779365
  0.01169784646508603  0.01285976799720813  0.01402486194637809  0.01521600545978250
  0.01641415344839586  0.01762163716299258  0.01884377272655305  0.02007828153532445
  0.02132808570252009  0.02260871818494953  0.02397321945938740  0.02532029241855165
  0.02632720627404499  0.02728257354002285  0.02844338835010309  0.02966846634701966
  0.03090656090081881  0.03216680874211368  0.03345215776642396  0.03476765481858956
  0.03612074340826543  0.03751371969572203  0.03893754988788008  0.04039861807274057
  0.04189928501038866  0.04343673358198274  0.04502309504063930  0.04667237247440007
  0.04838830115980117  0.05016765572227218  0.05199552654456079  0.05386472273320216
  0.05577149553235222  0.05773424785255576  0.05977576658666810  0.06190497777820902
  0.06410911978705279  0.06634905393356680  0.06865201505273079  0.07105216053947222
  0.07358391678998705  0.07624215563546463  0.07899727166248519  0.08184717384510770
  0.08479430790421956  0.08783613674591924  0.09101016268715226  0.09431401107498034
  0.09778447555240141  0.10139050069274305  0.10514278474055329  0.10905738462881764
  0.11307845680191830  0.11727168420183849  0.12164617526000022  0.12628050666378243
  0.13115325071376671  0.13619574764834810  0.14140320971115780  0.14680895925855547
  0.15247359737282892  0.15846453592768772  0.16477618147457451  0.17144484875689603
  0.17849214264492791  0.18598621487318009  0.19393214720206797  0.20231653363264396
  0.21114248672133690  0.22040836927701307  0.23027174929631838  0.24073935551277453
  0.25190377539360864  0.26376628590457629  0.27637528916601173  0.28975625649680081
  0.30420145153553108  0.31983149124462296  0.33668937655549336  0.35484001049847602
  0.37451091147909332  0.39620705604460466  0.42008228791247415  0.44634443564516824
  0.47563498765557488  0.50891635140698976  0.54753297011991342  0.59371682843649520
  0.65198837616508709  0.73561874221927481  0.86010181056791479  1.00000000000000000
 -0.00106193392958767  0.00407647552348873  0.00939774482329790  0.01469440234886796
  0.02003300807226756  0.02542624286298414  0.03087109617056315  0.03634893280857469
  0.04182826376093517  0.04730501764806336  0.05279806910731868  0.05833881075760131
  0.06394943946272424  0.06959143760187084  0.07523952139428441  0.08093555602073874
  0.08671603017410093  0.09254231184167239  0.09839724242935119  0.10427660886316854
  0.11020223545944154  0.11616934783235211  0.12215960655488335  0.12817927319857816
  0.13424117500308244  0.14037462468786199  0.14659617891164323  0.15290801930057654
  0.15928057828251918  0.16566627417992025  0.17205187529802776  0.17846289492575282
  0.18496917972632079  0.19157799001571041  0.19822109703748050  0.20486694856068208
  0.21159732586814836  0.21839517826362881  0.22529639777150623  0.23224368222560121
  0.23924149962912059  0.24635655107992507  0.25352847667813483  0.26069449313429899
  0.26789702796006332  0.27513532107099309  0.28245206344275686  0.28986177875345531
  0.29748900236981113  0.30525574967183428  0.31313932417165824  0.32107411526983204
  0.32907770114443463  0.33715664305966919  0.34535322756446141  0.35363129685613748
  0.36195635117900632  0.37041512313482106  0.37905510536100501  0.38793544398031621
  0.39690270576217790  0.40592840152787724  0.41510236991532407  0.42450100112843481
  0.43402566627807765  0.44360589826198599  0.45327862924611556  0.46320400922908722
  0.47343218833197259  0.48389368581766712  0.49456256458843390  0.50544905495916270
  0.51662639472576732  0.52813582268275328  0.53988449652869730  0.55185776336727077
  0.56422020081658075  0.57701320752057472  0.59004402139538625  0.60340743653450457
  0.61726608297922336  0.63182063270313304  0.64695107120957829  0.66248809274281961
  0.67891396779825419  0.69615305740821642  0.71393095515291327  0.73255181425432181
  0.75253611363618145  0.77421931913643360  0.79758801612481156  0.82339627249599456
  0.85285513454052908  0.88776588386651767  0.93404553705876936  1.00000000000000000
 -0.00237328485429638  0.00929737987004999  0.01912161398839980  0.02962269819794573
  0.04002078335082719  0.05065398887913240  0.06162403422628652  0.07231475095134357
  0.08294149403284941  0.09339078034163258  0.10393566761407796  0.11457997641637176
  0.12524337536546426  0.13583464069969808  0.14678737223233296  0.15686919121372533
  0.16727435861942658  0.17762882613146896  0.18821411357357579  0.19857112601393737
  0.20893767122318899  0.21950363749082272  0.23006377825388336  0.24061862611322166
  0.25111569301452430  0.26177943256211433  0.27218576192357602  0.28253118633105595
  0.29266801751735810  0.30311664926916893  0.31356106831929903  0.32415735070218304
  0.33462355989446219  0.34530704566809090  0.35585499529484826  0.36623321957936633
  0.37659562905145211  0.38725237308957494  0.39809165793058982  0.40881993870135352
  0.41950313613475998  0.43017081093165738  0.44084245978403758  0.45166735597351387
  0.46233548213890241  0.47292072463005846  0.48341352914640767  0.49402019456246299
  0.50460951163060341  0.51505380763896480  0.52545174566509956  0.53593087939007522
  0.54638663980151791  0.55691041142820397  0.56738004919781038  0.57788661511732109
  0.58842203183624409  0.59885150214918759  0.60939723740277674  0.62001175637277095
  0.63063702933648791  0.64127585673528853  0.65196998242746729  0.66273122781840110
  0.67347395576124502  0.68400576807447067  0.69455373616183236  0.70507328801763269
  0.71561595545221779  0.72610522941299527  0.73662175921774464  0.74725189230307076
  0.75788548480141515  0.76860215947832189  0.77909061734070795  0.78937673265907427
  0.79981858097731429  0.81029828790973901  0.82108560457563540  0.83173830009805250
  0.84250934688361145  0.85324007855780426  0.86375267551691148  0.87429544957861871
  0.88473447201475786  0.89520617135446279  0.90555464190511192  0.91601939788710152
  0.92671877327537988  0.93726361367274391  0.94787428295379350  0.95850041010872500
  0.96887799805853569  0.97927602089978383  0.98960704821774359  1.00000000000000000
 -0.01432195688624855  0.06416070365502198  0.10888024961300849  0.14336505499467814
  0.17306287661776457  0.19939577591109639  0.22298452680701644  0.24451332345141299
  0.26458051545046901  0.28345885144749461  0.30119849292349593  0.31806457146822248
  0.33430154510558774  0.34984168444769420  0.36465046789127381  0.37891441186349262
  0.39272894232594180  0.40613698865846926  0.41918647131736153  0.43186045908250026
  0.44415950752830741  0.45612973502139276  0.46790281403843270  0.47949399355141464
  0.49084587362872684  0.50196013665258898  0.51281995268260172  0.52342977588500972
  0.53377917570580935  0.54390049237955729  0.55389945248161032  0.56383738051399868
  0.57358984047025530  0.58314647230596650  0.59252361694617028  0.60177542852647703
  0.61081632796619101  0.61963215706486630  0.62828904163227406  0.63680953840117294
  0.64520736226709685  0.65350634527870766  0.66169500025070149  0.66984152729161051
  0.67790089859203251  0.68583912554231097  0.69366456130962428  0.70138769354705033
  0.70905522095934670  0.71657181776917345  0.72399680733104588  0.73128058630047166
  0.73844513895575892  0.74557655488083585  0.75264778051098613  0.75963338822641457
  0.76651325028587891  0.77339503756841399  0.78016928727402568  0.78692200971750015
  0.79362892211758773  0.80032067598048939  0.80695145073817875  0.81350512940344100
  0.82001992406779411  0.82652582893585491  0.83303365478537372  0.83948834476269041
  0.84588827275501199  0.85221058366444502  0.85844530470364722  0.86461888902863715
  0.87079599395526930  0.87692663739717691  0.88298134807687378  0.88897051248895098
  0.89489004959077212  0.90080585617160414  0.90673304401086374  0.91263959667548067
  0.91848262863325025  0.92423102958254477  0.92991767178147366  0.93554665056196529
  0.94111043410829109  0.94659776695257736  0.95207603436119670  0.95754670542727327
  0.96301813477454601  0.96847360228629376  0.97386084936893258  0.97917571571165218
  0.98443912820420021  0.98965836761204562  0.99482882868997613  1.00000000000000000
 -0.00232449863453879  0.00917606005700019  0.01915030499079876  0.02986204649561768
  0.04058493256733416  0.05105096276658663  0.06171580114200980  0.07246111459881238
  0.08309533425489105  0.09349137240204815  0.10387409332756058  0.11433753734056883
  0.12477812356346248  0.13528601714884114  0.14595861824763529  0.15682193920031592
  0.16745867028876155  0.17800920459422861  0.18849036595264432  0.19913691545971843
  0.20977253948877417  0.22029474716335118  0.23072262960455264  0.24115548041238424
  0.25167718534674555  0.26215751640233714  0.27258294335627620  0.28305186131994492
  0.29348777883939353  0.30385686047801980  0.31420107925463753  0.32475856608455339
  0.33534434358261606  0.34589495194336489  0.35646258305341189  0.36712814591790494
  0.37772684584592908  0.38822768449443867  0.39870425521655040  0.40930706221787988
  0.41997398298127903  0.43077343927248951  0.44145111403613113  0.45209978491867708
  0.46255716122112372  0.47303610380284933  0.48338576260166632  0.49373138454024423
  0.50413015180752196  0.51459448581561518  0.52507443786100116  0.53558706414621005
  0.54605537903342360  0.55673933570260037  0.56747343338555500  0.57837326146071943
  0.58907053183492097  0.59979989177009696  0.61039365758823827  0.62122287982892088
  0.63143857223490996  0.64162286869055341  0.65181947619697789  0.66188374240941950
  0.67217122611276481  0.68229213749342654  0.69274708391219009  0.70321330055343001
  0.71383725268490683  0.72462750689105260  0.73523762533477988  0.74600771553137712
  0.75660155157725462  0.76750159618658786  0.77781089480635845  0.78843776834847179
  0.79890243060926902  0.80935146104646438  0.81971968534989437  0.83013535371580482
  0.84063003778943612  0.85139038574020598  0.86196712199921421  0.87282015001906121
  0.88329577037321472  0.89400845790321026  0.90442624962883389  0.91508425590642906
  0.92588346282557454  0.93660465342180055  0.94727427654277974  0.95779227583582049
  0.96837424883667889  0.97893774852922100  0.98949252706260260  1.00000000000000000
 -0.00240742787616634  0.00937882422625899  0.01977710487494459  0.03036392166350130
  0.04076268757757587  0.05117639458891827  0.06158325716718947  0.07192685962185646
  0.08206465881309784  0.09265787026445857  0.10317658194413432  0.11377099746378118
  0.12425564991161633  0.13502577307030747  0.14570349497432272  0.15640964464209897
  0.16722139154995597  0.17760659193059708  0.18819352121514396  0.19826902223784598
  0.20849339824818511  0.21898693168007904  0.22941966862197724  0.24010846357158142
  0.25045766634043171  0.26081885615219935  0.27145636473506429  0.28212181661642732
  0.29286420600356960  0.30336672390979164  0.31396636014154605  0.32461985271140531
  0.33534965621652152  0.34593098325977029  0.35658467891785683  0.36715752718910105
  0.37777520136488041  0.38832871506848282  0.39889181244249461  0.40947367506344234
  0.42000069728038048  0.43051148774714315  0.44108213181547451  0.45169435127196655
  0.46231755875433228  0.47293331729866972  0.48356677147174781  0.49420053414544074
  0.50486223764623461  0.51538783209552241  0.52608612254271270  0.53675489929162667
  0.54738819288239293  0.55769795763901331  0.56816398216701880  0.57865210585457605
  0.58906565347227280  0.59940261406643736  0.60992072201418068  0.62056130095467710
  0.63090025930615068  0.64134997265571592  0.65169986114825462  0.66226344438630302
  0.67265858995919836  0.68321766803556838  0.69364655332535741  0.70396872695538104
  0.71430155077360435  0.72471648361728314  0.73523242989392468  0.74570766037069602
  0.75625643062702796  0.76673174384711829  0.77728881899997038  0.78792656580844089
  0.79867416297827376  0.80929252204075852  0.81986741181780753  0.83032094419691083
  0.84081893548153053  0.85148003944997097  0.86212528479902140  0.87300663818023316
  0.88345187226535804  0.89386390587108411  0.90425107483583667  0.91495153749767899
  0.92567143705043820  0.93615586517866012  0.94680184115614785  0.95721631553042963
  0.96787905085612957  0.97837553497700191  0.98924883917331119  1.00000000000000000
   6.6653271158811569E-008  -1.0000000000000000     
 F F F F F F F F F F F F F F F F F F F F F F F F F F F F F F F F F F F F F F F F F F F F F F F F F F F F F F F F F F F F F F F F F F F F F F F F F F F F F F F F F F F F F F F F F F F F F F F F F F F F F F F F F F F F F F F F F F F F F F F F F F F F F F F F
  <DiscreteSampler_grid>
  grouped_processes
  1 # 1 for a reference and 2 for a running grid.
  10 # Attribute 'min_bin_probing_points' of the grid.
  1 # Attribute 'grid_mode' of the grid. 1=='default',2=='initialization'
  0.0000000000000000 # Attribute 'small_contrib_threshold' of the grid.
  0.5000000000000000 # Attribute 'damping_power' of the grid.
 # binID   n_entries weight   weight_sqr   abs_weight
    10   10   3.259294506176047E+004   4.917763638235365E+009   3.259294506176047E+004
  </DiscreteSampler_grid>
