  0.00227125746285332  0.01656100979989637  0.03023345988937144  0.04250523519724916
  0.05410844221136202  0.06524950745096889  0.07625644650943761  0.08720995648290708
  0.09842448100280649  0.10936542993190797  0.12040210667771763  0.13147700741722951
  0.14262537835903835  0.15357118227230129  0.16422836825244572  0.17500794436794634
  0.18600479638483255  0.19697764298685896  0.20780632554893891  0.21832291693651248
  0.22880638895011532  0.23933173144093525  0.24975129808632415  0.26015722361908000
  0.27066911861261961  0.28146332012982878  0.29230131092318395  0.30291879742853128
  0.31349149937482385  0.32401351877306916  0.33457675062019404  0.34519859685336685
  0.35576754276007516  0.36629209684469038  0.37676267872293073  0.38724710958797914
  0.39779683275731431  0.40828102161868379  0.41886247129803961  0.42945602842613295
  0.44000413424187124  0.45054445211571131  0.46103932943979614  0.47149767874266574
  0.48188159003174191  0.49206549706508956  0.50221567546173240  0.51234866414520330
  0.52248380096878078  0.53257374582717609  0.54266213069153135  0.55281041045034363
  0.56302457983166598  0.57325328777742846  0.58348708428292073  0.59373062763294793
  0.60400405287930548  0.61437440147185352  0.62480382910888133  0.63528381985468463
  0.64578083752060911  0.65624566915410898  0.66666044589627393  0.67703766957749745
  0.68741829379175345  0.69785010536806891  0.70835883501815766  0.71884098118053885
  0.72918355667877865  0.73941621182396666  0.74964020418326882  0.75987656879518672
  0.77006835526746020  0.78020795945321009  0.79033300434906761  0.80050550305774060
  0.81074346198008307  0.82097982196377794  0.83114824262906817  0.84121701054319775
  0.85125416869796877  0.86133772306774947  0.87145715539991508  0.88160614838522045
  0.89174082375288399  0.90185790655120657  0.91187295694127468  0.92171248434439601
  0.93147197743638299  0.94117184042602031  0.95078229449569385  0.96015142690590727
  0.96918446659411361  0.97780179328848327  0.98589540580149249  1.00000000000000000
  0.00218767688619710  0.01683951953341889  0.03041880198700967  0.04239393844582816
  0.05385338418055756  0.06520056752261948  0.07628676007579005  0.08721345981271815
  0.09816055867747019  0.10891210265256349  0.11973598701417054  0.13053548747677968
  0.14154723256666529  0.15272681144203509  0.16354000054498116  0.17436083414525291
  0.18496112301733031  0.19580230248987207  0.20648921953349345  0.21726802544532131
  0.22801847633763037  0.23885006871161027  0.24957101183034153  0.26021805230539591
  0.27093625521326270  0.28154893521382474  0.29225912946457333  0.30278783677890503
  0.31341145225634598  0.32391469084475127  0.33450319560235203  0.34498951167335618
  0.35545651349097529  0.36592679548984608  0.37654675818598038  0.38711671229426836
  0.39771511637981916  0.40831916646327759  0.41912890697461286  0.43002283045015183
  0.44070094563471113  0.45121652497984971  0.46164399510093729  0.47212248655972111
  0.48256482916402155  0.49300338075227196  0.50353550593384588  0.51392902392077078
  0.52430551107745638  0.53470778471898139  0.54514253331666507  0.55556662415853242
  0.56588712738362612  0.57625510100822008  0.58664028315744965  0.59722661950442624
  0.60762736470130063  0.61746936679329334  0.62745242491063014  0.63755250428301669
  0.64765466128523064  0.65756209692451972  0.66749606025803421  0.67774476225279690
  0.68815118183045942  0.69844457602404753  0.70863957999812521  0.71881525380372024
  0.72891954829546124  0.73898936297223228  0.74911693343461794  0.75929518743230429
  0.76946490349237595  0.77965873862552293  0.78993350653127392  0.80019236082888212
  0.81041073091457261  0.82065330738445463  0.83097141224371784  0.84133648213649537
  0.85165145311816259  0.86187488780086052  0.87200971538050087  0.88208867967490689
  0.89208960640636981  0.90196093115570120  0.91176993831017894  0.92158961026774455
  0.93142373052176930  0.94109211864303877  0.95052591098829564  0.95983509796297184
  0.96895428587421994  0.97761762712234990  0.98565790932898767  1.00000000000000000
  0.00803354282745272  0.00953765724550704  0.01072584406187251  0.01196054158854123
  0.01329435482696585  0.01469308236705325  0.01567128657824203  0.01679214084639019
  0.01797667858733904  0.01920674273440445  0.02048032298318684  0.02179723582392476
  0.02316914156902956  0.02451691991067203  0.02563779298538847  0.02657676959065960
  0.02760711514000078  0.02878395460384357  0.03002241220093633  0.03127174536365421
  0.03254227506977005  0.03384067755371900  0.03516231373724540  0.03651595546784159
  0.03790565742918142  0.03933305964486342  0.04079094475548031  0.04228235551895817
  0.04382466088676407  0.04542289843532137  0.04706728093020094  0.04875625682885774
  0.05049892120170562  0.05230507422445389  0.05417300903758309  0.05608948339549956
  0.05805559396303028  0.06009331300345733  0.06221935868636329  0.06442676421716820
  0.06669702344410709  0.06903950102648500  0.07147936681637369  0.07401902113453310
  0.07665543803888875  0.07937607926572247  0.08220142273102121  0.08514136734420262
  0.08818965799467918  0.09134786202918760  0.09461914127501082  0.09801323270310656
  0.10153170686857987  0.10521483042231987  0.10908549646079664  0.11311676175233211
  0.11729517596283381  0.12162309627650643  0.12612532517086414  0.13084051975584696
  0.13580433028269534  0.14100419994842120  0.14643918248992294  0.15215491045511548
  0.15813024606483986  0.16440605750199652  0.17091231542250890  0.17778716908020012
  0.18503755002928063  0.19275534245353243  0.20082519382125491  0.20923795939424639
  0.21803726170183682  0.22740631433799699  0.23743682427078266  0.24802180933462306
  0.25926583840617462  0.27139771562397674  0.28445141700562659  0.29840192649201858
  0.31337687535809050  0.32952337794493403  0.34676644867296763  0.36537839118960602
  0.38560047163723510  0.40770446951449318  0.43209411712365003  0.45936348635004531
  0.48979393176374347  0.52436686484891615  0.56486081201246474  0.61459870930944649
  0.68248732460869244  0.78867140202365060  0.86360928471856746  1.00000000000000000
 -0.00101675116991551  0.00392199823498495  0.00914806034198463  0.01428781313634544
  0.01956394830727259  0.02491017908972310  0.03030615380791471  0.03573126690981351
  0.04115814102791303  0.04654295069334934  0.05195778209930087  0.05744304216105572
  0.06299855783652307  0.06859024546230222  0.07416990138016286  0.07973696781331398
  0.08534309954225704  0.09102021254759940  0.09673462567305023  0.10249445759648947
  0.10830264245618471  0.11416098389617109  0.12007005664528497  0.12603568586164152
  0.13210120569508185  0.13829652859150310  0.14459992709502764  0.15089933198377725
  0.15719609374773832  0.16353780103361978  0.16990069472418134  0.17630440046291315
  0.18275883106621310  0.18927495247525378  0.19586768213184730  0.20251720167748360
  0.20924935199657438  0.21612555470613451  0.22308902906779216  0.23013477672569813
  0.23719877740649284  0.24431366583317168  0.25154945945954205  0.25890768932021069
  0.26635507359777638  0.27379968186393078  0.28126579784399525  0.28880827472590592
  0.29638241498170231  0.30402297391505728  0.31172344559111298  0.31969366870270988
  0.32781048480257369  0.33613426398829188  0.34446965248488565  0.35295087179930518
  0.36140335290111486  0.36998556500824098  0.37862894999854163  0.38741190846895429
  0.39623469205466177  0.40523425192969742  0.41436286669768768  0.42370192964218822
  0.43329449156151567  0.44315602470574639  0.45327912366269824  0.46354260347050458
  0.47387060915241724  0.48432061067919369  0.49490649309718243  0.50568413588884820
  0.51673645459157491  0.52811981573273481  0.53976507688309039  0.55176827928974681
  0.56410858398395747  0.57691213064419922  0.59002259184885242  0.60353072872640445
  0.61738307471517351  0.63161286115512039  0.64614536093395791  0.66133867546726555
  0.67735278895954210  0.69434914599084052  0.71230731933250235  0.73131883540256870
  0.75160869672996589  0.77370220821182689  0.79773260606338636  0.82390067191093497
  0.85328264761835915  0.88767787058478720  0.93306374218831023  1.00000000000000000
 -0.00230542372145975  0.00910256346090455  0.01916247048883967  0.02967787648727471
  0.04012818775139540  0.05061422036528584  0.06115318019493590  0.07191983348412576
  0.08253389154586292  0.09327121054642719  0.10376382093962963  0.11437700819926593
  0.12493947922939855  0.13551541572286899  0.14617792376128244  0.15683016713771292
  0.16760438083090637  0.17825123832540957  0.18896412037492591  0.19959315221059062
  0.21017223109378591  0.22074878850969124  0.23129462638644291  0.24194390017709488
  0.25256543367926615  0.26324173250054284  0.27388477619165319  0.28438127185569922
  0.29484566271830426  0.30501143997043600  0.31520231828675133  0.32547050662886973
  0.33601168694285111  0.34668756974315967  0.35724744821459009  0.36779967727838020
  0.37846566336464948  0.38925665891218458  0.40005210772737748  0.41071707852901795
  0.42124725228513293  0.43179161685248235  0.44233837222439570  0.45289806694067719
  0.46345499894549597  0.47408864145715240  0.48457400890889363  0.49493826516580991
  0.50545844147551755  0.51602207044992521  0.52655227847455610  0.53683111857249077
  0.54733086947389020  0.55798626033922838  0.56849487728043746  0.57893085383794307
  0.58941517833010626  0.59988740149227671  0.61063324698266008  0.62140427654953923
  0.63207822949243309  0.64252695357060052  0.65295067441042232  0.66347370143031759
  0.67398658957346280  0.68453780267059661  0.69491312463045740  0.70531255200184817
  0.71560593338584122  0.72607879232643813  0.73629515624469410  0.74686413222831116
  0.75713644315181738  0.76763424907032407  0.77785694422060170  0.78837944736989773
  0.79905793822987137  0.80983747338285794  0.82030912265450884  0.83069799019725787
  0.84129478825084514  0.85195172612634562  0.86242756639574170  0.87320100966510217
  0.88366626474746690  0.89451181627275345  0.90480258236561384  0.91550490147177954
  0.92597551770072584  0.93657214576881764  0.94721260239677885  0.95769251279061751
  0.96810834845227778  0.97859579609715108  0.98914358611303921  1.00000000000000000
 -0.01402212915501398  0.06274437822427403  0.10867337073917216  0.14442409236124251
  0.17487026606795994  0.20167180462775755  0.22550939321565452  0.24721256726527896
  0.26725271069045670  0.28602784053684016  0.30379553032824780  0.32059546444713521
  0.33655540833522296  0.35188862598994486  0.36659492512187108  0.38063808688349993
  0.39430173180568734  0.40767357221154160  0.42071036344492957  0.43349061705240471
  0.44584118473583506  0.45783119286389862  0.46957221956536027  0.48120143953769240
  0.49251439035532474  0.50362343316099623  0.51435624020503179  0.52465943533756743
  0.53483231264794695  0.54489790839659968  0.55491905769517758  0.56470080891113172
  0.57430868662299073  0.58376318404555372  0.59299527254447626  0.60213244035636071
  0.61112511884508858  0.62004340866326668  0.62880485866283953  0.63739688373505132
  0.64589563623750190  0.65428804684262432  0.66253902849789637  0.67062557096480646
  0.67859820809796678  0.68649059093716025  0.69431674664344956  0.70210372729966086
  0.70985065571023775  0.71746784957657184  0.72499547584655522  0.73242990494100180
  0.73975127961731946  0.74696951991148863  0.75406962672566835  0.76112068414890266
  0.76813336070933103  0.77511822227470539  0.78200565902993480  0.78881764836159984
  0.79539296133337156  0.80180131980460423  0.80819422742121239  0.81457735170706258
  0.82095294204495362  0.82728220663664120  0.83355182085646951  0.83978655773258781
  0.84597425763837464  0.85215158951093350  0.85833200090356843  0.86449002317182078
  0.87059969256747105  0.87664540378937983  0.88263518617169001  0.88858364590537420
  0.89449191523748339  0.90038298707791087  0.90626778755073256  0.91210412754289216
  0.91788803336810088  0.92363539235053960  0.92933684136793260  0.93498946106281111
  0.94059724093502040  0.94620105889133210  0.95180289393778983  0.95735710280637853
  0.96281062203087697  0.96822822627796890  0.97363170642552876  0.97900912463788237
  0.98433539651316881  0.98957580110587151  0.99481810175846408  1.00000000000000000
 -0.00233623978446367  0.00926866367293598  0.01930725656435582  0.02995561425934177
  0.04052943552447850  0.05099394482964716  0.06159148949656996  0.07218147137301410
  0.08296945443548960  0.09364010496364041  0.10438912904984042  0.11519739800638831
  0.12602293968394443  0.13686318198270245  0.14764001671541663  0.15820708068340064
  0.16873437432717397  0.17923019257304146  0.18977725140145335  0.20032551255465217
  0.21099462426390722  0.22163973141637475  0.23213738591457031  0.24265568113973404
  0.25314749440369994  0.26379221333111880  0.27439497178293903  0.28518561521695229
  0.29576455504564220  0.30624358495801407  0.31666305124172689  0.32714405659446316
  0.33770487666902382  0.34834630461783928  0.35919465243217802  0.37006606284265875
  0.38084613234244991  0.39150163064287558  0.40220987058952867  0.41291028482354203
  0.42366444150004834  0.43434257693960354  0.44474081856979031  0.45492930120145159
  0.46499776291318534  0.47508839718932622  0.48517608765852838  0.49519375125637849
  0.50553389323888587  0.51573285206764163  0.52601415770166815  0.53638366603147869
  0.54699737259874226  0.55773728326149286  0.56834283905133920  0.57889589277872100
  0.58952777675349732  0.60024545837320031  0.61073257171638562  0.62099415889410814
  0.63116147774322984  0.64132009089996311  0.65156584128322881  0.66176895255172552
  0.67222005026085740  0.68283599397776107  0.69314811018018030  0.70357346241994079
  0.71398491553539056  0.72498535082341020  0.73566481153681329  0.74626035806055180
  0.75692308184039447  0.76749257589630571  0.77813895753968398  0.78855357602321807
  0.79931484913250750  0.81024739117289868  0.82073134936074299  0.83127745055888769
  0.84168829044141713  0.85221891197755972  0.86272064117997804  0.87328285016059426
  0.88394487779301800  0.89439837748851581  0.90474673316732934  0.91532000012117443
  0.92579498118786763  0.93644678690671512  0.94710175006050223  0.95797822660294263
  0.96843055686875035  0.97894899618750375  0.98935590610145629  1.00000000000000000
 -0.00227234895118429  0.00896457513308039  0.01918575274869547  0.02969653721708258
  0.04035816844398653  0.05093139110036012  0.06174895628732547  0.07240230082817171
  0.08292739086495454  0.09364551175519865  0.10446224753396818  0.11515153607644441
  0.12579484837646054  0.13644150801451177  0.14697471179163635  0.15736967285140546
  0.16784494096337915  0.17843789309174085  0.18903907636114056  0.19959702719423975
  0.21024112628300487  0.22088896693477122  0.23140198931115077  0.24174964863015211
  0.25221670669192647  0.26282179347345191  0.27335994995370883  0.28384616996058987
  0.29438350446042560  0.30508282733291003  0.31570107844298129  0.32641205351981784
  0.33707378276831623  0.34744239451216785  0.35786839578775131  0.36811215609117931
  0.37839874805512924  0.38867723435037665  0.39902934924402950  0.40994090433823616
  0.42051020932255667  0.43125150427139286  0.44190918104260574  0.45268967724105430
  0.46336853112186854  0.47398132928256465  0.48443513890652035  0.49467082462328604
  0.50482417931026924  0.51506569155081183  0.52548607218294496  0.53590824406335880
  0.54625944870014909  0.55681158249675300  0.56735308192073686  0.57792248354439490
  0.58835603443515350  0.59881254890639302  0.60927205924999173  0.61981502428043889
  0.63035706250157197  0.64083836380036618  0.65126090281517057  0.66177118414683411
  0.67225582181639298  0.68279733829847566  0.69342460245384085  0.70414844882562877
  0.71505582266307099  0.72570727247380229  0.73616352289377252  0.74651627717562519
  0.75687632055370935  0.76745326175633022  0.77790899946258885  0.78836737434167969
  0.79883482003467554  0.80917843396199762  0.81953314885315276  0.82993657937735066
  0.84050875267183955  0.85131164166830808  0.86178985811323006  0.87247881830925289
  0.88312340474374618  0.89395924640861002  0.90451800676337779  0.91513844931625110
  0.92574039319240820  0.93647926992592223  0.94723803798122552  0.95782400806499823
  0.96844276837879972  0.97888340441943666  0.98947079994021891  1.00000000000000000
   6.6192265961536234E-008  -1.0000000000000000     
 F F F F F F F F F F F F F F F F F F F F F F F F F F F F F F F F F F F F F F F F F F F F F F F F F F F F F F F F F F F F F F F F F F F F F F F F F F F F F F F F F F F F F F F F F F F F F F F F F F F F F F F F F F F F F F F F F F F F F F F F F F F F F F F F
  <DiscreteSampler_grid>
  grouped_processes
  1 # 1 for a reference and 2 for a running grid.
  10 # Attribute 'min_bin_probing_points' of the grid.
  1 # Attribute 'grid_mode' of the grid. 1=='default',2=='initialization'
  0.0000000000000000 # Attribute 'small_contrib_threshold' of the grid.
  0.5000000000000000 # Attribute 'damping_power' of the grid.
 # binID   n_entries weight   weight_sqr   abs_weight
    10   10   3.273778619271995E+004   2.808379543136756E+009   3.273778619271995E+004
  </DiscreteSampler_grid>
