  0.00235297179572319  0.01636447413729984  0.03029687081110916  0.04253178818188549
  0.05438618883514076  0.06603389958349870  0.07738907296090482  0.08856555748318262
  0.09954185419400575  0.11069430257223746  0.12181046822763285  0.13276529304029946
  0.14365232944433196  0.15450585881855805  0.16543205911261799  0.17611471270192061
  0.18650891009565004  0.19693567245268553  0.20727862458907076  0.21774059916868455
  0.22821123121435705  0.23867126921089069  0.24912157419845563  0.25958820602132165
  0.27005630580126966  0.28034415418903502  0.29060540470774687  0.30106843809060457
  0.31163531128393201  0.32220811262642990  0.33282756323191631  0.34353920173649061
  0.35422979870265003  0.36479498025923618  0.37534261336679253  0.38586884175917024
  0.39626784258862008  0.40658152475547321  0.41701387541240004  0.42768823834383030
  0.43840545520171170  0.44894096121582455  0.45941295341443827  0.46990679809768388
  0.48037078618814860  0.49076067292493253  0.50108490428727881  0.51145255449378957
  0.52182886146609087  0.53218405663780943  0.54256252794722037  0.55297245762001457
  0.56341879609035150  0.57393410594337368  0.58459763229165518  0.59533421544852683
  0.60601610236421910  0.61657156013208936  0.62705421438366593  0.63750405275533584
  0.64795209314244606  0.65835871024035952  0.66871446513615540  0.67908900849933784
  0.68953522746670703  0.70002148203227776  0.71042299697666800  0.72073617263589085
  0.73104022456939277  0.74141875120165512  0.75179868395661298  0.76208257541863755
  0.77225157432032887  0.78239923887423268  0.79258861138532077  0.80282273591589981
  0.81303164999061361  0.82320526195186705  0.83337704635093734  0.84361541577337651
  0.85388422044335965  0.86411451913906334  0.87426076593122282  0.88435230165247913
  0.89441550277686521  0.90448575104837348  0.91455111531196542  0.92451130020197336
  0.93429272118576401  0.94390067570286817  0.95337711327143815  0.96274951699795985
  0.97181773866926480  0.98020787177584101  0.98853147648279849  1.00000000000000000
  0.00233714336082418  0.01631566831272802  0.03005167644647735  0.04219158590508752
  0.05385496528729340  0.06549702448394391  0.07696050402604668  0.08845053234917216
  0.09972841420066400  0.11097344833500600  0.12208438371522448  0.13305702887369758
  0.14363298419715612  0.15446541950085232  0.16534993049750585  0.17606868271674692
  0.18646120113034995  0.19676171314792357  0.20725731340649706  0.21787739548003682
  0.22845363370602442  0.23902628297375347  0.24973314391909163  0.26045448013391331
  0.27111005360965801  0.28166161504266296  0.29215645482726721  0.30265745742787026
  0.31315610659318238  0.32361634985040350  0.33409678722258401  0.34462103450397819
  0.35520719514136867  0.36586199676510461  0.37650324569193216  0.38719966551913421
  0.39781643925737431  0.40834067562736720  0.41871031870503989  0.42903213568619963
  0.43941548085240062  0.44986012805259623  0.46022628690762113  0.47056500073494223
  0.48090888271431514  0.49149960036277185  0.50219127966431942  0.51276760652359554
  0.52318774732387796  0.53329488611185982  0.54336366154830529  0.55348866396078344
  0.56366327022851059  0.57396055889211006  0.58430664401481636  0.59467085190933278
  0.60495247275585529  0.61517695813725459  0.62545806458020559  0.63585243671280722
  0.64629470487776786  0.65676101127603759  0.66725306641829163  0.67774754552836391
  0.68823834497670744  0.69866384935755677  0.70898126765908454  0.71915371948511586
  0.72925801502058119  0.73937428998007593  0.74949742344517756  0.75969181089476201
  0.76994744721744846  0.78024567047553095  0.79055294977768709  0.80084564229697541
  0.81112131766029238  0.82136008764282142  0.83158206638568100  0.84171587570198692
  0.85179847288601829  0.86178553205569541  0.87177164536221119  0.88180397813616584
  0.89186365656048472  0.90190385159886632  0.91186253283310559  0.92176932789513233
  0.93161410647208587  0.94122917776243342  0.95064104963696994  0.95989613741128277
  0.96898248481830551  0.97759658710852215  0.98557083351853780  1.00000000000000000
  0.00744501952180584  0.00916075237989836  0.01034028519689572  0.01144177884165369
  0.01255053340705943  0.01367822964134474  0.01484795853430650  0.01605161422391657
  0.01723948029517881  0.01841902364355705  0.01961449585435300  0.02087558834892328
  0.02218701232993432  0.02349249009910394  0.02474423585696175  0.02587721290620349
  0.02689771713895200  0.02797963109394285  0.02919563832873977  0.03045993455565512
  0.03173080220285265  0.03301966099529734  0.03433126560092465  0.03566810426813152
  0.03705009620520262  0.03847969559983721  0.03994611281771686  0.04143837830846581
  0.04297088306430655  0.04455659113930395  0.04619501417400102  0.04787728474331826
  0.04959071048351422  0.05134180079568985  0.05315336595052400  0.05505266095070842
  0.05704896622661629  0.05912002589793475  0.06126092054517862  0.06346677818558891
  0.06574357801507551  0.06808629421921095  0.07051684907477826  0.07303669089831757
  0.07564325695174455  0.07834703244608056  0.08116593149052602  0.08411090279669399
  0.08716352162674382  0.09031674933217079  0.09359117384007695  0.09701014214025722
  0.10058006047138052  0.10428838041375632  0.10814793949751599  0.11216170071239452
  0.11637023982032564  0.12076760728735149  0.12530188713124396  0.12996843755793974
  0.13481008058782795  0.13987519246147115  0.14518412222039118  0.15079916419855610
  0.15675010720630719  0.16301148246115627  0.16957595144576604  0.17647164154606496
  0.18376072694214363  0.19151764636828839  0.19977433391922969  0.20841742231771673
  0.21736113132084678  0.22674675002557404  0.23680960089273279  0.24756151007393870
  0.25897819835587416  0.27114726203755746  0.28426301850090879  0.29827001132170800
  0.31314189371057222  0.32912641361526357  0.34654383323376442  0.36560643393919268
  0.38641961777683148  0.40919628369401995  0.43441710287706092  0.46246161501152544
  0.49400299243882434  0.53023816231824150  0.57302720609909930  0.62616536842955051
  0.70040956420017986  0.80528384612673409  0.86738191972832068  1.00000000000000000
 -0.00103373689513683  0.00392452307124767  0.00938712259024884  0.01474556620863137
  0.02008618100769680  0.02545443095480395  0.03087054240886809  0.03633756353123877
  0.04183572453181604  0.04731450776352391  0.05279230259662655  0.05829297172245695
  0.06381948092423657  0.06938804349152938  0.07500048681061701  0.08066037490129403
  0.08636525396750486  0.09211443595615372  0.09791184509122462  0.10378882677226682
  0.10975928280894193  0.11582395038269390  0.12193101119516475  0.12804355122745284
  0.13419101797034608  0.14038266740041624  0.14658825979855847  0.15278416599831326
  0.15901779715148995  0.16529294444357204  0.17159633000651278  0.17794386983962596
  0.18433640593771705  0.19081531736552529  0.19736841174109668  0.20397495264583515
  0.21072711240642938  0.21765429919025031  0.22463913390598381  0.23158858776046631
  0.23858322723576142  0.24561661149620814  0.25273339252122118  0.25992175573508314
  0.26719753635651733  0.27458338201572646  0.28198977981670870  0.28950110632461956
  0.29702984465685495  0.30465802600223651  0.31235697741887203  0.32016326942505541
  0.32813833683443666  0.33623915839588908  0.34443422554246006  0.35273909830168781
  0.36126251499934753  0.36983493882900736  0.37848394935352248  0.38723669050358434
  0.39627545718903368  0.40553386043808326  0.41486471358738625  0.42428984724470786
  0.43390554380933971  0.44374034980995153  0.45370844608409105  0.46367148654675494
  0.47381554218688238  0.48430417639801260  0.49499770924112679  0.50577641307087307
  0.51677654478886970  0.52821544124387365  0.53998666056843936  0.55192588882796989
  0.56413263334634456  0.57673804438035980  0.58992710456254205  0.60355633859001734
  0.61763469778551372  0.63209818042646704  0.64697223101719425  0.66231780135751395
  0.67844972569956108  0.69543468399631814  0.71332634863500033  0.73237027496576623
  0.75271023114540980  0.77458677225802541  0.79818373362292294  0.82442666692204070
  0.85405956034600838  0.88864567309221998  0.93350825654963976  1.00000000000000000
 -0.00220158731599747  0.00885805081615314  0.01906071644474255  0.02957622231391026
  0.04018507834563748  0.05083245276706438  0.06133572852726961  0.07199025342571067
  0.08225772164836911  0.09271370178315812  0.10301699558425564  0.11375432304726811
  0.12445891975260177  0.13518091264097842  0.14591517730698031  0.15652068388673451
  0.16712788556827526  0.17783756667794570  0.18850208675632718  0.19912378322193861
  0.20973075707478914  0.22055287229693801  0.23134469121040321  0.24218753194016329
  0.25289503776077693  0.26350761031540815  0.27409954573471840  0.28460719229281473
  0.29517605331410163  0.30576351809659613  0.31646387877320031  0.32724103961309042
  0.33797457921182783  0.34865244668335954  0.35930170572027309  0.36998055479525771
  0.38077966923053247  0.39150902417032563  0.40218319833723237  0.41285591590509979
  0.42357655522814491  0.43430106108759126  0.44495143842215662  0.45544984474287276
  0.46593619285563947  0.47641508400710453  0.48692254957775760  0.49740743412286326
  0.50791579976716061  0.51851756704160323  0.52902385849301281  0.53940778853147253
  0.54977101487764302  0.56032147029947899  0.57094348673260820  0.58145866445453120
  0.59205761512226474  0.60278419577881892  0.61366852914788195  0.62448365499685599
  0.63514320548543024  0.64574652591747650  0.65637504818231196  0.66696772232730228
  0.67751397178536055  0.68810859886490783  0.69868410547423765  0.70917002348504121
  0.71961417504776748  0.73005704054378384  0.74051402575772429  0.75093061339497680
  0.76134349909145871  0.77176711625287409  0.78220237327726905  0.79263886596625932
  0.80310573109077554  0.81360074444337216  0.82406295424034504  0.83457498017078147
  0.84500868683727182  0.85543278853382909  0.86585764874738924  0.87632317807642723
  0.88675513627533420  0.89708931564231564  0.90726061869682872  0.91754053830847770
  0.92771248712622956  0.93793665348712796  0.94828115066441310  0.95860636843357405
  0.96891718623479373  0.97936498735593169  0.98961383857714991  1.00000000000000000
 -0.01392788591646142  0.06315103777324613  0.10904286360445123  0.14445037380326570
  0.17424424117375931  0.20018620402514190  0.22342977966722941  0.24476707122294619
  0.26470822788772019  0.28354959846113281  0.30158359341654473  0.31886989270301075
  0.33531593153890138  0.35115108519722404  0.36635498783792442  0.38085117425849113
  0.39460784287330786  0.40786005514806756  0.42083757415813100  0.43351787886756893
  0.44585576941962646  0.45770011272087524  0.46924132641782151  0.48052481737361202
  0.49158292348278088  0.50237265089424576  0.51300315729161405  0.52337091096049793
  0.53347872957157905  0.54344130207633401  0.55336812783379741  0.56321789447421611
  0.57284476808858276  0.58227000454395705  0.59152244205311533  0.60067098226217064
  0.60967364573911009  0.61851850888843518  0.62713235191838135  0.63555859203863396
  0.64394097894192470  0.65230377179970023  0.66060247894868784  0.66881502447833285
  0.67697176615514865  0.68502481852937036  0.69289446831239021  0.70063052670997861
  0.70816367755496412  0.71562967045872061  0.72310865588216910  0.73054033365638404
  0.73788728240588908  0.74513682417210914  0.75235875307753852  0.75949897552640133
  0.76656112037865265  0.77353536220387165  0.78043556217787458  0.78727193806901508
  0.79406430608222522  0.80079155561055915  0.80744027692432951  0.81402965633464586
  0.82059964418909770  0.82715764281854909  0.83368472967705887  0.84018456771861083
  0.84666754790780085  0.85308126032449283  0.85932347338096438  0.86543242131210552
  0.87148031494612599  0.87746941217649932  0.88342431468147320  0.88935415272043017
  0.89524334147480200  0.90109701221916239  0.90691130505356099  0.91266979826215699
  0.91842753567125668  0.92420041561348754  0.92993046610631991  0.93558909207833163
  0.94117598161469429  0.94674489642034920  0.95230668613232883  0.95781132027238514
  0.96321779329697388  0.96854161967604424  0.97386540850312608  0.97918813589875819
  0.98443364099118469  0.98962805689015343  0.99480247801013377  1.00000000000000000
 -0.00222721016334403  0.00895506243741111  0.01880333845688249  0.02911800271008515
  0.03952363318403351  0.04974559779863220  0.06024534810571754  0.07090504424627014
  0.08175739015980758  0.09221717898540210  0.10270675317944607  0.11304794383507707
  0.12359596003128857  0.13426038494508855  0.14488475463972447  0.15545872331082689
  0.16593399252092605  0.17646653602004925  0.18699931625525415  0.19749650854042855
  0.20817927411381007  0.21825546190504908  0.22841354216471757  0.23866465937451029
  0.24893765898596282  0.25916658272480086  0.26948883948347119  0.28004101822222910
  0.29089880346269936  0.30158919986664129  0.31223908512432041  0.32283373871133192
  0.33330410722178055  0.34392221235973974  0.35442944626266787  0.36486977885555333
  0.37531392317129997  0.38593018169011301  0.39658246180032142  0.40715402001827794
  0.41773989643281034  0.42836053136577351  0.43910290398188778  0.44980485433835982
  0.46051480422740254  0.47077874594854269  0.48118023608676941  0.49160971641837575
  0.50203620397040272  0.51239782861467964  0.52282559492835046  0.53339229049281878
  0.54397400667172624  0.55446916644776612  0.56492620143782191  0.57548430822989483
  0.58606157819238502  0.59680445730810461  0.60750537254780901  0.61820825510362432
  0.62887655672221576  0.63957467203507168  0.65010249950361998  0.66056421662236986
  0.67117783097535888  0.68190190885319046  0.69246377724831742  0.70296689938791113
  0.71337368605019935  0.72403303501759664  0.73467681483872671  0.74545691908231160
  0.75596255169821003  0.76649448791742936  0.77698140453699693  0.78753587318732665
  0.79804710554964675  0.80850260136455443  0.81910541197519249  0.82966775276650651
  0.84028847565281062  0.85074838390331897  0.86152777100018418  0.87243942996633017
  0.88330433976050238  0.89407673617806505  0.90458463887815888  0.91512140361995842
  0.92566877243587231  0.93624779984393613  0.94688543877679432  0.95747053270577442
  0.96808914368063370  0.97879031006231143  0.98928825137148302  1.00000000000000000
 -0.00231240311684291  0.00923876502879850  0.01915724199526265  0.02980641031764397
  0.04039398589978453  0.05076902336155896  0.06127618481356620  0.07192469202287656
  0.08240586698272429  0.09292592995926709  0.10332398866414941  0.11375948848403324
  0.12436779443316728  0.13490318547714836  0.14562326557770977  0.15592854031552503
  0.16662904339608400  0.17722972411581825  0.18783341987623559  0.19810252683241417
  0.20853877483201869  0.21891513169376595  0.22945590796744131  0.23989697102809612
  0.25046197852004071  0.26110295977562714  0.27177054137695877  0.28244583849388710
  0.29313000896519059  0.30379937654176797  0.31437834999376846  0.32497568085741496
  0.33532938189965833  0.34549607041692521  0.35576399418074361  0.36604400286718669
  0.37640513990480295  0.38683289544434796  0.39731739720701653  0.40812862403412076
  0.41895675734445781  0.42944091470198209  0.43999791612608469  0.45025704743251688
  0.46068737160494977  0.47107132488053327  0.48168499122740038  0.49241825414936086
  0.50302820729387498  0.51354591874716871  0.52429918283308496  0.53484271593162780
  0.54549600261118458  0.55583563743847364  0.56648068433042620  0.57704193240959134
  0.58790281201630146  0.59874352583349300  0.60956214513779794  0.62023113481201031
  0.63069463845370188  0.64138589489743414  0.65186674939001543  0.66242892612790394
  0.67272067664229374  0.68294433168800806  0.69323337159358778  0.70354979219452785
  0.71401001901075789  0.72439452048192299  0.73487363812658668  0.74548491397356376
  0.75613596497076385  0.76675357057621130  0.77721803550630486  0.78763385191550372
  0.79813526112806443  0.80877244607999321  0.81942366857616578  0.83027595268869980
  0.84090958589270981  0.85145999015824803  0.86199091204042722  0.87250487284646383
  0.88284563142674388  0.89317989649011831  0.90383348299332156  0.91440305091809504
  0.92500091333796464  0.93564250909730928  0.94652153044366394  0.95704523389804841
  0.96786259011833431  0.97871972713130395  0.98938283589677001  1.00000000000000000
   6.6665006964070577E-008  -1.0000000000000000     
 F F F F F F F F F F F F F F F F F F F F F F F F F F F F F F F F F F F F F F F F F F F F F F F F F F F F F F F F F F F F F F F F F F F F F F F F F F F F F F F F F F F F F F F F F F F F F F F F F F F F F F F F F F F F F F F F F F F F F F F F F F F F F F F F
  <DiscreteSampler_grid>
  grouped_processes
  1 # 1 for a reference and 2 for a running grid.
  10 # Attribute 'min_bin_probing_points' of the grid.
  1 # Attribute 'grid_mode' of the grid. 1=='default',2=='initialization'
  0.0000000000000000 # Attribute 'small_contrib_threshold' of the grid.
  0.5000000000000000 # Attribute 'damping_power' of the grid.
 # binID   n_entries weight   weight_sqr   abs_weight
    10   10   4.658803824753324E+004   1.086558098289841E+010   4.658803824753324E+004
  </DiscreteSampler_grid>
