  0.00239297294420582  0.01633298027164314  0.02968652907777548  0.04156442630263014
  0.05321867513699766  0.06478798136383199  0.07619892034851787  0.08754968536706020
  0.09876933157940467  0.10994708898620971  0.12106168244353836  0.13208142154974409
  0.14309445758499229  0.15393507363585307  0.16472072952052857  0.17542285270001989
  0.18622910921860611  0.19692897122614983  0.20760814388467558  0.21818172336005584
  0.22874465560489768  0.23914667161641445  0.24952007005105903  0.26000568156957449
  0.27060693700304417  0.28131176731513513  0.29195962136536691  0.30259560593495388
  0.31320637308637483  0.32361133420429866  0.33385673574156172  0.34403842870722084
  0.35428860975702475  0.36467236200731989  0.37522184463379277  0.38588679172372858
  0.39652369568856133  0.40705166625019229  0.41762166897275466  0.42820062187853097
  0.43875716793393033  0.44929222672472596  0.45973515925360181  0.47015336564053101
  0.48060327409393616  0.49115819145041090  0.50167783661801957  0.51216265444788789
  0.52272799428597205  0.53340335120444360  0.54401322160687415  0.55447456532228234
  0.56489840512923051  0.57529607383451586  0.58566563085168410  0.59599006236673469
  0.60631685223117660  0.61672620405615020  0.62720948262981724  0.63771369270148792
  0.64810385899393452  0.65841140629219908  0.66875028547593030  0.67916674139060440
  0.68954022452722630  0.69982902212726417  0.71011369852237716  0.72036958737235468
  0.73055231434231682  0.74066014861471097  0.75082323086977376  0.76111787314079660
  0.77153935333960511  0.78200433016638560  0.79240296209348349  0.80266099168175731
  0.81285457908549696  0.82306183068063710  0.83326074723720178  0.84341024497907913
  0.85353874966977472  0.86372050563951908  0.87391829890811967  0.88401688513701171
  0.89401025615103735  0.90391558575260089  0.91377539195049695  0.92359596200543614
  0.93332185688719638  0.94299033026818091  0.95255722705596935  0.96193542758343464
  0.97101964562479259  0.97945664966541368  0.98764690140787648  1.00000000000000000
  0.00249203374873850  0.01594323768428232  0.02953526764694679  0.04169411191655656
  0.05347566782456863  0.06488473075535856  0.07609234847968255  0.08715663530500932
  0.09827774332506499  0.10925842604457812  0.12026172281926219  0.13116589390572841
  0.14198704720274560  0.15279331527398216  0.16348088406188085  0.17424974497949752
  0.18495540897870810  0.19563470238942332  0.20635650727914179  0.21708133463117193
  0.22798294541085784  0.23881754729756405  0.24970465334682618  0.26039403314149345
  0.27088040484690656  0.28146524190394046  0.29211687316425045  0.30282284117440894
  0.31360267784105134  0.32436663728986764  0.33515974998346443  0.34566886328833302
  0.35614003392770105  0.36658375159206918  0.37711290893745969  0.38774524350839384
  0.39833699737057032  0.40862477499730787  0.41882236966452147  0.42905726762145080
  0.43932706629513479  0.44962000958341874  0.45991939265023979  0.47038595120141219
  0.48075650045753998  0.49101465861576293  0.50135162632228880  0.51165360663165782
  0.52188317100739401  0.53211470652579818  0.54241603125435534  0.55280510974671659
  0.56321943865216517  0.57361042771739179  0.58401004711798377  0.59441185324450585
  0.60483582451702622  0.61523362295802819  0.62561198475858026  0.63604093967630859
  0.64649494726908319  0.65689287962224752  0.66720338377039257  0.67752395094348306
  0.68788786085224463  0.69820647633439759  0.70845233656044859  0.71867225427238135
  0.72891700613576826  0.73915884776217045  0.74935460969049106  0.75951912453179471
  0.76966249494479888  0.77982187112832502  0.79000171528244501  0.80020656429291237
  0.81045168863807460  0.82070686829269712  0.83090814769828858  0.84095575258585975
  0.85088984104038801  0.86083988073467843  0.87086535559559985  0.88084772013824397
  0.89074312374505338  0.90059203854270065  0.91045388743847611  0.92022826939628954
  0.92987370118762747  0.93944322723180718  0.94900888891254898  0.95841665474502968
  0.96755728638381300  0.97631600479689939  0.98461739292549166  1.00000000000000000
  0.00831208663266004  0.00984318490344894  0.01089720886963484  0.01193350884752160
  0.01302206880461025  0.01415786356936901  0.01533778279637095  0.01653008491145883
  0.01771594020820832  0.01891472112091179  0.02012597890162058  0.02135861083181055
  0.02268104872680511  0.02403657915049219  0.02527888186144055  0.02629893443139035
  0.02727682664646550  0.02839627180223828  0.02959237509284027  0.03082320309636752
  0.03208222223857203  0.03336630351984778  0.03467018329499690  0.03599775283446163
  0.03735135022649617  0.03873609690720378  0.04015468786221162  0.04161420525689780
  0.04312823554410636  0.04469827427408635  0.04632510976044729  0.04799956147955507
  0.04972577671659668  0.05150369863323905  0.05332656526779018  0.05518862599807649
  0.05710871431843298  0.05910495888540557  0.06120140686508475  0.06338999271056822
  0.06564788993759232  0.06797670338387118  0.07039187022445506  0.07290550868239594
  0.07551112202370625  0.07820488129553761  0.08100576341911629  0.08391789560086571
  0.08693065962285280  0.09002911968792469  0.09323430262943438  0.09656632648264241
  0.10008318966928414  0.10375715163108737  0.10758162871100044  0.11153696176787470
  0.11566263073333904  0.11999340215667513  0.12456706978760188  0.12930738961583324
  0.13417790699453558  0.13918404157718159  0.14442622251687365  0.14993897045860610
  0.15574190295103033  0.16181125836970525  0.16815336360070254  0.17483261602672209
  0.18196521129444257  0.18957293608485395  0.19762329025028549  0.20604618557878013
  0.21489816544787835  0.22416607313557449  0.23391951656948914  0.24425909926006215
  0.25528875840686766  0.26709629415343067  0.27970738711154075  0.29319491873442455
  0.30776328156860788  0.32348387472965850  0.34032603154197555  0.35839020240964475
  0.37790686493249903  0.39915149014372153  0.42244047578881194  0.44820800164017405
  0.47711246275854513  0.51022902311921481  0.54911636003072195  0.59536670515625234
  0.65280802617710287  0.73497159913372079  0.85909103087704741  1.00000000000000000
 -0.00103392138707566  0.00396642161984004  0.00927680382982602  0.01450321199207873
  0.01979660574004834  0.02513259610314452  0.03051226877769809  0.03594546568766142
  0.04142221832508665  0.04692980209196500  0.05245985037250958  0.05798858508073633
  0.06353852467560391  0.06915258406830410  0.07484803010603872  0.08056652029047386
  0.08630574691261586  0.09208511038214980  0.09790849144218745  0.10380994855283371
  0.10980277504744680  0.11586476120449571  0.12198311837327901  0.12814479382214075
  0.13433070495185981  0.14052075513541698  0.14670768110639257  0.15290739461546313
  0.15917765002117940  0.16555866052715573  0.17197198166178218  0.17840225984557762
  0.18488044071391424  0.19143399121492444  0.19804516755312504  0.20469855437472723
  0.21142470840857891  0.21825371291160001  0.22514846715817199  0.23202368409249466
  0.23888503923206555  0.24584040652964237  0.25289720434383395  0.26001050849232582
  0.26723025654717475  0.27459533920303131  0.28211959346489701  0.28972209708363150
  0.29728123646425969  0.30497856465567941  0.31274723113682618  0.32068954406164268
  0.32875506408164940  0.33692122920840756  0.34521300837843827  0.35358070285211396
  0.36197516006427893  0.37045989664069973  0.37908302230589136  0.38787857608957527
  0.39677175322243691  0.40580643810299483  0.41504611367610228  0.42452272613473413
  0.43412549148628748  0.44389008665528173  0.45388821468256751  0.46408538995758802
  0.47441969678705820  0.48493357368669276  0.49571093135763811  0.50672844701054987
  0.51798378846274240  0.52951897129718606  0.54139285967768080  0.55348767392587117
  0.56591318268585200  0.57866722731165821  0.59187156314177625  0.60537969697306704
  0.61922435118239971  0.63357865262324076  0.64854909713270170  0.66394236215486802
  0.68014147303438222  0.69727096498876973  0.71519302468774038  0.73414181615095297
  0.75436183914988697  0.77597076932211839  0.79944019042605019  0.82549080649385165
  0.85476314140595977  0.88909231207354322  0.93421248348067676  1.00000000000000000
 -0.00226543183561147  0.00907365323170021  0.01904643460490252  0.02970427205781674
  0.04040346507627733  0.05071884352358834  0.06144937656538633  0.07167774529540727
  0.08213986328934350  0.09247995412824012  0.10299454125461996  0.11342284059764605
  0.12408237291893773  0.13445594797469054  0.14504913421335572  0.15562851920224816
  0.16621289155601895  0.17676676857238388  0.18730712537254021  0.19790483483172819
  0.20855783319215043  0.21888008200013387  0.22917256511643086  0.23967616001751849
  0.25025721305562837  0.26102354621328161  0.27176588378776362  0.28215138274040319
  0.29259717364327686  0.30281790041521151  0.31336627232410569  0.32396122747969897
  0.33452175318557709  0.34520818044895063  0.35601175470996249  0.36670567113497360
  0.37719867960010561  0.38763585320870408  0.39816292236386003  0.40891285915045578
  0.41927512106065690  0.43007590710444565  0.44054484805301275  0.45141538012153909
  0.46194122446270897  0.47253258972990958  0.48304074629301291  0.49345529174467950
  0.50402533130093286  0.51462356331494052  0.52529055715862527  0.53602835331785725
  0.54667211070956134  0.55740113762777488  0.56793210506953251  0.57848790371177894
  0.58909269908467388  0.59963522582732176  0.61016889371308014  0.62065053663791903
  0.63115660183759537  0.64169625364332472  0.65217100707860076  0.66279966256842338
  0.67333971192564357  0.68404498605084130  0.69481424031548911  0.70542221240205394
  0.71603252790645833  0.72654666826906489  0.73718015359557598  0.74772846477129207
  0.75817660175499568  0.76861896269225949  0.77908824369407870  0.78945230797827703
  0.80021386987421261  0.81106518220067314  0.82193378629942881  0.83257677673925734
  0.84317650818365986  0.85389647284821812  0.86440709962493478  0.87481737504625756
  0.88529582494762571  0.89592204428312994  0.90641392842862023  0.91692117507126525
  0.92743719004522673  0.93813279417627726  0.94845176956474286  0.95872695861044721
  0.96900048550681739  0.97937717380427280  0.98967579743446010  1.00000000000000000
 -0.01399745701112876  0.06346077770174408  0.10901561840757433  0.14423111765322838
  0.17335535511545441  0.19923279620250745  0.22308008074723146  0.24498534672601155
  0.26528138081204494  0.28431876984950627  0.30224943432858359  0.31926967198830936
  0.33539531560447439  0.35071576362409823  0.36541309022277529  0.37957688224062353
  0.39328275118201494  0.40676752734257809  0.41991579559448000  0.43262516830546327
  0.44498914267475992  0.45693595026536815  0.46863355190910388  0.47997425733830890
  0.49097705923678719  0.50163450547683741  0.51216081631308130  0.52255323771295215
  0.53283820475918042  0.54300670967498543  0.55304980112780455  0.56282220549817663
  0.57227518395943300  0.58153089289819537  0.59069203782313506  0.59974747201537160
  0.60864269217051103  0.61735357927609080  0.62592973665083840  0.63449193025689854
  0.64297407881896707  0.65135630366803809  0.65959011301803550  0.66762126049582393
  0.67547504795200231  0.68324785565004620  0.69104640448615862  0.69874177322927433
  0.70634046221588187  0.71381420615385394  0.72119433254708432  0.72853173367279989
  0.73596623879115908  0.74336662721174074  0.75066970268372246  0.75790352457765342
  0.76505129745806366  0.77206686412111059  0.77891505406849371  0.78572111841051628
  0.79249683974512342  0.79920424496327924  0.80584911771648327  0.81245947424599163
  0.81902555494711249  0.82558378233517504  0.83208807577583199  0.83853624212642952
  0.84492284440024978  0.85119738974629089  0.85735924284611376  0.86348810446248225
  0.86959185760442781  0.87564465780636158  0.88164211248821134  0.88760173491262884
  0.89353460621410308  0.89942948435176595  0.90530816345352727  0.91117173572686594
  0.91698780204293961  0.92276461674342070  0.92851966752583281  0.93424052059876717
  0.93990513809273213  0.94552305898022260  0.95112361892669861  0.95668842036762380
  0.96223097255484347  0.96774900536160302  0.97324982359724099  0.97870777677351684
  0.98412069108838585  0.98945262600367645  0.99479710637938212  1.00000000000000000
 -0.00230887248057413  0.00912547377608023  0.01951679863907795  0.03033630488083897
  0.04120530108490399  0.05178575603968680  0.06224589233184877  0.07292384206683519
  0.08329419220765252  0.09362681141040735  0.10377475333745131  0.11428521735149938
  0.12472314253806736  0.13491843881747348  0.14534822766393640  0.15588625915933596
  0.16633172831086923  0.17657295588905564  0.18698054792836066  0.19739730713314843
  0.20802441869154659  0.21842882488912110  0.22924557426393394  0.23966533612430418
  0.25029808860819130  0.26088668267499449  0.27147913194490597  0.28208884114004695
  0.29269918547144363  0.30331816126337485  0.31391733657065896  0.32440263234422945
  0.33499724720645579  0.34563114899953618  0.35628957781884091  0.36694794349170912
  0.37747966426709245  0.38779074512566741  0.39815842446634769  0.40839574296923109
  0.41886347276255237  0.42933197400832529  0.43969686576812245  0.44999449377600892
  0.46049354469640313  0.47125142714512414  0.48200370304197593  0.49256525832916670
  0.50315243700342260  0.51390702785826803  0.52455397322740160  0.53517324960479784
  0.54571604120625650  0.55657596961706723  0.56732042208443390  0.57802813345972837
  0.58861574024160934  0.59909405653526948  0.60946791813985979  0.61988242222558187
  0.63030229060018794  0.64100857675591127  0.65171735031368294  0.66261828937666811
  0.67328982375340318  0.68378323369830585  0.69432323346558000  0.70478138345595520
  0.71526604803838678  0.72561942709594063  0.73625829230463702  0.74695062935963563
  0.75756404184991188  0.76821668529283604  0.77865213496352692  0.78936002988432985
  0.79970338126124585  0.81052020959612403  0.82078218091895050  0.83126997684260906
  0.84154558348305575  0.85239851417664014  0.86286363977531499  0.87343517782239632
  0.88391508352098358  0.89452989823450990  0.90507394627613080  0.91546769398781114
  0.92614911160696700  0.93659272998022958  0.94714818104507692  0.95751366124810988
  0.96826967596831948  0.97893529894839937  0.98951676449528891  1.00000000000000000
 -0.00227051511666413  0.00916608342571099  0.01874996469277682  0.02951031466860371
  0.03996987255615995  0.05054822086148460  0.06100671362035417  0.07140143424429865
  0.08186959775134031  0.09233840121181230  0.10280025431889477  0.11337923788239340
  0.12355150219990349  0.13424490499881706  0.14462645275686431  0.15516204712948881
  0.16557171388473838  0.17621996972398435  0.18685897933000570  0.19738237997583175
  0.20786586662090026  0.21840444416359742  0.22902034115840711  0.23952762178976936
  0.25002158916208328  0.26047247529720385  0.27096738188535363  0.28148303918336626
  0.29207952091222933  0.30274937590560019  0.31346880254661136  0.32434518091587733
  0.33498615161598017  0.34573049879287437  0.35638978230949381  0.36720373618738000
  0.37787010167174617  0.38857575303906738  0.39932446160102070  0.41003297296801028
  0.42065800334460202  0.43120076638545612  0.44184608778839557  0.45243495612231810
  0.46299598850272711  0.47370452682682701  0.48427451832665502  0.49511099140129228
  0.50536052112573748  0.51583745283075078  0.52624203495033706  0.53675076242683328
  0.54711250164178138  0.55741642567979333  0.56771449917773065  0.57822446216385981
  0.58870481124131391  0.59920989024226368  0.60976182317290017  0.62025436058884731
  0.63088148657595422  0.64134317478166658  0.65177834341971075  0.66220380604464324
  0.67263799452109263  0.68321059425908715  0.69374432368429628  0.70423534275106014
  0.71490996703296139  0.72543731662229582  0.73608384993420239  0.74650980125582622
  0.75720798478055440  0.76783025667632587  0.77850202777825028  0.78902633217556983
  0.79947936286645893  0.80981581482890941  0.82015933256393181  0.83065715127333195
  0.84127168401683716  0.85202156297569620  0.86277075971280981  0.87327103841718767
  0.88382841492038888  0.89423113459687409  0.90509245407939187  0.91568854407657208
  0.92628109651610868  0.93684555009443771  0.94732839307852768  0.95799773660097698
  0.96832903172404072  0.97883628094022557  0.98934089905457290  1.00000000000000000
   6.6726488063534229E-008  -1.0000000000000000     
 F F F F F F F F F F F F F F F F F F F F F F F F F F F F F F F F F F F F F F F F F F F F F F F F F F F F F F F F F F F F F F F F F F F F F F F F F F F F F F F F F F F F F F F F F F F F F F F F F F F F F F F F F F F F F F F F F F F F F F F F F F F F F F F F
  <DiscreteSampler_grid>
  grouped_processes
  1 # 1 for a reference and 2 for a running grid.
  10 # Attribute 'min_bin_probing_points' of the grid.
  1 # Attribute 'grid_mode' of the grid. 1=='default',2=='initialization'
  0.0000000000000000 # Attribute 'small_contrib_threshold' of the grid.
  0.5000000000000000 # Attribute 'damping_power' of the grid.
 # binID   n_entries weight   weight_sqr   abs_weight
    10   10   1.691983831717556E+005   1.544024096502486E+011   1.691983831717556E+005
  </DiscreteSampler_grid>
