  0.00248724089041436  0.01586922229898522  0.02952071940617165  0.04165006981081986
  0.05338985545324841  0.06486927432266935  0.07618849649482448  0.08723451380126553
  0.09810777056683542  0.10875775539385985  0.11926323289594726  0.12980281925612827
  0.14056994708897225  0.15143966988680668  0.16222807099025890  0.17305547101391019
  0.18390152031235113  0.19477527275519887  0.20563471763980115  0.21642427275434867
  0.22721285054676138  0.23783691632050072  0.24842162173516025  0.25907202642139116
  0.26977482514991641  0.28036048072378916  0.29091222608489975  0.30146768150616177
  0.31210391797977366  0.32270790874638566  0.33329263780048601  0.34386347664698891
  0.35441112467401464  0.36495481661066703  0.37553591503149603  0.38612865311680905
  0.39659003936142628  0.40696345439217080  0.41736912916216923  0.42791763673551858
  0.43847523853073461  0.44891386900120472  0.45926903107706230  0.46953961669168798
  0.47970401331899032  0.48984464168528624  0.50006628257263908  0.51039917427835879
  0.52084528765362870  0.53142028555010890  0.54205368108904817  0.55262398738118534
  0.56307314754750470  0.57349116813036682  0.58393196084680510  0.59439930137445562
  0.60484981964479878  0.61530196705101203  0.62572897081584145  0.63610296216707818
  0.64642698120275521  0.65658297816143352  0.66665511432935076  0.67675965604908428
  0.68689354757399756  0.69708586587822263  0.70732744115471013  0.71761341855693417
  0.72792100518417568  0.73823036177045986  0.74859128956122334  0.75901441817640225
  0.76942008724669930  0.77974086050107028  0.78993163629613650  0.80004053747260861
  0.81019120101746589  0.82047912711464444  0.83083085504183773  0.84112841834331198
  0.85137336412841480  0.86160334656893878  0.87183386189390089  0.88200564259034209
  0.89209382790166125  0.90204098933230292  0.91192708600317318  0.92178230220667057
  0.93165832806856752  0.94139546538689101  0.95078415683373485  0.96009469901108091
  0.96905409827217170  0.97766718135069286  0.98561555033395198  1.00000000000000000
  0.00240821423866758  0.01622112005098683  0.02992156897839113  0.04197955128778058
  0.05382484982516372  0.06550920931368939  0.07694658594039529  0.08826352687428290
  0.09958440633492927  0.11089267630832714  0.12214701558720688  0.13324874701261230
  0.14421166952624376  0.15533780790389484  0.16647830605976463  0.17760862291454393
  0.18856987711514614  0.19949291676458297  0.21041905914890127  0.22127657511441037
  0.23196706056821262  0.24244130726305707  0.25290435837859082  0.26364014588744583
  0.27432170145975088  0.28482373355494522  0.29534337982696696  0.30607666116293430
  0.31689496912102078  0.32754449270106861  0.33811648308054387  0.34875780271322548
  0.35948993990787764  0.37024178397077262  0.38092144282585000  0.39153028919540073
  0.40208633632153579  0.41254629697748146  0.42309025785737764  0.43370390248861390
  0.44436377083198281  0.45496710544771291  0.46554966216271459  0.47613193116839564
  0.48666899383049578  0.49704491187303707  0.50740095794413187  0.51771937972216697
  0.52818729414464072  0.53875502771949624  0.54934225194114228  0.55993235879530179
  0.57044794211160266  0.58091874309897706  0.59137141355977640  0.60181371718389687
  0.61216331539056001  0.62247655035058513  0.63274983206872937  0.64305764882751781
  0.65337881909888096  0.66369262853897060  0.67410525242618236  0.68459182839989363
  0.69519216615094970  0.70576585536937375  0.71623365624917645  0.72651909309242380
  0.73678530217670035  0.74713329286089647  0.75754394283931503  0.76797639858044264
  0.77837381757134572  0.78880414201158233  0.79919302098301359  0.80950010376206116
  0.81976295828933121  0.82993228313417988  0.84006542652623972  0.85015003931530631
  0.86025391758935510  0.87033511820725507  0.88041238246562903  0.89044659998311959
  0.90048641207230085  0.91049079619362216  0.92044018054300680  0.93029223587119036
  0.94003252135504467  0.94973083582716755  0.95931025510629475  0.96855872689474998
  0.97724956389341722  0.98539150404254972  0.99347716520909113  1.00000000000000000
  0.00637333417692040  0.00803813730621614  0.00937886084164342  0.01065531815206816
  0.01187597969394167  0.01303467588887997  0.01418995550981455  0.01537028220334949
  0.01654315292510625  0.01772016733381149  0.01891488225236221  0.02014163920312117
  0.02141715677352141  0.02274459999335436  0.02408212852262139  0.02530805799397315
  0.02631977276855585  0.02731281848904178  0.02846655588033800  0.02969786952401832
  0.03094943696668810  0.03222091219083028  0.03353159696007256  0.03487447936191359
  0.03624057600523904  0.03763643968406123  0.03907094738207353  0.04054880873142307
  0.04206879399709818  0.04362606960939594  0.04523347525191388  0.04689223148297512
  0.04860693740586365  0.05038044521567897  0.05220901408476997  0.05409623059537325
  0.05603759933264719  0.05805041780755297  0.06013960376327361  0.06230331597008147
  0.06454162673625687  0.06684379460496154  0.06922288381289202  0.07168918028080981
  0.07424846494338548  0.07689928065088010  0.07964115730106221  0.08251420996194020
  0.08552652910791138  0.08867802341141402  0.09195565407581931  0.09535553773929599
  0.09888569168574013  0.10254919245495023  0.10634636417510308  0.11025975966632930
  0.11432107246928244  0.11859689681436604  0.12306692879567890  0.12773592469600081
  0.13260708915877756  0.13770245260745562  0.14300601451319142  0.14853982663426071
  0.15439027351633736  0.16057969649314693  0.16705554958575222  0.17381324141296667
  0.18093796129193915  0.18849209773966477  0.19644435228656537  0.20482822166375422
  0.21365847809930766  0.22301141792428297  0.23291695733226014  0.24344826618453239
  0.25469087487984138  0.26668445319838568  0.27948126775357229  0.29311380064833537
  0.30772813419715167  0.32360204622979150  0.34080334686905855  0.35930985247722758
  0.37946868536291772  0.40164421754434620  0.42610404667953589  0.45314457226169602
  0.48332164311507092  0.51773144033320662  0.55795394994455438  0.60621018048509567
  0.66782425412271051  0.76248434244000352  0.86013503787619294  1.00000000000000000
 -0.00103495990263293  0.00398979153790966  0.00930059783489347  0.01451746598466974
  0.01980975737236243  0.02519801567741191  0.03061997213314686  0.03602247621170876
  0.04143564755064211  0.04688900616034009  0.05239019112968776  0.05793954833137772
  0.06352093605061099  0.06913996966907134  0.07480181565262969  0.08053121128802904
  0.08630216005443923  0.09208853408045165  0.09785877719271727  0.10362558470638805
  0.10944025825845383  0.11533677325458488  0.12132253345675559  0.12737283964021920
  0.13347146968907708  0.13961577970501357  0.14581130954225757  0.15205401353964243
  0.15831542367303694  0.16460539957275774  0.17095441035507652  0.17738975280293390
  0.18391501354461495  0.19052482877395593  0.19718335410833651  0.20384638023355633
  0.21058233247270500  0.21740580101273388  0.22434780261696691  0.23137307044022556
  0.23850341574948086  0.24567518884591169  0.25289430318583367  0.26017180933773076
  0.26748875943670214  0.27486658569131361  0.28226260962154398  0.28974674388650989
  0.29731423699268550  0.30495442649394155  0.31274852639066236  0.32065390533626625
  0.32867674792087487  0.33681487248300246  0.34496769708663599  0.35329069705667032
  0.36165750275118902  0.37026384914828053  0.37903938346492805  0.38796986403136685
  0.39693529394873173  0.40607270846086740  0.41537466500539288  0.42481530692754887
  0.43429439113104701  0.44389433375895410  0.45379132556848278  0.46395188952709726
  0.47428675309512597  0.48477042392374442  0.49547232944970243  0.50640232985566103
  0.51757619237536523  0.52894013930526806  0.54061935075362599  0.55251793122867154
  0.56470763061437834  0.57710530028313456  0.58984371413362691  0.60321651171316037
  0.61704842109024094  0.63145259764569173  0.64637355112350448  0.66186348611839951
  0.67794242239912128  0.69488009868571110  0.71277997294122364  0.73162727145430584
  0.75159531985655947  0.77327894917398388  0.79692616270195737  0.82273120600552474
  0.85229561573805646  0.88734727125085477  0.93310178908871788  1.00000000000000000
 -0.00223247531553032  0.00898051972156137  0.01882097229126432  0.02970714570600616
  0.04023245171793972  0.05068991534602045  0.06122788933428529  0.07162535736136864
  0.08235334150460571  0.09271683573764568  0.10330885030905443  0.11379102953260789
  0.12408906944737096  0.13461021585054334  0.14488013761035262  0.15542322102060133
  0.16603803021857444  0.17658434299567549  0.18713668405771119  0.19781028073103993
  0.20853999394559453  0.21918162941069605  0.22974068670455156  0.24026238999054000
  0.25072941270991222  0.26115077464600267  0.27147900123190960  0.28204957781636736
  0.29261027158846059  0.30308388655095619  0.31351125205698804  0.32391744687123281
  0.33452809677177070  0.34501398084559964  0.35556708138645859  0.36627757177405013
  0.37705223811093336  0.38787847666819492  0.39864384349961451  0.40919736201716705
  0.41977600417147604  0.43008672935773412  0.44037394872764968  0.45065294694101499
  0.46110947888106424  0.47183620453680503  0.48255994792470081  0.49344148397741011
  0.50418364938131699  0.51507327808907899  0.52548185356939459  0.53627980902277073
  0.54653057633215707  0.55695974303327600  0.56744081718121797  0.57781251677906897
  0.58827458272348754  0.59861802327719271  0.60917700698444877  0.61971301427479641
  0.63020891978657967  0.64050941237196879  0.65075419931470124  0.66086542260472447
  0.67139125604498973  0.68201038444465201  0.69255007090866449  0.70303503623432495
  0.71351880089349917  0.72435491254835804  0.73495002380379093  0.74544168198804106
  0.75598934636461879  0.76657638030600794  0.77712395307458815  0.78761640997322602
  0.79808570115666011  0.80862831863536522  0.81901753650706421  0.82944038557519773
  0.83990840262733391  0.85063098921405444  0.86132441229419487  0.87198335735314403
  0.88264392704617733  0.89324241741389976  0.90398995891326972  0.91480560590762205
  0.92545700174943701  0.93611049507092914  0.94665643536683008  0.95748872361880422
  0.96824295224570933  0.97884327605354116  0.98945401312026604  1.00000000000000000
 -0.01430788405326784  0.06411300507268791  0.11021680071118667  0.14491065726430150
  0.17411274365694332  0.20015889698618641  0.22387032988177211  0.24591100043925709
  0.26652960445322693  0.28567443364631057  0.30362010815867146  0.32057199850263013
  0.33672516326148172  0.35228257183993616  0.36712441197746193  0.38143108027581896
  0.39529154900166652  0.40887388775877531  0.42180048092937528  0.43413869921270082
  0.44621167552402496  0.45817283765346117  0.46987818159941336  0.48125543789034692
  0.49242028922673603  0.50329222335840218  0.51383456305255926  0.52428565172347164
  0.53460340058085698  0.54457532653125607  0.55425939486546849  0.56391257410685358
  0.57354752979490520  0.58298873912807891  0.59210519233583070  0.60103031680257213
  0.60992304643633255  0.61874752107338715  0.62736532284921709  0.63572236043295349
  0.64394185565654416  0.65217213376923833  0.66048934458682362  0.66872383307321881
  0.67683611878206240  0.68474433967641191  0.69255914867273827  0.70041316199195547
  0.70821632086704234  0.71597776425623838  0.72359539425495478  0.73107433407818689
  0.73849693618882672  0.74581914724118481  0.75302357837221201  0.76008806507784821
  0.76706928905789196  0.77399037724204389  0.78090963739898955  0.78780054811584244
  0.79457487546100403  0.80120900803065975  0.80776043908295758  0.81426618125571015
  0.82072540562264040  0.82715588738731161  0.83353886073853845  0.83987527800186135
  0.84617848262994988  0.85244449485022200  0.85867028603287299  0.86487931684457586
  0.87106327658550287  0.87721916029870239  0.88328991306148985  0.88922717398144380
  0.89506869842229220  0.90087371503194102  0.90668487017391963  0.91249505207286263
  0.91826027921236142  0.92393246934489592  0.92953878887982555  0.93512780708318066
  0.94068604200003147  0.94622615205424976  0.95172703512025469  0.95716726927516571
  0.96257211851767233  0.96800197654200637  0.97344476706904248  0.97888630578377389
  0.98429238673239150  0.98959032082155773  0.99482593229644456  1.00000000000000000
 -0.00229828524851927  0.00913672724433214  0.01920353955826341  0.02998266610707673
  0.04061199039798703  0.05123385334528265  0.06199468604152841  0.07260604826649716
  0.08323312663511563  0.09356840614920225  0.10414231715733625  0.11461112396550464
  0.12537102270691203  0.13579879100860054  0.14633215015078588  0.15674359165851220
  0.16730075791885238  0.17790991412186105  0.18844694490353778  0.19897643701094417
  0.20946440470008179  0.22004277048180368  0.23052187060519189  0.24113744648541507
  0.25156448102391732  0.26202561164352617  0.27230689913901374  0.28286262212387198
  0.29345095600564342  0.30408492647434510  0.31463324078827626  0.32523924692697753
  0.33584709201134572  0.34638964462424549  0.35700466234790929  0.36761585089431370
  0.37821904211133112  0.38906844911097693  0.39982020442496130  0.41057182162357325
  0.42130401726642869  0.43183809525487743  0.44241857275812396  0.45287824423827133
  0.46356989608727805  0.47426090997073661  0.48482110881422141  0.49534986587896401
  0.50557385283694878  0.51575360919351232  0.52611851290464018  0.53659236290243773
  0.54725607866873571  0.55777224019657567  0.56841536077041976  0.57900380756301495
  0.58940099146929692  0.59974145319932726  0.61016374959054498  0.62048899713878181
  0.63080927613754401  0.64108598791295768  0.65148042591352517  0.66202566719725131
  0.67269564880829591  0.68345418979934847  0.69401521570659286  0.70448403389687586
  0.71504701703439710  0.72574398131407958  0.73638119956050196  0.74712558004531615
  0.75746523915291808  0.76775266474863380  0.77808326381648296  0.78867124783049480
  0.79925616544103972  0.80968898483426666  0.82045376510506496  0.83099999043716999
  0.84171478823890133  0.85223135928464744  0.86320762120053252  0.87410330769794464
  0.88514060942529393  0.89594114585840157  0.90661438929878635  0.91698372558884256
  0.92723255332583998  0.93761690216680571  0.94806513730158781  0.95848616455628599
  0.96873038577670656  0.97884682118678901  0.98938033431306804  1.00000000000000000
 -0.00227467004051497  0.00895904618419067  0.01916299285999913  0.02983113918846773
  0.04059078008085557  0.05097543395877233  0.06128892616027046  0.07174171957442584
  0.08238375448579030  0.09317450108022324  0.10368150023900111  0.11425784427211010
  0.12490814812084421  0.13535675718882820  0.14579908645409809  0.15586889831849896
  0.16607272124319478  0.17656643269271688  0.18698939686391469  0.19741145813020791
  0.20783140739076938  0.21830524430757109  0.22916264189346294  0.23961693845541351
  0.25013149827238879  0.26055082077558700  0.27128244406911789  0.28215033145181595
  0.29291127722102195  0.30358322806323890  0.31422636139390170  0.32498090233758908
  0.33557056154663645  0.34609871702604816  0.35645398762179953  0.36695604086409733
  0.37735400816528542  0.38795266159082004  0.39852615026428373  0.40921171780055249
  0.41966939989069263  0.43017484915725523  0.44055477841453372  0.45117331384366205
  0.46167661204776822  0.47246912650900663  0.48327837797619655  0.49401821762553305
  0.50466310077429044  0.51507749802831648  0.52552701454595629  0.53625493089188125
  0.54689122794777256  0.55752435114095944  0.56804421823983786  0.57858673837551577
  0.58930927813216583  0.59991159845646880  0.61052224969200408  0.62121089372792804
  0.63192801249602959  0.64276969730108224  0.65334723786519933  0.66395891994473888
  0.67453711694203378  0.68508548949409465  0.69563346484146371  0.70610011421405816
  0.71672150618945363  0.72734369549622457  0.73801427783785956  0.74860379063917937
  0.75896809038884971  0.76934833435564332  0.77967666426144500  0.79011463192535802
  0.80045744688222442  0.81087400999485537  0.82134629560955785  0.83205302353945176
  0.84252213495580341  0.85318567457333128  0.86341927139956132  0.87380014589930144
  0.88423860257759956  0.89450397188378317  0.90471683532993474  0.91474993726564990
  0.92549381925656260  0.93612528967052999  0.94679896300507671  0.95720718862444509
  0.96779314364085911  0.97851300369583338  0.98920090530661786  1.00000000000000000
   6.6621451153102363E-008  -1.0000000000000000     
 F F F F F F F F F F F F F F F F F F F F F F F F F F F F F F F F F F F F F F F F F F F F F F F F F F F F F F F F F F F F F F F F F F F F F F F F F F F F F F F F F F F F F F F F F F F F F F F F F F F F F F F F F F F F F F F F F F F F F F F F F F F F F F F F
  <DiscreteSampler_grid>
  grouped_processes
  1 # 1 for a reference and 2 for a running grid.
  10 # Attribute 'min_bin_probing_points' of the grid.
  1 # Attribute 'grid_mode' of the grid. 1=='default',2=='initialization'
  0.0000000000000000 # Attribute 'small_contrib_threshold' of the grid.
  0.5000000000000000 # Attribute 'damping_power' of the grid.
 # binID   n_entries weight   weight_sqr   abs_weight
    10   10   3.824537323574445E+003   3.738731270393429E+007   3.824537323574445E+003
  </DiscreteSampler_grid>
