  0.00252191687757833  0.01601124302170074  0.02915841235371863  0.04089936197649131
  0.05213433553104750  0.06319068631757171  0.07440823296683234  0.08556539167883001
  0.09659177227207127  0.10758926761210251  0.11861899133403848  0.12962018650853405
  0.14062083395081670  0.15163772079477025  0.16259383036732572  0.17338436170410607
  0.18402893099183376  0.19464293498298960  0.20525849852747405  0.21587721307051774
  0.22650107890383989  0.23726487748019384  0.24812885533336640  0.25902664650848345
  0.26987138312975051  0.28075081732620177  0.29168782481816879  0.30254562389183326
  0.31323516769378090  0.32388622666576633  0.33450015530378235  0.34507892313660193
  0.35562491100467997  0.36629208617115128  0.37702435389196792  0.38772667306392716
  0.39828240530619174  0.40879618063584444  0.41942275367221576  0.43018788292883531
  0.44088731585164626  0.45136148720866898  0.46176655622702534  0.47219696268090611
  0.48265959914661111  0.49315970421887950  0.50370835641302480  0.51434296401657431
  0.52489907178478834  0.53545528197348036  0.54603321361812174  0.55666711593694196
  0.56728250943411884  0.57791438309702037  0.58857289103141308  0.59916822824740756
  0.60963083215046365  0.62001294071523017  0.63046409321117480  0.64095189929926433
  0.65141967132617362  0.66186888463848947  0.67232569202103121  0.68275228883133310
  0.69310936429355707  0.70350339575093679  0.71397559980468162  0.72452434319623293
  0.73497370463209422  0.74530426545617545  0.75557723893720818  0.76589248020279921
  0.77624154806300816  0.78648685196731860  0.79667094059292543  0.80689092129488227
  0.81724334382491448  0.82762497185670858  0.83791375161934412  0.84808395504383316
  0.85821001709495870  0.86827012774295731  0.87824478001129380  0.88816870562493222
  0.89817118449752775  0.90820211562811504  0.91820554700331947  0.92811043726128417
  0.93793375753060682  0.94769776972423991  0.95738969685026831  0.96685445310290774
  0.97590992958039158  0.98441677137432315  0.99226940597716107  1.00000000000000000
  0.00219677928181216  0.01682709223146436  0.03082171059821185  0.04268122586607723
  0.05445422034305768  0.06571309264796638  0.07664049427571565  0.08750066376174015
  0.09853917241345798  0.10942517178913592  0.12033351129976996  0.13130908937184776
  0.14231760921659517  0.15328015454213129  0.16425988671290245  0.17526274570813685
  0.18630373038120335  0.19724658624840655  0.20810704749693118  0.21890152630531001
  0.22965420396567679  0.24039450955731470  0.25118361136947920  0.26198209631814973
  0.27272504860968749  0.28339880769550674  0.29415847284253027  0.30504730718065043
  0.31594977178817535  0.32682154760406168  0.33771534953672583  0.34859416684492001
  0.35944249523763616  0.37029757347143388  0.38116717032963088  0.39196190043661672
  0.40262438510460147  0.41319775557871802  0.42375824357518188  0.43425734928539667
  0.44458656328095114  0.45491420522259601  0.46545618794091276  0.47611141315414529
  0.48662451585436906  0.49702639936370291  0.50750787127293440  0.51815617483236542
  0.52880920660767994  0.53943119301815812  0.55004125514733593  0.56065753379042327
  0.57124141389171845  0.58184605424914926  0.59244923052938236  0.60313413891070411
  0.61376021890204313  0.62427980835158625  0.63470535151252572  0.64507385726452815
  0.65553624104021979  0.66596722056152968  0.67643678621815362  0.68687956597586786
  0.69730584397272943  0.70774554866975581  0.71825397167615945  0.72880911199559095
  0.73931037434300295  0.74965028092631814  0.75992405502228544  0.77007830544789102
  0.78013619614416985  0.79026845025100823  0.80057299593794484  0.81100566614081593
  0.82137621901444402  0.83181199030407704  0.84220054927195598  0.85245331709833527
  0.86248507538259622  0.87257429154449340  0.88274777836264484  0.89290210652152346
  0.90295315574416068  0.91291277653914915  0.92284753839741562  0.93281357960497790
  0.94278672887639881  0.95256616587599019  0.96201943604336659  0.97104657359966884
  0.97942630772784378  0.98674968773375815  0.99355284128697541  1.00000000000000000
  0.00638730732188565  0.00790762836010737  0.00907195915168846  0.01021599353018394
  0.01137424803816801  0.01254909988958511  0.01376879991757710  0.01495713420735469
  0.01615937025936984  0.01736279338630153  0.01857599027596480  0.01981691144750685
  0.02109014155734689  0.02236349250419946  0.02361171008071460  0.02486247592721811
  0.02602746527539808  0.02700615704718453  0.02806540540061624  0.02930837910828975
  0.03057680151468225  0.03185559854476663  0.03315698010361578  0.03448676901215687
  0.03585965395346613  0.03726546408429091  0.03869706452180215  0.04015741580191289
  0.04166157982329888  0.04322874534433314  0.04484974950970372  0.04651766887423265
  0.04822373839726366  0.04996449959568679  0.05175255318484308  0.05359244248121159
  0.05550300907667220  0.05750111892399719  0.05959235066473310  0.06176705940008741
  0.06401905334109098  0.06635025827971328  0.06876731512966042  0.07126216023622006
  0.07383611691299541  0.07648280065427956  0.07919875600594804  0.08201994796906401
  0.08497836971191548  0.08810024098832972  0.09136511703321008  0.09475070820188027
  0.09824897570003983  0.10187788645068320  0.10566559971089116  0.10961409317417424
  0.11372209636610052  0.11795656220744274  0.12234506422073665  0.12695995715402109
  0.13182444290024356  0.13696525870235077  0.14235090516000862  0.14795410410329357
  0.15374123762847597  0.15978319972342164  0.16616520437213236  0.17292700077988490
  0.18001666956226328  0.18747234427925508  0.19531065861080577  0.20358890669977861
  0.21236711296231445  0.22164387313951450  0.23142655940250034  0.24177757156746513
  0.25278475937966299  0.26455988042330120  0.27718532635309789  0.29084928747305733
  0.30548561527349283  0.32120470149026153  0.33805540164740161  0.35630238528745251
  0.37626601286301731  0.39805673630237148  0.42171897834847993  0.44770958556030693
  0.47692233056512412  0.51023501751575107  0.54889190793965348  0.59558461734282575
  0.65431871620254844  0.73779535278205355  0.86449823671852766  1.00000000000000000
 -0.00111579982148357  0.00421623377699934  0.00958843583041860  0.01497347061397964
  0.02033884622180914  0.02568926413717642  0.03104758303125344  0.03643672864015918
  0.04186423451710609  0.04736239717298765  0.05292294623342022  0.05853451015991924
  0.06414916056303510  0.06975388763773406  0.07534844131868976  0.08095929905831467
  0.08664605800428371  0.09241334352180301  0.09819848542695707  0.10403453166298021
  0.10996215986320118  0.11597549286573292  0.12206080362200382  0.12819063970562700
  0.13435982977781813  0.14056026248218481  0.14677843225080311  0.15302298503600736
  0.15932453479421629  0.16570944334200716  0.17214959243425956  0.17864451685572469
  0.18521963379389644  0.19188979108617471  0.19863185098392613  0.20535703548908663
  0.21204713254602556  0.21877083281939147  0.22561485122208444  0.23255864713455440
  0.23958884324954224  0.24665204534233612  0.25378138700809050  0.26091511710265552
  0.26807599880369554  0.27533851514562463  0.28270619467144903  0.29017017701009395
  0.29774688828124890  0.30545173583538110  0.31330456314345989  0.32125399051867182
  0.32921942364477697  0.33725813647753994  0.34545007367491104  0.35381261913007667
  0.36245851593088002  0.37116440442153281  0.37988847864580721  0.38863404769790816
  0.39754734366646449  0.40664566760049670  0.41585617518281437  0.42515179029933686
  0.43458238181107445  0.44426624376260698  0.45413358469519227  0.46424576809745172
  0.47464477576014330  0.48529709418776451  0.49622687195724063  0.50743071025049402
  0.51883326118849793  0.53023387400076116  0.54175058025542167  0.55367094643913883
  0.56596221826396398  0.57850492479682980  0.59152740323595421  0.60488786932277738
  0.61867142062533242  0.63296976239338198  0.64785930967752192  0.66332649924068843
  0.67941671849180207  0.69631470188439959  0.71407787128354638  0.73278376404812939
  0.75265640231058795  0.77380712731579904  0.79692661348998417  0.82286200514153163
  0.85228062852746767  0.88719439614027984  0.93328245411816058  1.00000000000000000
 -0.00241296184924450  0.00941267095201521  0.01925638079316149  0.02966295456629159
  0.03975317871889972  0.05003763449746928  0.06068355083168535  0.07104222693868448
  0.08158777304711251  0.09221860605477100  0.10272603665095176  0.11326587084162874
  0.12377548196830737  0.13454342205934133  0.14540488282334099  0.15597039893844233
  0.16666497664994140  0.17712747078617722  0.18760462985440121  0.19822062622101042
  0.20865310828880232  0.21923149508690457  0.22958552053915929  0.24000285583652295
  0.25039366553690334  0.26076462696299912  0.27150725229528327  0.28224645099884865
  0.29301704963020409  0.30363025037913094  0.31426696210811983  0.32499429353463216
  0.33579913829888808  0.34649835243076021  0.35715284546654008  0.36790913227382982
  0.37858484786076019  0.38908496235993117  0.39952428926005185  0.40986955155780863
  0.42019577501277966  0.43059921986041272  0.44108975451788651  0.45179289698151914
  0.46246546045481052  0.47314759875353712  0.48389764077244751  0.49454752231617205
  0.50514408855121995  0.51562012366700682  0.52612323787849913  0.53688287602793150
  0.54753699758751162  0.55819699602166539  0.56872688010533579  0.57948444625881701
  0.59014393791546516  0.60081938822528880  0.61138065935345276  0.62188917347860617
  0.63241951540291930  0.64287967816888236  0.65356502103723002  0.66425681364721778
  0.67486152572698077  0.68528330349589450  0.69579432584349077  0.70631378438826642
  0.71676723863467817  0.72718400042715992  0.73770939281399384  0.74827751712531454
  0.75894759193298489  0.76959634912043806  0.78046606179403422  0.79102223943692218
  0.80148474612303044  0.81169302553611467  0.82213578999634274  0.83262640844995284
  0.84292412723866894  0.85313941307015262  0.86345043124320087  0.87371174685709574
  0.88411638174997609  0.89448069528256691  0.90510631687353971  0.91591045381535241
  0.92611160467277087  0.93681736887317979  0.94719538048190610  0.95762104616543897
  0.96804955891708744  0.97854817202117794  0.98931716600137920  1.00000000000000000
 -0.01398474896622585  0.06318648740926694  0.10893341935782867  0.14450364247131611
  0.17447522342821098  0.20083165922694482  0.22439958907105154  0.24574171841693268
  0.26556988214177080  0.28452208031060200  0.30246623362546066  0.31935158243093881
  0.33557121857770961  0.35121440043289959  0.36630066575175685  0.38090898175448634
  0.39509201937455934  0.40884058365927500  0.42184289479370368  0.43428355838381927
  0.44645900136891642  0.45832842723801515  0.46967845162663285  0.48078449563599612
  0.49187200420350913  0.50285481926398556  0.51355153121360864  0.52408283583526727
  0.53456428433190095  0.54488911915736760  0.55493147121535680  0.56468017698985951
  0.57427735393865065  0.58382469917093982  0.59325063095377195  0.60243610291216476
  0.61143586997797827  0.62030167916571388  0.62906572785074744  0.63770908505296486
  0.64613255175727236  0.65438822358071669  0.66254096069478552  0.67068296055051768
  0.67868228383875873  0.68656402839861896  0.69436821542906979  0.70206894198113767
  0.70967265076078068  0.71719903042346855  0.72465510180097914  0.73207980492293701
  0.73941200007926622  0.74666731892749916  0.75382754747599279  0.76094684918745681
  0.76804925447626782  0.77512805502327675  0.78213752090013411  0.78902679821703559
  0.79577509674366420  0.80244548116589398  0.80906452477406920  0.81559368580304770
  0.82201431580622075  0.82839398049502000  0.83467806374555253  0.84086165844819738
  0.84698222218038799  0.85305557916829655  0.85911521985111861  0.86512462729192208
  0.87110813830886236  0.87708751932729401  0.88307631610360160  0.88907365804034610
  0.89503939340239203  0.90096376522810584  0.90682897662571538  0.91260261681690302
  0.91828431021309931  0.92387859703295350  0.92940113585563255  0.93491137231699073
  0.94046108558393715  0.94602038798596799  0.95156085074055385  0.95706299102474301
  0.96251538578886942  0.96792927978520016  0.97332607832396667  0.97869783775914021
  0.98404959356062049  0.98938511184335409  0.99470289037060744  1.00000000000000000
 -0.00236925559800763  0.00927299601501016  0.01951492842557718  0.03024314655474569
  0.04091375494020467  0.05164545558639759  0.06241114414111618  0.07322705698147465
  0.08407790268457289  0.09482837815115944  0.10552275319053077  0.11617231579400601
  0.12675513930515692  0.13729911952732649  0.14786400257826154  0.15847558875835438
  0.16893914146073660  0.17923118166578481  0.18967453512845722  0.20023633828633702
  0.21087345275465133  0.22143586586550862  0.23200620297178895  0.24252208005667064
  0.25312432506542393  0.26381750933887971  0.27466809733465336  0.28529683977412845
  0.29580416129937309  0.30622866594153875  0.31664306615058979  0.32717275260595741
  0.33744926594749225  0.34761447708468085  0.35785620923606914  0.36836442413859960
  0.37885908093621617  0.38924368487895084  0.39951153102569675  0.40975369460607491
  0.42012469002815478  0.43051208709733857  0.44094363224278593  0.45107725610814758
  0.46141579182460613  0.47183944058066329  0.48218339920842407  0.49262524209422348
  0.50297006209116668  0.51362088738431799  0.52422419019517608  0.53492750100917319
  0.54558992823687968  0.55577111607669760  0.56627547617984264  0.57667958963689048
  0.58706428775014818  0.59744296148795883  0.60789113432694319  0.61851541740224902
  0.62904723554484721  0.63962117252062944  0.65024393891229559  0.66096945453091260
  0.67173037373757039  0.68249619870208800  0.69314497130220831  0.70362150817797120
  0.71404301912074131  0.72465354579650343  0.73545416144339704  0.74647429004770194
  0.75720033564143696  0.76759750029658369  0.77791505719698439  0.78814066331766097
  0.79836048188748265  0.80860767164759972  0.81880005858881089  0.82916454499027359
  0.83949007703418532  0.85014379773378301  0.86082789541769489  0.87158325845569506
  0.88228493558898724  0.89299043187938987  0.90376544953388960  0.91447368414045660
  0.92532566353790269  0.93615758322476794  0.94690624305558646  0.95757916944349541
  0.96815632237933169  0.97896360073818267  0.98941977468479070  1.00000000000000000
 -0.00236094422564263  0.00929009470654882  0.01927361416593123  0.03006848201459697
  0.04058098190473543  0.05099811732017893  0.06146330532561404  0.07218332319958741
  0.08300984184381177  0.09385249621050609  0.10448903906834760  0.11510005373806109
  0.12572184965817049  0.13646029408545712  0.14714967484033045  0.15781644084695234
  0.16856920621974292  0.17932954507932511  0.18992207022051175  0.20042066887641299
  0.21082168158692782  0.22118673264908784  0.23167185634517123  0.24209520164856851
  0.25257876510608374  0.26310820528269507  0.27371822775649801  0.28442115645259475
  0.29504835412222635  0.30566849850679878  0.31643268446926154  0.32714251601208483
  0.33773361718088496  0.34816861157001139  0.35871133898138091  0.36947963439413073
  0.38011043090681768  0.39057493505039415  0.40088509638837050  0.41110028748954142
  0.42130309860409376  0.43136798948430266  0.44198373487281395  0.45274426582050098
  0.46341882133680617  0.47406893636380215  0.48444498201296227  0.49475051682089577
  0.50496908203114155  0.51525046452418255  0.52565228606297210  0.53586955912221157
  0.54630844990094329  0.55685746758350496  0.56743362878608383  0.57790395455969246
  0.58837123559126503  0.59894454992887902  0.60947007053819191  0.62023110893705613
  0.63068846420790126  0.64101174077975576  0.65137795683776023  0.66171605081385720
  0.67195112788437128  0.68221220124983550  0.69257950872913121  0.70331899655456942
  0.71383838986861015  0.72429977821513181  0.73480821881763880  0.74528299149609212
  0.75580478195574519  0.76618434559051063  0.77676675310404253  0.78718754848770811
  0.79773639971379717  0.80807580801167433  0.81859487643483264  0.82921681721604379
  0.83987170603972638  0.85073864427072010  0.86162905435702020  0.87237887058845653
  0.88312380939852142  0.89393289828815037  0.90470238871860498  0.91565051134605813
  0.92607915970582932  0.93656118497371388  0.94713982135837838  0.95761485696581916
  0.96824832432142305  0.97854050901505385  0.98927586127392031  1.00000000000000000
   6.6740527010179066E-008  -1.0000000000000000     
 F F F F F F F F F F F F F F F F F F F F F F F F F F F F F F F F F F F F F F F F F F F F F F F F F F F F F F F F F F F F F F F F F F F F F F F F F F F F F F F F F F F F F F F F F F F F F F F F F F F F F F F F F F F F F F F F F F F F F F F F F F F F F F F F
  <DiscreteSampler_grid>
  grouped_processes
  1 # 1 for a reference and 2 for a running grid.
  10 # Attribute 'min_bin_probing_points' of the grid.
  1 # Attribute 'grid_mode' of the grid. 1=='default',2=='initialization'
  0.0000000000000000 # Attribute 'small_contrib_threshold' of the grid.
  0.5000000000000000 # Attribute 'damping_power' of the grid.
 # binID   n_entries weight   weight_sqr   abs_weight
    10   10   8.741199257479941E+004   4.156157998584771E+010   8.741199257479941E+004
  </DiscreteSampler_grid>
