  0.00246385549063604  0.01624213829163107  0.02963350402171681  0.04157629906769164
  0.05315024770874855  0.06446858486846874  0.07566352266445001  0.08684394442035073
  0.09795733811790888  0.10903129684238347  0.12013873913724048  0.13128925391670174
  0.14250055436414025  0.15360365913451035  0.16468336494834904  0.17573835693398138
  0.18678513636326324  0.19773504382191448  0.20866088110816217  0.21956882023483940
  0.23035131598313552  0.24086571798162734  0.25139313074426839  0.26205766121014723
  0.27260438754172756  0.28292468344381877  0.29328780984625230  0.30393040466712362
  0.31456640378454820  0.32484165328387765  0.33511766680392474  0.34555832705306361
  0.35607106319599441  0.36653201776673960  0.37688867145107297  0.38724197687615447
  0.39765792456506299  0.40813607826857867  0.41863380794407629  0.42914087410781165
  0.43966656479956684  0.45020853746040268  0.46077128521420824  0.47137012000898887
  0.48198356637810624  0.49261199642850717  0.50324738155639714  0.51384758856825863
  0.52436989031669778  0.53487166396680097  0.54539576290379665  0.55595313831899806
  0.56651570478632762  0.57700610254756712  0.58741479679912301  0.59782567371433770
  0.60831022529215184  0.61886569361124266  0.62941039632808293  0.63993649644817996
  0.65039382428324555  0.66077835138307950  0.67117304631481522  0.68166200343053429
  0.69225762588089246  0.70284366396344444  0.71338337142397901  0.72387882200751608
  0.73437000249097595  0.74478914109790895  0.75516503809806468  0.76551097693431336
  0.77592636546387916  0.78637234313730031  0.79677729347209947  0.80712315025491832
  0.81749015949472881  0.82790640640740731  0.83830343013173714  0.84863322589475998
  0.85897848179532565  0.86932351721312462  0.87961550338277827  0.88981761273591264
  0.89993465448665533  0.90999704133420944  0.91993552093384756  0.92977920552716875
  0.93953548914800378  0.94922300238895729  0.95873549511947798  0.96792699414761374
  0.97670703212867127  0.98497504170861494  0.99353384153515534  1.00000000000000000
  0.00231891383057971  0.01647401058040359  0.03046921610362634  0.04275531657739703
  0.05452599972565923  0.06610961319557955  0.07741182793249773  0.08856164164402125
  0.09939005542484775  0.11031561502963110  0.12099221133382053  0.13152337836741351
  0.14198981513694903  0.15258926875048842  0.16333346562134399  0.17398562242396817
  0.18450236658020738  0.19505994940471461  0.20565793335729440  0.21624311815811223
  0.22669132164914466  0.23712126300427588  0.24760644913721822  0.25809993793760050
  0.26858907014765349  0.27913083087960378  0.28977660791588078  0.30049767653368775
  0.31124253722237644  0.32190090072116645  0.33250466688678992  0.34312131277797270
  0.35371749908330685  0.36425287211214114  0.37477265893763273  0.38533594852236097
  0.39596308769561067  0.40661637385945726  0.41736942981167685  0.42813480405278753
  0.43873136379479449  0.44898678118907137  0.45913124232754871  0.46940775050938582
  0.47983824462020774  0.49037946526215614  0.50097498345719782  0.51163459525540056
  0.52223022692277188  0.53275140870935356  0.54321947715734742  0.55365551497872356
  0.56405003331302850  0.57443994879393467  0.58486725063400280  0.59535749217694733
  0.60586167324073614  0.61639163451644940  0.62692367685764050  0.63738996152665695
  0.64777474775472288  0.65814945065934605  0.66853288974540603  0.67888958694429968
  0.68926173043367001  0.69968022384390915  0.71005315485964760  0.72026460947791127
  0.73035179674934447  0.74058880025070239  0.75102761922880212  0.76157937698657219
  0.77207250593622079  0.78249274122436041  0.79292240368120748  0.80333529044464647
  0.81366621342640855  0.82375750692838623  0.83374709240661626  0.84371491653590858
  0.85356375299836673  0.86345654644827474  0.87326612720312680  0.88314241000416471
  0.89297424214683652  0.90282714252012441  0.91271589547925935  0.92263499627202250
  0.93249449550191377  0.94218840780153124  0.95166244339086770  0.96093869962922118
  0.96996074596843596  0.97836390339662516  0.98680393579637204  1.00000000000000000
  0.00760583507708610  0.00856189991218908  0.00941614887047304  0.01042014431944867
  0.01147752280724557  0.01258654052384551  0.01373358967453238  0.01491335198061735
  0.01611690954934488  0.01733380922977102  0.01856705398127246  0.01983510745217886
  0.02114695427253142  0.02239647409700070  0.02362697284296603  0.02486283180997182
  0.02600324806996938  0.02699224465771909  0.02807192867783723  0.02928967975094162
  0.03054499755789837  0.03182409024307396  0.03312681427503436  0.03445005626991404
  0.03580113033672457  0.03718819113676154  0.03860884475322642  0.04006470567967466
  0.04156480248678530  0.04312035225671097  0.04473336941905001  0.04639086753383004
  0.04809878022916122  0.04985819147822965  0.05168446129390514  0.05357468964752965
  0.05553203441481274  0.05754554554290291  0.05962214158573069  0.06177761609472867
  0.06403317116876273  0.06638114168707718  0.06881468774233999  0.07130523040144975
  0.07389106119458044  0.07657794634504035  0.07936961914995491  0.08225183273943069
  0.08525428448407503  0.08839035264741808  0.09167471881649758  0.09510253826860450
  0.09867523027581024  0.10239462283736467  0.10620082380818481  0.11014957285874226
  0.11427410936895228  0.11860269158695400  0.12311164936945587  0.12774544866965426
  0.13258122406041245  0.13766737611297089  0.14297492895424688  0.14853389947198370
  0.15431015877572973  0.16046015956722473  0.16697630778181033  0.17379146085688621
  0.18088635836115730  0.18835351976754658  0.19629796938203789  0.20476349251360254
  0.21372134262901590  0.22320136824832382  0.23320235475611875  0.24389278361545713
  0.25540153209570410  0.26762235246295357  0.28063220567097308  0.29461853267459703
  0.30954895500371349  0.32549367295697446  0.34274972601931297  0.36151105791181315
  0.38182180592986903  0.40397708426787765  0.42859886462395708  0.45605851668314101
  0.48704757951727290  0.52251507610290415  0.56385070084719746  0.61430731128646909
  0.68281757266861987  0.79692660317276087  0.87108391696958065  1.00000000000000000
 -0.00095646151182411  0.00372917878848797  0.00902139045232371  0.01420746601103187
  0.01956715045245425  0.02499777128361110  0.03044297342073951  0.03589338256521558
  0.04135861585440934  0.04688120102084019  0.05246650768023770  0.05810705424487118
  0.06379202905866224  0.06953337670550165  0.07531459507882307  0.08109378097409195
  0.08687886357892050  0.09271037426776838  0.09861973406585119  0.10461623194502688
  0.11065189393712924  0.11668274919617808  0.12271413084428689  0.12879491098194837
  0.13495221050608078  0.14118014319026870  0.14748457122447817  0.15379140003521014
  0.16007212872921719  0.16640610340173992  0.17283941482427834  0.17938371061746000
  0.18600220285885488  0.19267956156422980  0.19945251963205493  0.20631844354662332
  0.21322095640991848  0.22007987498480255  0.22700789031919008  0.23385154805185054
  0.24071531789637235  0.24767761754706133  0.25468323913861424  0.26176025409136372
  0.26886317702961904  0.27617145263242099  0.28358341752583677  0.29118425911271895
  0.29899327084359478  0.30694034062567116  0.31490678061036065  0.32288336415763663
  0.33096166434997820  0.33906012848862577  0.34729351090062099  0.35568956733199886
  0.36416315039242603  0.37270100921536198  0.38123311413029648  0.38987730884983607
  0.39870064023822727  0.40767835958315840  0.41672411220986399  0.42582454350366655
  0.43509731112232852  0.44469935723916848  0.45453729585673919  0.46443473548181546
  0.47456826510473687  0.48494981669601483  0.49570275366136102  0.50671681394184043
  0.51791827633483523  0.52949908789779643  0.54120139348524898  0.55308355414549581
  0.56509594457991508  0.57761840004788967  0.59057428218949648  0.60430799937309221
  0.61856614003786048  0.63317611601872048  0.64803952478622728  0.66348613224222897
  0.67951935629856997  0.69620892073319129  0.71371420022381016  0.73238017185168491
  0.75244092335325985  0.77404139518050086  0.79757026950915200  0.82359254267324289
  0.85267591719210578  0.88698530157706834  0.93291446951544488  1.00000000000000000
 -0.00224981426525890  0.00892356286267134  0.01922200947755959  0.02992500488837348
  0.04068602241834074  0.05133087128509704  0.06198428402320547  0.07233783338920000
  0.08264021551683987  0.09298016947401709  0.10323978391489592  0.11369824612551013
  0.12397566607410324  0.13479899043125596  0.14539736634667780  0.15604434023808422
  0.16686018580160544  0.17768279035876278  0.18836379360731031  0.19897674790169712
  0.20955734535262224  0.22021065338937978  0.23079311519196333  0.24128822714924969
  0.25191507441675198  0.26270977387237909  0.27339517811084951  0.28399044129044498
  0.29461109707987665  0.30539532465837926  0.31605982255974563  0.32665798570074123
  0.33722933984535336  0.34810834501350862  0.35849604306804722  0.36882959156329792
  0.37916948730907801  0.38943475467471544  0.39966211853526296  0.40999396206708510
  0.42073540613849669  0.43153224092654857  0.44222506799815259  0.45260126161241060
  0.46339957014695188  0.47387495794317991  0.48448997047539971  0.49476696819051569
  0.50526533340937319  0.51586491299358084  0.52640917064087511  0.53690480288544307
  0.54729463569863424  0.55774700408667188  0.56814999954845613  0.57860848832879008
  0.58914143081405446  0.59959615753004425  0.61016417556971336  0.62079333949004367
  0.63148526849187170  0.64222578356492166  0.65277907955936976  0.66354535445570184
  0.67413559727189176  0.68471327366858681  0.69537085745947025  0.70597138806336290
  0.71683207380090230  0.72749384993268995  0.73807570087202279  0.74856802811847278
  0.75913590184069213  0.76949853825836345  0.77979670001994872  0.79017172190118901
  0.80083254256354131  0.81142723345472167  0.82175423441977102  0.83211144686772942
  0.84260338035996618  0.85315242411888337  0.86353239173564578  0.87387258797965073
  0.88438274865915001  0.89502569915651942  0.90560687376292681  0.91594415250838368
  0.92646899908238223  0.93710170805728266  0.94796519083325848  0.95859434024597900
  0.96876360170027609  0.97920864768338811  0.98959226008882517  1.00000000000000000
 -0.01422343332104084  0.06367122906794404  0.10921398950560154  0.14429527710422194
  0.17389260654262997  0.19988246310935237  0.22346585389369958  0.24550250564645520
  0.26623327537771407  0.28561558031978063  0.30364202600757423  0.32048325515504034
  0.33651256978844735  0.35184361930591262  0.36650464909045027  0.38072451286489067
  0.39467163055864252  0.40800414378050714  0.42087806008360579  0.43337741079861947
  0.44564739718631963  0.45773497631050825  0.46961399675389554  0.48119893286941068
  0.49253657546156965  0.50358558749365057  0.51446619881142019  0.52515250101967337
  0.53555060207710126  0.54566778578375497  0.55552142688038075  0.56525370476638248
  0.57479115278780668  0.58409397782340500  0.59322410972553219  0.60222842500543505
  0.61107292133289914  0.61975082227765188  0.62836547713307478  0.63698121534399177
  0.64551741306472976  0.65391778218403263  0.66215037518590580  0.67030096333045797
  0.67833615041281814  0.68627048444424932  0.69407815852088184  0.70178514484991783
  0.70938537923151890  0.71696211916767894  0.72448650826943994  0.73199195201133471
  0.73944988622041641  0.74680757079770244  0.75400570447383608  0.76106875750702063
  0.76802038735773082  0.77488350827342267  0.78165853577064770  0.78842497154338986
  0.79517458748178405  0.80184631682121144  0.80846807665632703  0.81506723575411755
  0.82164645657163871  0.82810462497077963  0.83445730360819881  0.84075704369351389
  0.84702794550371685  0.85327355953846340  0.85947746015808191  0.86564907157318149
  0.87178760050243131  0.87786770555693461  0.88387269662568624  0.88982014395714415
  0.89570267602534315  0.90150536384984792  0.90726489524767351  0.91297520876664007
  0.91862278843850875  0.92421869031976922  0.92976867421982901  0.93527645604696574
  0.94074936666039499  0.94620483923049048  0.95167173717210796  0.95715563909035772
  0.96261410159156979  0.96804475388026223  0.97343623148057334  0.97878033694285937
  0.98411143903396836  0.98940890827699646  0.99473158265543038  1.00000000000000000
 -0.00235738779345755  0.00922935192841496  0.01943400369803197  0.03010111303005781
  0.04060570820918449  0.05094087671986233  0.06128365162391917  0.07175147918236374
  0.08227210559421236  0.09273785826003673  0.10333552569462753  0.11420072586072556
  0.12475743549590998  0.13529315249555576  0.14581316618191745  0.15649943323417889
  0.16708031674795887  0.17731264343579936  0.18765975214469913  0.19829530619813676
  0.20895692431277740  0.21954204863467600  0.23012708667461187  0.24096724988954518
  0.25182030032572678  0.26231708158549327  0.27298837626281264  0.28355328519556028
  0.29407884214516167  0.30437132349012030  0.31485572866312167  0.32531922921860618
  0.33580869600727442  0.34633821802659931  0.35661782207782317  0.36722031710990743
  0.37744396912714767  0.38807658987860166  0.39853187898214282  0.40903778221524068
  0.41953592760280406  0.42975157006876363  0.44026945056379579  0.45063614585228851
  0.46108483956393270  0.47175130480410282  0.48209871894712636  0.49286646971235826
  0.50335808111893077  0.51407756028521390  0.52468411739906540  0.53517922263323747
  0.54575185063647624  0.55638076903237610  0.56709501292298214  0.57794348502763959
  0.58882324738215386  0.59976873959505483  0.61022918118593195  0.62065125423715584
  0.63128314453854995  0.64178976735504289  0.65237321213296828  0.66269818942016845
  0.67344248212251878  0.68430052594318613  0.69508901106487353  0.70568746265032201
  0.71638235265514538  0.72695772261950753  0.73759741730594997  0.74803659359273700
  0.75848017714529969  0.76897542438902744  0.77958466328422549  0.79029854713554726
  0.80081376667834980  0.81127850552875924  0.82174706535828268  0.83224389437956448
  0.84256933484354246  0.85298574692191398  0.86331163917318543  0.87334079436562451
  0.88355341807391408  0.89370984592570879  0.90429515371026603  0.91501873053834260
  0.92572739094883139  0.93654947590724191  0.94708098194215318  0.95773706750087828
  0.96827338289055531  0.97883340161762022  0.98935245884091716  1.00000000000000000
 -0.00227147281852385  0.00892963315870546  0.01902887421389342  0.02958649172170459
  0.04019229593599352  0.05087792775536205  0.06136161390118159  0.07211304584730580
  0.08280756067107990  0.09356163278833692  0.10424511041250768  0.11470033364596341
  0.12515993690194224  0.13556120462957250  0.14605424229122005  0.15668291831494097
  0.16719152307557283  0.17774436499952553  0.18823704258809179  0.19886573783066594
  0.20952737248010642  0.22026295880048047  0.23084417690802511  0.24117180982830963
  0.25154552288461018  0.26200015839027979  0.27234697022845855  0.28270171168683411
  0.29313564700395017  0.30378783021595940  0.31437816593050849  0.32492858946465508
  0.33547673641942038  0.34597318411440020  0.35632699939105145  0.36671694055131027
  0.37719713160253721  0.38779541134990497  0.39843438974364459  0.40904310536883393
  0.41972477252326107  0.43042325139034487  0.44105202523321141  0.45158650966460395
  0.46200651347742488  0.47245293421875523  0.48312161486710931  0.49372325484978447
  0.50449516665570238  0.51513620870253507  0.52589142308525050  0.53657900177550077
  0.54708359894357717  0.55753466965002396  0.56812531993685811  0.57873966322198878
  0.58947864831027919  0.59998666053390970  0.61071268586846084  0.62144325742658069
  0.63201619842797407  0.64254849802855385  0.65301998399663808  0.66351877162616357
  0.67394741582712991  0.68438163242789940  0.69477065591695020  0.70517679740605421
  0.71557543251491285  0.72595484951245914  0.73652978522502244  0.74668499365307084
  0.75731441463707572  0.76813058628243258  0.77855312071911864  0.78885951100691709
  0.79932263185900843  0.80978889307284829  0.82021564477838238  0.83038346359494053
  0.84104978565643029  0.85170828326542714  0.86209170713218319  0.87253590621308552
  0.88320520898363331  0.89390846182701944  0.90449456743950329  0.91509542398208576
  0.92579879809780419  0.93639758614182189  0.94706117587240790  0.95770885543346373
  0.96801206563448527  0.97861634916258256  0.98917389274113565  1.00000000000000000
   6.6707604153334560E-008  -1.0000000000000000     
 F F F F F F F F F F F F F F F F F F F F F F F F F F F F F F F F F F F F F F F F F F F F F F F F F F F F F F F F F F F F F F F F F F F F F F F F F F F F F F F F F F F F F F F F F F F F F F F F F F F F F F F F F F F F F F F F F F F F F F F F F F F F F F F F
  <DiscreteSampler_grid>
  grouped_processes
  1 # 1 for a reference and 2 for a running grid.
  10 # Attribute 'min_bin_probing_points' of the grid.
  1 # Attribute 'grid_mode' of the grid. 1=='default',2=='initialization'
  0.0000000000000000 # Attribute 'small_contrib_threshold' of the grid.
  0.5000000000000000 # Attribute 'damping_power' of the grid.
 # binID   n_entries weight   weight_sqr   abs_weight
    10   10   1.863473304936125E+004   1.012723353144867E+009   1.863473304936125E+004
  </DiscreteSampler_grid>
