  0.00250439410833611  0.01588467367010506  0.02932917070919931  0.04117203272436243
  0.05282384389043601  0.06425633895605735  0.07550408981951186  0.08653611640592256
  0.09743292876834295  0.10839237622338702  0.11925394330025874  0.13002307417542056
  0.14062650390587661  0.15126448732594083  0.16198236212770198  0.17274395364211839
  0.18344201631993351  0.19405995704699733  0.20466956541542408  0.21523143221049063
  0.22576578503191919  0.23629283472661602  0.24687073038930246  0.25763822954552956
  0.26856590922936330  0.27924449178017863  0.28988904045767877  0.30054233460786861
  0.31139349685332846  0.32210902764430421  0.33266578717095868  0.34329496063979908
  0.35386657715723624  0.36433734699478565  0.37470427418775709  0.38521628357866405
  0.39584783206578489  0.40660162530162741  0.41730079740829695  0.42752825138980494
  0.43766037092377202  0.44777042693402863  0.45784540953841629  0.46803701313417057
  0.47825356754819909  0.48869610949691833  0.49925656291484777  0.50973132621466788
  0.52019582011235388  0.53065514199322772  0.54101916680324147  0.55128792662272819
  0.56157373577766834  0.57197190602122128  0.58239847740933559  0.59283834162704463
  0.60327431135864318  0.61371303894474161  0.62414518155691812  0.63456737545841257
  0.64494821657182977  0.65527965129217058  0.66560131472236572  0.67593900994259004
  0.68631570178687185  0.69674126806658332  0.70713545831682778  0.71745912649540089
  0.72773557861617466  0.73797688932530248  0.74816422074635258  0.75827370571477415
  0.76835592104526662  0.77848469083143290  0.78867271757174096  0.79885518402650557
  0.80899724414679264  0.81914562255768597  0.82929809324325021  0.83940209007043132
  0.84946883840107668  0.85956868336030368  0.86972351176526563  0.87980966488400358
  0.88980936763802898  0.89983588801296688  0.90991542573587214  0.91994268548133917
  0.92980530306321540  0.93943839240786231  0.94897986291693071  0.95836008664495353
  0.96760102509530954  0.97638823452646673  0.98465112422845991  1.00000000000000000
  0.00249853405234201  0.01595184497571722  0.02938137606930711  0.04123589592243196
  0.05273234553669047  0.06383643621492095  0.07499321116490559  0.08610534731317000
  0.09721291451952210  0.10836010029250825  0.11952516862874984  0.13065790546209538
  0.14154444127151747  0.15243658384661604  0.16334388565798716  0.17420638141760414
  0.18499661621771413  0.19578286772667958  0.20664322065428101  0.21738336400078900
  0.22809660421324413  0.23883527729614007  0.24953064738735128  0.26030848132745199
  0.27111162668368111  0.28182356376841317  0.29242623613382573  0.30299010519374225
  0.31363162702027408  0.32427261390705003  0.33490790865378278  0.34549981081596881
  0.35608108001639388  0.36664961535597324  0.37724410693859517  0.38779946589215786
  0.39824147582364700  0.40860638675076272  0.41901579411423096  0.42948396229610747
  0.43986311474746598  0.45018089658250698  0.46051889709727356  0.47089204516532746
  0.48120489164549873  0.49153261024851042  0.50191073988046297  0.51233328705452952
  0.52271994581983872  0.53306632180077484  0.54343608531223409  0.55377565291725261
  0.56408174526097998  0.57434183475520317  0.58467579552891158  0.59517079841812548
  0.60575914569182687  0.61631887323088352  0.62683738229014285  0.63732400364020991
  0.64784068731328637  0.65837310212559308  0.66885649033677030  0.67925382890975627
  0.68962060771617939  0.70003568568949015  0.71046848747979008  0.72088811407478648
  0.73122314400268240  0.74152030500835586  0.75182208348072832  0.76217589258625262
  0.77259996693291566  0.78301238889247748  0.79325725725001073  0.80331949469667585
  0.81340019062607183  0.82362321568205477  0.83382565729243863  0.84386521313151341
  0.85383298856209600  0.86388546587651394  0.87395502536447278  0.88396461870734833
  0.89393086292641144  0.90390405321562006  0.91389514799005489  0.92387000140899000
  0.93381690426459196  0.94367974022070178  0.95330782122755775  0.96264949866335370
  0.97160102745286847  0.97993520870597495  0.98826499818333757  1.00000000000000000
  0.00725205195426343  0.00883624470340793  0.00993649382198897  0.01097872107940504
  0.01204821998374327  0.01315192871156903  0.01428819051726480  0.01546507684391428
  0.01666501755262031  0.01784956012875147  0.01905119773993178  0.02028243080034584
  0.02155715156975838  0.02289890824262591  0.02425505262981988  0.02546008618292541
  0.02644828778286290  0.02747903543730352  0.02865818932636393  0.02990618804099853
  0.03114471505071287  0.03241520853338594  0.03371916549288870  0.03505329917480245
  0.03641833476117076  0.03781335432507740  0.03924530110807842  0.04071513446588735
  0.04223045180989171  0.04378600452409715  0.04537709910560170  0.04701200149136638
  0.04870244418410550  0.05045996298665375  0.05228780373425898  0.05418324725299269
  0.05613757473280508  0.05813892253685920  0.06019887398240079  0.06234471096579360
  0.06458955387400353  0.06692089286128546  0.06932611535722656  0.07181373218385644
  0.07441429565624021  0.07712148535320693  0.07992048880881046  0.08277597983874917
  0.08571587092121220  0.08878664295920041  0.09201075046315009  0.09537112600328065
  0.09883461818878217  0.10241775364647154  0.10618322191366010  0.11012670246071998
  0.11423184187521546  0.11844239425468718  0.12284082116440494  0.12744955666098204
  0.13232884915234461  0.13743558778359491  0.14279308539101096  0.14834871537710495
  0.15417996708363976  0.16025354123353486  0.16659822315658215  0.17324833948693028
  0.18023624713199513  0.18764921929968267  0.19551374707992097  0.20386327590887274
  0.21262850974002892  0.22178233998128100  0.23149230006803664  0.24193483430402071
  0.25307650438786317  0.26493278537478931  0.27760149831180625  0.29117557655679827
  0.30556688709418595  0.32100415581963143  0.33764311818993265  0.35565907758605270
  0.37553761106124056  0.39730703743550455  0.42092129700943598  0.44695824281517033
  0.47632612853490375  0.50988505132656292  0.54854136713565682  0.59453028296198673
  0.65284318790635520  0.73670080825771755  0.86426208561249040  1.00000000000000000
 -0.00100536054534668  0.00394092782486821  0.00917183782769962  0.01426474672861056
  0.01947556454451213  0.02477995277118673  0.03007430384801309  0.03537275002980722
  0.04071358631906258  0.04616423736492620  0.05167680234402209  0.05721891026873184
  0.06276182236973514  0.06832879690822662  0.07393947952966128  0.07961013829737235
  0.08534673168913472  0.09116187895113012  0.09703010339639290  0.10292144069529560
  0.10884341926322194  0.11476052897930565  0.12067414845878237  0.12662313448391577
  0.13262670103321744  0.13869348570408685  0.14479527623664146  0.15091765950119204
  0.15708447777498616  0.16336896909143772  0.16980804361740900  0.17634499090397454
  0.18287639880111348  0.18947550267279475  0.19626929308283467  0.20313376611961168
  0.20996819128699926  0.21678812000492215  0.22362091231672251  0.23047618596841185
  0.23742833167985361  0.24450787573386262  0.25170135776481806  0.25898592447777102
  0.26631295949396272  0.27370017496238064  0.28118077475646930  0.28878848174951383
  0.29657381116645276  0.30448624018217413  0.31242777254365511  0.32037549783695901
  0.32837863819005558  0.33656921925294714  0.34489670659952115  0.35329075073645716
  0.36172011485682987  0.37020759550920335  0.37882277241310663  0.38754784008448273
  0.39645337842027106  0.40562376166836039  0.41499364571874187  0.42435062995574380
  0.43377990147654427  0.44342229829015795  0.45320359635593871  0.46313153420700554
  0.47320489453124209  0.48376885312869200  0.49462521987945191  0.50569507488666698
  0.51687045067832704  0.52823062369852558  0.53983972327104357  0.55192966129567578
  0.56439006813727688  0.57713344836531899  0.59034401304891515  0.60399038311381037
  0.61803740446827837  0.63265445419130972  0.64782425029977675  0.66351306454465786
  0.67996974829064372  0.69711145429802202  0.71484113803228300  0.73338872637585917
  0.75320273233234702  0.77462355531648375  0.79803696071847541  0.82395622462559515
  0.85335286511344954  0.88833493531436414  0.93435319435052611  1.00000000000000000
 -0.00227354194938539  0.00901309538598026  0.01904921240384338  0.02974320325060403
  0.04027306963924442  0.05083472083199793  0.06126948544196840  0.07205274464911386
  0.08287168442146402  0.09373029907099552  0.10421009746215008  0.11474307958217782
  0.12528073654875907  0.13585500672932396  0.14635791014469079  0.15687429958927812
  0.16725817791493547  0.17766648357812723  0.18802458505306888  0.19861076465390001
  0.20924705008652347  0.21945683222163406  0.22985999132106127  0.24036916053368074
  0.25094514254036021  0.26138026109698637  0.27179762173182148  0.28255207839298013
  0.29312087709663598  0.30357944532345926  0.31400657437716412  0.32488097555738443
  0.33571178443392585  0.34649833067439079  0.35701475479744876  0.36734606890450811
  0.37776329505263401  0.38842478405504033  0.39906329837694421  0.40975401845514714
  0.42045635353292549  0.43122526391253246  0.44169206780196113  0.45225111189737260
  0.46256774124995231  0.47284530300351701  0.48301570023748153  0.49339179393095545
  0.50365071012931628  0.51405760092182162  0.52443663117720463  0.53508912569287892
  0.54569062604640040  0.55627515869935951  0.56675081399826599  0.57700628876837856
  0.58734898605431873  0.59784732116965422  0.60839944518042000  0.61895368182930255
  0.62939472096222548  0.64002780801374815  0.65051105264239928  0.66114159650964732
  0.67180897152894858  0.68258519817672725  0.69327490355277976  0.70399649551363064
  0.71474412740171311  0.72549822052020019  0.73615628647629350  0.74674380726805678
  0.75734274792342693  0.76795418750755595  0.77857894467734445  0.78925730973092556
  0.79964528480541974  0.81010114443411840  0.82043502104690791  0.83087850803517915
  0.84137962809305811  0.85195010844786334  0.86248684808458553  0.87324431167498762
  0.88382266208769433  0.89428677992939254  0.90481045338727817  0.91536251992802253
  0.92584795492185212  0.93639065341625194  0.94690100981004455  0.95754901848508656
  0.96795705181043568  0.97866431096619277  0.98918048385709278  1.00000000000000000
 -0.01396460622142895  0.06335886670510102  0.10883813686470536  0.14415062329693032
  0.17389979884647369  0.20031844068759275  0.22433563556116859  0.24592802517592879
  0.26568041008613413  0.28433487606092317  0.30219731608435796  0.31929431167346251
  0.33555578124270280  0.35116343825633578  0.36626166903202861  0.38088425748634025
  0.39495781245261846  0.40877001697290705  0.42174520731454301  0.43398337579472657
  0.44601338118096118  0.45778571033759330  0.46920656608602823  0.48033755498102126
  0.49145668069517101  0.50240366223733479  0.51304572624488010  0.52350315865025365
  0.53377651754368560  0.54390478816201981  0.55375458778320097  0.56337758260501780
  0.57278175163923206  0.58206469463852173  0.59123151020422837  0.60028616093311449
  0.60923668979377799  0.61807398537310709  0.62682065556219646  0.63546508502337307
  0.64403339035714890  0.65248085109997178  0.66083175703947361  0.66906480363071241
  0.67712602886865469  0.68498793284390980  0.69269919439715433  0.70025945930105971
  0.70779128176772754  0.71528812327738500  0.72270612711762361  0.73009935564287443
  0.73747471361101402  0.74480657077167767  0.75207261074316389  0.75930231384059854
  0.76651965009567447  0.77360025916209862  0.78059209883177327  0.78744411755932398
  0.79422722578789706  0.80094613132446879  0.80767466292472756  0.81433855392169341
  0.82090047275382683  0.82737411046640796  0.83375340823125121  0.84004434493228797
  0.84626529034808462  0.85243661125696701  0.85857950072160316  0.86470450387155584
  0.87082049949624252  0.87691095548233133  0.88295896829633769  0.88895647511904552
  0.89488471781389267  0.90074251885279122  0.90652657114766666  0.91225139351555506
  0.91797045041387859  0.92370530660292072  0.92943649211524093  0.93512985467045662
  0.94077543221412729  0.94635242427119948  0.95187443279497019  0.95734377478543531
  0.96277145488151450  0.96816485772533090  0.97356778233822905  0.97898432105254862
  0.98431851893759226  0.98958610817399084  0.99480637479971779  1.00000000000000000
 -0.00227792402676271  0.00900649735896717  0.01905012603078544  0.02974812125459229
  0.04038574250074442  0.05092855620917290  0.06141766986355000  0.07190978732367748
  0.08256619914556815  0.09315345440547311  0.10384744782062841  0.11452335666914099
  0.12513710411993137  0.13573336748724157  0.14624390949951327  0.15680831159116798
  0.16736833953590866  0.17801047150492835  0.18878680066508896  0.19953812057014092
  0.21026122259060831  0.22090840741998927  0.23161266007156384  0.24234374743392850
  0.25302712629876928  0.26380987435238051  0.27462451676360533  0.28544449360878954
  0.29612160307634838  0.30663168310231953  0.31709296335286841  0.32764655478203192
  0.33841644786301328  0.34914906748937924  0.35971029540016930  0.37020120004745349
  0.38073602969525855  0.39129262064596759  0.40186222825149936  0.41243708293685427
  0.42282152108364168  0.43305425922667667  0.44331931492163323  0.45367958259495872
  0.46430675930862764  0.47466200244174872  0.48545003733047187  0.49602468617943157
  0.50657456170972015  0.51709394311078527  0.52767458577369697  0.53834235553800303
  0.54896187224547865  0.55957456864443400  0.57001179187696227  0.58061691050360831
  0.59126338818549296  0.60198089210630312  0.61259164125375531  0.62321484518165426
  0.63383777402258734  0.64442970622565598  0.65499340174624643  0.66569638646934637
  0.67642662219412741  0.68709818998101035  0.69767988562479155  0.70811522559100148
  0.71845791003015136  0.72883793581305556  0.73931558881912052  0.74985829604851484
  0.76043095304839248  0.77096666068928876  0.78162510821548270  0.79211926249607878
  0.80256191765740115  0.81278720217672662  0.82300544498017825  0.83325861952957159
  0.84341442348113227  0.85363184323616359  0.86401978593185802  0.87448193698856513
  0.88481516176433428  0.89502919195993802  0.90560465383949784  0.91611508781475259
  0.92663510639506397  0.93725817672645295  0.94766007315082790  0.95819319669820835
  0.96869464161713192  0.97921668367946413  0.98952868204070310  1.00000000000000000
 -0.00231795324286075  0.00921779830625083  0.01890069637133630  0.02984737015446475
  0.04039908197882697  0.05086372817444238  0.06121491783470264  0.07186948942561561
  0.08267714027466821  0.09346914182860244  0.10420949758017349  0.11474343516860308
  0.12533928464496474  0.13572764945979734  0.14628442009813705  0.15673524596304436
  0.16737649672965144  0.17763193829456922  0.18784012784089063  0.19802790545968271
  0.20827049720689442  0.21859394287766715  0.22903821752130032  0.23944952658682259
  0.25008961033144961  0.26071905863116263  0.27148336828994568  0.28214882241365596
  0.29284471136503087  0.30328286784636038  0.31396335353204180  0.32439648805663229
  0.33490759637785411  0.34526328727321537  0.35580108263864746  0.36641245003539757
  0.37700156745941571  0.38749077690828398  0.39797265986799857  0.40853730905049990
  0.41888707430155153  0.42915754391093530  0.43947276445048988  0.44995945945507759
  0.46032578913836336  0.47068643607405913  0.48130543688247746  0.49201744446167234
  0.50281940229374988  0.51330668551561454  0.52384917760901772  0.53448703891542571
  0.54516368228786838  0.55588747259950866  0.56639062419301056  0.57694313789319851
  0.58745731670614310  0.59798657095499985  0.60877204676266994  0.61919281614758181
  0.62982759808984812  0.64012064914939559  0.65091183762505445  0.66161506929242164
  0.67236431538060659  0.68288184947793018  0.69335885033999345  0.70419641168058611
  0.71471061451880513  0.72514553763304701  0.73559907532558788  0.74620075389584206
  0.75683125600049872  0.76762123361460866  0.77809781993404459  0.78872512561875618
  0.79919419006195080  0.80990633850403382  0.82019195931326261  0.83043828998510838
  0.84094751463312389  0.85152313492625897  0.86201678248175628  0.87237781857103003
  0.88273523769995488  0.89333840782411522  0.90384198672477811  0.91448308415439628
  0.92516283100365282  0.93581758311842311  0.94670546049507831  0.95746392438115957
  0.96818530569475025  0.97884002844105689  0.98939597046635008  1.00000000000000000
   6.6577134908334321E-008  -1.0000000000000000     
 F F F F F F F F F F F F F F F F F F F F F F F F F F F F F F F F F F F F F F F F F F F F F F F F F F F F F F F F F F F F F F F F F F F F F F F F F F F F F F F F F F F F F F F F F F F F F F F F F F F F F F F F F F F F F F F F F F F F F F F F F F F F F F F F
  <DiscreteSampler_grid>
  grouped_processes
  1 # 1 for a reference and 2 for a running grid.
  10 # Attribute 'min_bin_probing_points' of the grid.
  1 # Attribute 'grid_mode' of the grid. 1=='default',2=='initialization'
  0.0000000000000000 # Attribute 'small_contrib_threshold' of the grid.
  0.5000000000000000 # Attribute 'damping_power' of the grid.
 # binID   n_entries weight   weight_sqr   abs_weight
    10   10   7.727618026846563E+004   2.060169584321461E+010   7.727618026846563E+004
  </DiscreteSampler_grid>
