  0.00232992429728794  0.01637622242440089  0.03018444939511885  0.04273576693705668
  0.05485907836747744  0.06652757881905233  0.07782342989510736  0.08887999048208835
  0.09995451844207894  0.11104044332491955  0.12205981791300324  0.13296301666229990
  0.14390748020337091  0.15470120329765680  0.16555961221458790  0.17624427148468788
  0.18709980258764805  0.19789529968156572  0.20888659562678993  0.21978678511033833
  0.23061667824861160  0.24144483586841767  0.25241343322240756  0.26268978082350447
  0.27329298672519547  0.28395627191671441  0.29459058928673065  0.30507788208504300
  0.31513929637908095  0.32501035784271720  0.33509244964666274  0.34530356230126463
  0.35630150082849893  0.36710137785311225  0.37779636886600915  0.38829498594586415
  0.39877941288243296  0.40931901794510112  0.41994984773743183  0.43046857012761275
  0.44083588565678677  0.45110543518952217  0.46142258455356278  0.47189077019033543
  0.48236419107709427  0.49287626257473732  0.50333746127105472  0.51387090883575759
  0.52440315874471832  0.53488625629558262  0.54538186800403798  0.55583350997217718
  0.56621320386681229  0.57650732204837662  0.58680009111041165  0.59713385186079038
  0.60751522615623543  0.61790815522013698  0.62832444620559880  0.63877770098909459
  0.64923593708983485  0.65965237790821429  0.67005495021855843  0.68050585006147013
  0.69094374278134074  0.70128497759775599  0.71155706662708296  0.72182645440214810
  0.73210049589911319  0.74233909571791079  0.75264982138131276  0.76306235334831385
  0.77351407974620134  0.78393473731976737  0.79434865012930156  0.80474063184434375
  0.81510577641775028  0.82547271890732155  0.83583659673612820  0.84619321727191676
  0.85649413196711877  0.86671129482991094  0.87687879721640960  0.88698570479339744
  0.89698918127839899  0.90687759614795294  0.91671716179632678  0.92651901901701106
  0.93623239368858868  0.94571098126078823  0.95498809192547607  0.96406918049973023
  0.97288138243267563  0.98115778431289791  0.98933000814503813  1.00000000000000000
  0.00293087712294233  0.01474410280706061  0.02720029002846109  0.03951952178417958
  0.05145834555455010  0.06305425068220076  0.07450627226511725  0.08584377818455029
  0.09700884092602179  0.10807746495768705  0.11901691708785365  0.12987603431385922
  0.14071525888600117  0.15159014745161190  0.16240729143341656  0.17313065215682150
  0.18382659364088316  0.19448119826718538  0.20511155556994928  0.21571879604355418
  0.22643353946283543  0.23723168013441029  0.24808113346741315  0.25884697922718680
  0.26952693598840005  0.28013895995885296  0.29079078917230228  0.30158776358485373
  0.31233171138763921  0.32291032953172089  0.33331344715651967  0.34380336043364185
  0.35433705811376581  0.36474512224522598  0.37509827677735275  0.38550284303132637
  0.39587956883045822  0.40629571806733877  0.41672244866793440  0.42721680889355967
  0.43769713396204224  0.44812334614734062  0.45849965003083770  0.46882196877876181
  0.47917419019634044  0.48954763587674738  0.49998548445576552  0.51050355675553116
  0.52113887375842460  0.53177177568134082  0.54238928608187020  0.55302574369648727
  0.56364911710856502  0.57415214026907568  0.58449986317377034  0.59482080860290631
  0.60509236903972818  0.61524035779084951  0.62538268539603070  0.63563731655942324
  0.64595997724532184  0.65625657818185457  0.66656098924425333  0.67695756845887911
  0.68740573327922072  0.69783779925998857  0.70824343689405389  0.71860179077165454
  0.72888874727728370  0.73912637338894960  0.74936685996000896  0.75967417065000886
  0.77002070220962826  0.78026973597510196  0.79039238778061272  0.80052364018581434
  0.81085050255488667  0.82120733179199634  0.83149271384529577  0.84158345955039404
  0.85151766634748638  0.86137756173224322  0.87124622843309996  0.88116522689485544
  0.89114730543989462  0.90114541454100439  0.91116835323649426  0.92111459593004930
  0.93098697900475003  0.94073577712548506  0.95031995621056276  0.95971255972942793
  0.96885734978259119  0.97759635627613584  0.98578016874397367  1.00000000000000000
  0.00761372614074261  0.00821499473521027  0.00870136689262355  0.00917043808343014
  0.00962652463302755  0.01007486301623163  0.01052912685732666  0.01128526892070693
  0.01237639076028184  0.01353550561590098  0.01473240726930422  0.01598727028847479
  0.01721985317142275  0.01845044604103204  0.01972569595312933  0.02105643818968912
  0.02244613433222689  0.02390945473297316  0.02530923042353504  0.02628037128739892
  0.02728461802827193  0.02851578002145521  0.02981119737379948  0.03112856968575630
  0.03245536935958829  0.03381678228619656  0.03520734634764419  0.03664479202891596
  0.03813032800337809  0.03965122607623258  0.04120106037654698  0.04278875024420951
  0.04443946254150417  0.04616850786611153  0.04797006232397067  0.04981694817768405
  0.05170145891132003  0.05364859487842791  0.05565938587163322  0.05776145259253800
  0.05992537343607691  0.06217940416527158  0.06450406146359138  0.06690198438072273
  0.06937482197298653  0.07195177367372374  0.07461264572063135  0.07741269021896784
  0.08031646227028702  0.08335268480125251  0.08650503797335286  0.08980432128983684
  0.09327081172597279  0.09688068815670728  0.10060653908536295  0.10446265760106037
  0.10848672122774336  0.11269669652747621  0.11707663326979020  0.12165082308727164
  0.12645195950091329  0.13151512905651716  0.13679976300261998  0.14226483812458207
  0.14795058480179096  0.15392539373654984  0.16027888949868643  0.16701553973280167
  0.17407384972400025  0.18148393044068448  0.18932627248903897  0.19765490806044811
  0.20644815682263401  0.21573851648320819  0.22562746859700164  0.23612811371686460
  0.24724533354636413  0.25905129174140767  0.27168808396786054  0.28531169306943199
  0.30006790357683694  0.31605626700816819  0.33339494278835563  0.35212970169281843
  0.37222559979051917  0.39404750124149884  0.41807182221936579  0.44475240138035610
  0.47493610860081115  0.50977234608628985  0.55028616566438004  0.59848567740397485
  0.66100737216123351  0.76066401604358302  0.85244554663524763  1.00000000000000000
 -0.00109005735630172  0.00410756663025229  0.00942099852110318  0.01469324269567555
  0.01996049086638619  0.02523398424724276  0.03055278681519998  0.03594075616894778
  0.04141192549375139  0.04691041060674728  0.05240868880240911  0.05792985289031570
  0.06348156349025810  0.06905313594417996  0.07464523688676189  0.08029445346671306
  0.08604718110555823  0.09189325706244666  0.09777131663215963  0.10369751429492360
  0.10968549972046239  0.11572312067438095  0.12176809490303558  0.12759217346210600
  0.13326973299253370  0.13903781930073003  0.14498166006250846  0.15124571870146122
  0.15763782396316278  0.16405943205480922  0.17058889773049507  0.17719166839127468
  0.18386730942879881  0.19058029305651325  0.19731299137615699  0.20407263061426803
  0.21085704375010861  0.21768946104980513  0.22470778077037329  0.23183916206506189
  0.23892374399059607  0.24603103092324102  0.25321870135385821  0.26052416575664938
  0.26792707926474146  0.27537741917531744  0.28292018205576258  0.29049266808918217
  0.29813585302995949  0.30582036701510129  0.31352884693257177  0.32139815240236091
  0.32938864716637262  0.33749043569721182  0.34566807487621171  0.35398940327951756
  0.36249762304171479  0.37114014308119847  0.37990896576322275  0.38881030436377428
  0.39785015705400389  0.40706848864976636  0.41643139437845927  0.42594049841728704
  0.43557333169542523  0.44536433642076750  0.45534475351000964  0.46544576974418012
  0.47564220974010307  0.48595951235980156  0.49644902388228379  0.50707203566957659
  0.51798150813024368  0.52926361133974065  0.54090402778494939  0.55282330705242622
  0.56513004484797447  0.57782112221578685  0.59082295099814230  0.60412853101106712
  0.61768934094522299  0.63172909267278610  0.64663990742629862  0.66209151922829879
  0.67843232206888138  0.69557611517043949  0.71349766000206061  0.73241397294733723
  0.75239772396185656  0.77390809960014850  0.79757615839055018  0.82378122850696045
  0.85342960240287780  0.88831311889145192  0.93393123850254300  1.00000000000000000
 -0.00234492281167474  0.00934495630147830  0.01902334218872212  0.02967655789772497
  0.04024741735822027  0.05114021961379817  0.06187006914088519  0.07261652657307777
  0.08315517644914061  0.09369086445741058  0.10419851002283816  0.11482188400871668
  0.12547523232432423  0.13622584616001848  0.14694320759050122  0.15775484921488236
  0.16836868144328668  0.17880203909744202  0.18919892159635773  0.19957612491505317
  0.21007196249559415  0.22048961995293753  0.23088459736560885  0.24130164784728458
  0.25167566422586368  0.26196743385011517  0.27236624342909121  0.28288547099353412
  0.29349730767904358  0.30410687110506229  0.31477799828744801  0.32532639745341102
  0.33592409992975814  0.34649860891468887  0.35718034225417972  0.36792138793597629
  0.37873793698480779  0.38953253567712709  0.40025614349851946  0.41092391656154925
  0.42146990027998998  0.43205710886117771  0.44255983415176620  0.45307663318030916
  0.46358630311821208  0.47420167956346754  0.48488158671324461  0.49544108442980167
  0.50606423836942482  0.51673477203879414  0.52742934739613601  0.53807995715202661
  0.54868475028513197  0.55942125885304728  0.57015235154630683  0.58069836985717105
  0.59049648635706731  0.59998463130861202  0.60962417404891844  0.62009525819891742
  0.63082366020246738  0.64133650217937288  0.65189517303491640  0.66244685178447427
  0.67292596524719661  0.68333778349419472  0.69377179294342750  0.70412706707608530
  0.71447084478126821  0.72471462102665518  0.73506256989278340  0.74544320032144962
  0.75586417735884681  0.76651902211344769  0.77715958107798699  0.78770593664082234
  0.79836808093038847  0.80902952098618708  0.81973663264499408  0.83029261837960389
  0.84105201587977263  0.85163042294150915  0.86217037273088826  0.87260059091128794
  0.88318736658938590  0.89396672000454336  0.90469610048431903  0.91525367075237440
  0.92581948399748648  0.93635659332502064  0.94706638501733165  0.95755399251745776
  0.96827704518100988  0.97893322101663527  0.98950894060480510  1.00000000000000000
 -0.01417975524236930  0.06372790965426761  0.10907927783771401  0.14425855155258818
  0.17409944525129395  0.20034466555049810  0.22394060123862111  0.24548490443496970
  0.26543699363495010  0.28424428190297896  0.30210315398455229  0.31920794152855320
  0.33551098388880118  0.35080043804404504  0.36559112019362411  0.37982761413466776
  0.39335526432309476  0.40658992457861620  0.41961795172624838  0.43235346312838102
  0.44475570268342163  0.45684327408894188  0.46850230572075396  0.47978702849888732
  0.49089186821228270  0.50191993088687303  0.51279951944793900  0.52335949590648378
  0.53368393232360323  0.54394683379232500  0.55399595028200910  0.56334804295447982
  0.57215718587898212  0.58075070022056741  0.58978191469843810  0.59918438104939875
  0.60841388104182048  0.61741445805910689  0.62613241042098600  0.63470149547430288
  0.64320362200179093  0.65161515123579739  0.65992666970446690  0.66812008515569232
  0.67618874274323448  0.68422823933485899  0.69216883889536829  0.70005042985789434
  0.70788224806395672  0.71560104849145711  0.72317066741304548  0.73059366486784261
  0.73793106981583056  0.74516317392291020  0.75225817913776960  0.75921568242917759
  0.76607607989156035  0.77290924551368057  0.77977377880506571  0.78661972210967046
  0.79339567963809010  0.80003639373780955  0.80656181770175450  0.81305185525692691
  0.81955234912089370  0.82605176039002415  0.83250369239516164  0.83892856035160568
  0.84530623088038115  0.85163663841860826  0.85790620978106347  0.86418598436611471
  0.87047875594585500  0.87668684492704108  0.88276069412949409  0.88872918734006545
  0.89459931512780122  0.90040195764825937  0.90620812956778785  0.91199953314379134
  0.91773373300936367  0.92341672087150950  0.92906867137452898  0.93467865222175917
  0.94026560368951795  0.94583290087538552  0.95135962440997535  0.95685069031152292
  0.96229844019391375  0.96772385540225880  0.97314998595608870  0.97857487665498377
  0.98399389323966202  0.98938820758513168  0.99471617674583235  1.00000000000000000
 -0.00233502659903250  0.00929172767977181  0.01937615398748004  0.02995136549438896
  0.04050604816930417  0.05087748150722216  0.06150349552346290  0.07186390622456863
  0.08255124872664071  0.09312141624122934  0.10375135115380021  0.11444090521126761
  0.12512283807768990  0.13580240137309521  0.14642312741680455  0.15703784636842361
  0.16775063447484026  0.17826661266933885  0.18888254366913940  0.19941320561148876
  0.20995304580241395  0.22048065889344995  0.23104088472857762  0.24174847572218919
  0.25238918558276513  0.26302600485019129  0.27359513938683838  0.28409589136028096
  0.29466803449545542  0.30522765660777390  0.31578886820307006  0.32634349994603618
  0.33697853829370877  0.34762515148418432  0.35823580227499729  0.36877783288263788
  0.37930620367564954  0.38979317076979070  0.40027414609226225  0.41085710172264450
  0.42144149488627486  0.43209307568480043  0.44274306990909668  0.45358144935219741
  0.46435843255306752  0.47508178430848130  0.48580266647499254  0.49650271241363708
  0.50719922830203046  0.51777272132814522  0.52835244952539084  0.53885864552957230
  0.54936749619179737  0.55982193924302959  0.57032630482487279  0.58078478980356241
  0.59133850626112938  0.60203051683824482  0.61283821144500017  0.62363850371540719
  0.63428168175569866  0.64487735047562267  0.65551561937475300  0.66614044294414920
  0.67679576665696772  0.68729474164391324  0.69786387158424990  0.70836762819515209
  0.71889665051012408  0.72937494795497138  0.73978415997865465  0.75022253985869791
  0.76059976859862188  0.77104190099618042  0.78153110793455882  0.79216047866866901
  0.80275686885396014  0.81333404762632799  0.82390985762639435  0.83447876415114941
  0.84504832362382876  0.85556011496757245  0.86611520942899745  0.87673954010190869
  0.88747285286878352  0.89818751617477055  0.90877631266691372  0.91940209148723451
  0.92986041513315276  0.93967431524023692  0.94916083703498455  0.95840120438971876
  0.96891997027265031  0.97941632983124705  0.98980854954789965  1.00000000000000000
 -0.00216368639185792  0.00884882833318022  0.01827406520010418  0.02883766705198411
  0.03908985095661445  0.04954293003067103  0.06043953494742375  0.07100940621650259
  0.08152540846837876  0.09209073263596916  0.10260886437617144  0.11318070308818837
  0.12368515293917631  0.13426328983060379  0.14490481965131152  0.15572231194375979
  0.16656794506567218  0.17734666452620898  0.18807047961206497  0.19847168187203976
  0.20893125393654108  0.21923511265035506  0.22962561768263012  0.24012978322460904
  0.25076660077672491  0.26146221182246865  0.27204101642632189  0.28262084182561903
  0.29324632195289685  0.30386316344356740  0.31447244396878793  0.32502251190768006
  0.33551573529205447  0.34610321015071410  0.35662708628750017  0.36724914427301536
  0.37756842929314804  0.38704271442211124  0.39659733224980054  0.40609488077190625
  0.41671161195873896  0.42729901919815705  0.43795601189185313  0.44856770359086906
  0.45921134465095947  0.46970888075291900  0.48014672867446639  0.49063521232408724
  0.50110357079932122  0.51165324640539778  0.52236977523728767  0.53324908366381363
  0.54408385219215616  0.55464880057313082  0.56512135161015586  0.57567420480778553
  0.58623003882840563  0.59671449613154537  0.60699867189904888  0.61735105687622849
  0.62781205529263906  0.63856032264368023  0.64940469000810608  0.66028037988132737
  0.67103618313754620  0.68171193977503386  0.69230079984299020  0.70274556857814074
  0.71337044580406694  0.72404711056195048  0.73470375709737623  0.74525557606987192
  0.75572008497990573  0.76634715380037555  0.77666156806676734  0.78700253224490735
  0.79743003089481390  0.80823097589607629  0.81878968124949536  0.82931351572028889
  0.84001937259133885  0.85089908031030714  0.86163498501563551  0.87243633476577864
  0.88313520703178927  0.89377591421779845  0.90436823682882894  0.91511529086834964
  0.92568992127259808  0.93651673340750163  0.94691858258065376  0.95748925595271095
  0.96803536496052134  0.97864720815757733  0.98933958041839598  1.00000000000000000
   6.6472469462276299E-008  -1.0000000000000000     
 F F F F F F F F F F F F F F F F F F F F F F F F F F F F F F F F F F F F F F F F F F F F F F F F F F F F F F F F F F F F F F F F F F F F F F F F F F F F F F F F F F F F F F F F F F F F F F F F F F F F F F F F F F F F F F F F F F F F F F F F F F F F F F F F
  <DiscreteSampler_grid>
  grouped_processes
  1 # 1 for a reference and 2 for a running grid.
  10 # Attribute 'min_bin_probing_points' of the grid.
  1 # Attribute 'grid_mode' of the grid. 1=='default',2=='initialization'
  0.0000000000000000 # Attribute 'small_contrib_threshold' of the grid.
  0.5000000000000000 # Attribute 'damping_power' of the grid.
 # binID   n_entries weight   weight_sqr   abs_weight
    10   10   7.247503133833577E+004   9.949728582426979E+009   7.247503133833577E+004
  </DiscreteSampler_grid>
