  0.00270671188967726  0.01562035486187774  0.02945294907768690  0.04196566157898798
  0.05388323883263687  0.06541587005423530  0.07689667735274622  0.08830914571533145
  0.09967582793608153  0.11096795180729752  0.12222425656991796  0.13344704440504726
  0.14471899779743438  0.15556977837335939  0.16643576959081685  0.17701247975411244
  0.18762831688775430  0.19798414827391600  0.20859019358318920  0.21935073215690051
  0.23010234675503524  0.24072252118759893  0.25127262174720943  0.26176595397255809
  0.27236833696731361  0.28268591046061087  0.29284549657075237  0.30301494553791691
  0.31353262432246459  0.32450342888326805  0.33554364463182640  0.34662176369300340
  0.35745811876475286  0.36805831490288893  0.37851375559643741  0.38885433182376350
  0.39921301108556317  0.40972197090666962  0.42021281068211713  0.43052046823148199
  0.44066909516989577  0.45089807125128067  0.46136877907275653  0.47205472850387525
  0.48276714552765593  0.49345873979981258  0.50422501421642929  0.51499761098823627
  0.52578643299155525  0.53670020924672734  0.54775117580494836  0.55880589009637061
  0.56972824487353313  0.58054239622061443  0.59112813341772630  0.60176651708493012
  0.61247760477059199  0.62302412010771613  0.63344165547988984  0.64388517234011289
  0.65449566286858918  0.66489030331380283  0.67521328967699779  0.68571641511323522
  0.69642457756339082  0.70710072367754617  0.71756777922590387  0.72790439148333708
  0.73821988888060597  0.74851824706501224  0.75872506744116996  0.76882737529490930
  0.77911391261174567  0.78952827718835539  0.79989714325426020  0.81002919743397617
  0.82008175749506307  0.83020583422143956  0.84029088818398268  0.85027208946132926
  0.86014018805712078  0.87021470364915199  0.88051828307308644  0.89083380934203815
  0.90103434658077364  0.91120602120454608  0.92149577968861018  0.93169631250941920
  0.94162026164511603  0.95112608949197286  0.96036328650919767  0.96921284039525979
  0.97748473732230268  0.98528426002687097  0.99346028270886244  1.00000000000000000
  0.00259416712219240  0.01614068806491499  0.03065028918494715  0.04405075430356668
  0.05599860726571156  0.06720648007546649  0.07816167600166314  0.08935475907260086
  0.10051987963421756  0.11176438212133344  0.12305160484168869  0.13434775859454096
  0.14589606340063860  0.15731080086948082  0.16851893150645295  0.17949052401224233
  0.19038151468651326  0.20114667599976341  0.21176681923079976  0.22255715128679981
  0.23354473687979160  0.24428130393841077  0.25477880512734274  0.26534542124503674
  0.27620001998960575  0.28689519857806195  0.29743505303937073  0.30780337159562443
  0.31821635972311751  0.32864002798594905  0.33918633001806620  0.34968180741665633
  0.36008607935069931  0.37045103441223459  0.38069982290278193  0.39084060933072878
  0.40105861456310654  0.41136675201959388  0.42165797788044618  0.43194923856292272
  0.44232758261068628  0.45285539933372349  0.46341055636136064  0.47400534472872535
  0.48457202973957508  0.49490114835083582  0.50503397637388325  0.51516773031701857
  0.52547871901921672  0.53588697991521261  0.54618214253268271  0.55641656573025677
  0.56672182841965635  0.57706931174806031  0.58739197169582247  0.59774489550616183
  0.60833340637581235  0.61914998734256976  0.62988316692283552  0.64049068877844928
  0.65109612686004970  0.66164469773181556  0.67209559907536010  0.68246785171654700
  0.69278132579038454  0.70301979647374080  0.71327731543319806  0.72379293185571802
  0.73449154726718591  0.74528039029522208  0.75604784943619274  0.76665013539115390
  0.77708381659318870  0.78734805991931589  0.79765413141198793  0.80797805214756802
  0.81831949079168476  0.82851161393712580  0.83863708283327776  0.84870849951290739
  0.85864044268857953  0.86847906746342973  0.87846097963600633  0.88879981726336210
  0.89919218567538761  0.90924170235816715  0.91910146355191891  0.92904907136676163
  0.93912144547123932  0.94908568363530599  0.95880835522049757  0.96799739982696653
  0.97669739069153594  0.98490589366801284  0.99248954282305346  1.00000000000000000
 -0.01237643182039056  0.04091850780803784  0.08517235531948585  0.11658707394532317
  0.13451847995067001  0.14682821806891030  0.15915708816488913  0.17123746250265295
  0.18305283164567251  0.19455822081973162  0.20627564087341543  0.21791892797726112
  0.22980165751615861  0.24168145331176402  0.25298425209419817  0.26381332332504914
  0.27464516043130938  0.28570246785717796  0.29687808483651168  0.30794579933728200
  0.31886251291306722  0.32960283411651825  0.34004912283388705  0.35028394317624734
  0.36028946915871318  0.37034978818951830  0.38067842338339902  0.39106989584181717
  0.40125505363477870  0.41126878850563076  0.42134900362384198  0.43156655065888522
  0.44169936218529787  0.45161722259619946  0.46133277722351063  0.47089156238522245
  0.48061447680084773  0.49053324164398737  0.49979391320386474  0.50903445457098817
  0.51819746107460529  0.52741360832558282  0.53679805351588472  0.54573196938272139
  0.55480020852249268  0.56377885441425357  0.57295790383291323  0.58220406196834962
  0.59183150618554647  0.60111130221190068  0.61028184096856231  0.61913612693909770
  0.62806804935547944  0.63704505035869308  0.64593145370961269  0.65476260840029310
  0.66362548276673594  0.67252454917378801  0.68145011103058761  0.69030962090921888
  0.69912920025523129  0.70802025821565118  0.71711801838858413  0.72630062460700762
  0.73511883249772936  0.74385215275394767  0.75241724000067289  0.76074680442544518
  0.76884885126354918  0.77696956607164924  0.78532507358991321  0.79379226452985618
  0.80242797012977729  0.81116259587696138  0.81993732233460481  0.82858411239010843
  0.83712856131221547  0.84546099909728656  0.85369878629542661  0.86215986888456608
  0.87072754210481640  0.87936977310616860  0.88805789831925608  0.89684529847670658
  0.90561511322438071  0.91437643009805369  0.92300582401732201  0.93150865294714003
  0.94000135627085812  0.94859530070861808  0.95716157964162329  0.96564705844270859
  0.97415306345584884  0.98271824304375688  0.99131799961850842  1.00000000000000000
 -0.00227729682815713  0.00886678000907617  0.01879213969783465  0.02884598684875982
  0.03889988811193074  0.04904379317813023  0.05902123974368410  0.06921105558324007
  0.07948488327762225  0.09013719149652683  0.10083632716196718  0.11144323133015753
  0.12208454050921941  0.13273216585492248  0.14346074695531999  0.15454384305649518
  0.16561799470015018  0.17652300741972193  0.18736009151985064  0.19771891854708884
  0.20823588856410039  0.21829553443088526  0.22844967890895257  0.23860476576234502
  0.24887816609797253  0.25933971335244427  0.26956228102058960  0.27986219249813260
  0.29041712101707629  0.30144639278738317  0.31238294474491635  0.32330085056297519
  0.33410417579192719  0.34482814108786497  0.35524591061725902  0.36542539415989422
  0.37571349118988046  0.38621432865667121  0.39673369092659411  0.40738295244517253
  0.41821395969653974  0.42922248561371873  0.44006007127788904  0.45057836481265762
  0.46114764977060119  0.47195480816284041  0.48260667983299271  0.49347437832073859
  0.50376854991568709  0.51395070063323967  0.52390523984435278  0.53403616343874094
  0.54422976776700260  0.55458733319259224  0.56509818746745777  0.57577878326830478
  0.58653989895340020  0.59735998448709493  0.60793846285986863  0.61859114186937636
  0.62911616608055920  0.63952970097851758  0.64992767924894024  0.65988887200877655
  0.66996577087055964  0.67960892197922940  0.68965171968795358  0.70010023738552085
  0.71094183081844786  0.72176281118359287  0.73284821172202907  0.74379855759153413
  0.75453570515775259  0.76481102689468816  0.77500278915684173  0.78554361755926783
  0.79609015129172045  0.80650314508539023  0.81670720273667430  0.82686146604291300
  0.83729391030927269  0.84783144346192263  0.85859845920728439  0.86934675225317593
  0.87985952963829817  0.89021858365590567  0.90080082947339191  0.91121467958597824
  0.92181261817317073  0.93279345216594367  0.94440407773647761  0.95599921665422205
  0.96697981476704853  0.97809320357350427  0.98893094895365496  1.00000000000000000
 -0.00178382722186176  0.00647309604573342  0.01400106438967805  0.02160070610126731
  0.02925753774843196  0.03693417726265227  0.04471575352203846  0.05253547124929735
  0.06027577298232425  0.06794388840623092  0.07557175330293181  0.08324994172116382
  0.09112013711262930  0.09910532244107831  0.10700176087317556  0.11467772896774533
  0.12220174059728857  0.12973906449833636  0.13729892316151165  0.14490354361283472
  0.15258082290009231  0.16042389499027451  0.16838734324637503  0.17649083488456663
  0.18457008539021116  0.19260649874496288  0.20080931005039482  0.20910812195221531
  0.21747220129251482  0.22567442175406677  0.23378866970114562  0.24202523133583884
  0.25031570908204492  0.25863640880545474  0.26701502676904060  0.27545178733759734
  0.28407731096462252  0.29280554190475311  0.30131270138652361  0.30971275130883213
  0.31790837449164838  0.32595289849082160  0.33412918634087291  0.34239518044756823
  0.35077228230444812  0.35930113240467232  0.36800192184134689  0.37680372308482596
  0.38562191872528928  0.39436218535877748  0.40314339335652755  0.41205418903199220
  0.42127133435074299  0.43063091253915298  0.43992275544803550  0.44909691062856261
  0.45815450668655733  0.46743051228021459  0.47697989368547400  0.48665226677131396
  0.49631585940699735  0.50587302111818677  0.51543181147630091  0.52528974564999831
  0.53563580430164826  0.54605132686546742  0.55658904019676936  0.56722431483412006
  0.57796583646596100  0.58883445287185543  0.59967833100003465  0.61077022475126885
  0.62209900956629416  0.63355573378043528  0.64496635812348424  0.65652138935945237
  0.66821162958463654  0.68012075241659031  0.69198549190828018  0.70441063555002026
  0.71762029951223993  0.73073395054304524  0.74376313336150446  0.75723934418602501
  0.77145654831722588  0.78583893115354320  0.80129728438583503  0.81815000831679696
  0.83618687512107548  0.85452275453598880  0.87282370488103767  0.89253461124651490
  0.91442323465147834  0.93961252108188875  0.96826717158786046  1.00000000000000000
 -0.00247189990928641  0.00959757410631710  0.01960796135834143  0.02966795288366890
  0.03992292819438265  0.05049679954126442  0.06106055241557297  0.07179782176740107
  0.08270084650217645  0.09364496745531141  0.10434901670903948  0.11469116333708886
  0.12547898881314440  0.13625669825356443  0.14706808608232527  0.15774776893668052
  0.16827041271564491  0.17855721638584116  0.18905785435637790  0.19951429390246680
  0.21004606002299855  0.22056182691977633  0.23108674438716406  0.24166713343726229
  0.25192103473197841  0.26229857895978109  0.27251134088300605  0.28272282285148564
  0.29282246018143332  0.30314736737414932  0.31360166140344131  0.32458494737405497
  0.33537303974513438  0.34636335716503863  0.35716400768135365  0.36804159447124846
  0.37870286243193124  0.38923166338089582  0.40004468298004897  0.41095566015318469
  0.42212334520169847  0.43304841451241038  0.44389239476582182  0.45471974750338939
  0.46562234516129103  0.47628160846070489  0.48705137336368870  0.49771795848566125
  0.50838631990323491  0.51904509564342338  0.52981345691242898  0.54064532572630397
  0.55159648132941830  0.56235380414099811  0.57313657933280449  0.58393525795311196
  0.59478684371023072  0.60552776851647105  0.61596588328029056  0.62619301089506763
  0.63639325757910892  0.64682425080420269  0.65753982460184901  0.66820428187318159
  0.67858847388512655  0.68882288868960551  0.69918412186415158  0.70973504193788006
  0.72008601482215284  0.73045474527532728  0.74084350017470868  0.75133096609629779
  0.76179953858176352  0.77233462049850055  0.78308145768586690  0.79355982180550144
  0.80351191384165532  0.81326687004760978  0.82283373906456858  0.83246422166379963
  0.84233081564392642  0.85267884902563396  0.86306785926152629  0.87340315394405565
  0.88357125614192578  0.89420774460461061  0.90479624199086250  0.91565164119006381
  0.92632737068155013  0.93716144720467942  0.94757742123601052  0.95831036262701175
  0.96884435991467777  0.97945113020283248  0.98977604498649419  1.00000000000000000
 -0.02927256670458834  0.15543287109535595  0.21693245703667538  0.25640852882732373
  0.28782366169939555  0.31489215891845529  0.33853569800617456  0.35921365605084910
  0.37796942748328799  0.39476971684702011  0.40990072872681749  0.42427694731112625
  0.43775566202501914  0.45078661732537167  0.46297730063009535  0.47455212016294829
  0.48535387217651593  0.49564373380706478  0.50588860432566995  0.51594768948090353
  0.52558161039872364  0.53476608209689980  0.54368554206046837  0.55246161680268147
  0.56116008889196933  0.56983239156198617  0.57832641118214811  0.58658827083456044
  0.59456172727413525  0.60230605980017538  0.60993394599425088  0.61752910429127172
  0.62504648931793716  0.63238304447464988  0.63953795068582631  0.64660514225845900
  0.65359168244080368  0.66046244842385415  0.66724858745997484  0.67401002082005534
  0.68075778999188641  0.68735869145873152  0.69383778333722457  0.70030073914727342
  0.70682096854027920  0.71331951205166788  0.71967020062004117  0.72584053261132209
  0.73190447488200006  0.73789826771879352  0.74406400683331619  0.75023184195186254
  0.75620412088550737  0.76200013605093919  0.76773932068748030  0.77353477094724266
  0.77937492079834259  0.78522363387938576  0.79103545565489464  0.79680600062097195
  0.80256489723302982  0.80827016500810100  0.81387138914511481  0.81942427170562560
  0.82493509870856696  0.83039191587841654  0.83582188827623105  0.84126683799858770
  0.84664961304462572  0.85206871417537822  0.85732626265976486  0.86260973947127662
  0.86789590116441373  0.87322579433984071  0.87863238433120927  0.88416235192319581
  0.88977999554721532  0.89539966738321353  0.90098717299479547  0.90654018355557775
  0.91205245473860774  0.91763228933697327  0.92330213716438791  0.92900819650533606
  0.93468914164792538  0.94034098659969656  0.94603659410406549  0.95183710741458993
  0.95779598620621520  0.96383712952135936  0.96982526051733664  0.97574062174851306
  0.98161416038426641  0.98755462729142540  0.99367922630817040  1.00000000000000000
 -0.00228249315108756  0.00915644176201472  0.01892161780779647  0.02928610267940018
  0.03971947904663148  0.05023822144981838  0.06078474283541030  0.07129089814000222
  0.08191821906387596  0.09253892466387448  0.10318794209675652  0.11384933603251389
  0.12471574403191490  0.13578692626850145  0.14680820669108030  0.15747231895060282
  0.16792762591649940  0.17837116261032296  0.18883938922556587  0.19925967293155564
  0.20993635365616484  0.22071019597926381  0.23148374477913192  0.24196193539504901
  0.25245942892683787  0.26300004766132773  0.27374630389413568  0.28459252038648647
  0.29559495035544880  0.30652529489307567  0.31730369552100818  0.32785292505820562
  0.33830367420586460  0.34875213934511834  0.35939941380361190  0.37008416909793479
  0.38087060403944706  0.39147103778447750  0.40207888357952004  0.41271149013896369
  0.42353539889931768  0.43430684146017734  0.44499256673174126  0.45559749920303122
  0.46601803362840566  0.47652969230309439  0.48711479915962635  0.49794613330914383
  0.50864260980385556  0.51909024874344789  0.52939196410407996  0.53977775913092607
  0.55041001742553664  0.56100390859899862  0.57188904528843998  0.58294214383663789
  0.59410641392999108  0.60495594978763001  0.61565790912662921  0.62628058610910964
  0.63674624979081096  0.64716850383938396  0.65761111286145779  0.66802886933089312
  0.67843203861588197  0.68873094343560126  0.69896250963762130  0.70911365547555660
  0.71925046542183391  0.72947773314187159  0.73949934526084116  0.74959141715676258
  0.76016832192349992  0.77033257322414872  0.78093209520432294  0.79122933704064458
  0.80188566994389354  0.81243515154235968  0.82275502748177376  0.83329610490002826
  0.84361228681119538  0.85406999829486074  0.86442100165348457  0.87438479411971293
  0.88444741617847022  0.89448239828523524  0.90495728949392062  0.91537177898329414
  0.92578196567882320  0.93625756498347068  0.94684185920584607  0.95768024739992896
  0.96841175813647573  0.97912829120051537  0.98950412077249328  1.00000000000000000
   5.6358235842609847E-009  -1.0000000000000000     
 F F F F F F F F F F F F F F F F F F F F F F F F F F F F F F F F F F F F F F F F F F F F F F F F F F F F F F F F F F F F F F F F F F F F F F F F F F F F F F F F F F F F F F F F F F F F F F F F F F F F F F F F F F F F F F F F F F F F F F F F F F F F F F F F
  <DiscreteSampler_grid>
  grouped_processes
  1 # 1 for a reference and 2 for a running grid.
  10 # Attribute 'min_bin_probing_points' of the grid.
  1 # Attribute 'grid_mode' of the grid. 1=='default',2=='initialization'
  0.0000000000000000 # Attribute 'small_contrib_threshold' of the grid.
  0.5000000000000000 # Attribute 'damping_power' of the grid.
 # binID   n_entries weight   weight_sqr   abs_weight
    10   10   6.315421916824804E+001   1.428209815331835E+004   6.315421916824804E+001
  </DiscreteSampler_grid>
