  0.00233716076035196  0.01631177001244119  0.03013474345364592  0.04244683727020507
  0.05429649310016170  0.06588301703447134  0.07712935572296065  0.08837230785151370
  0.09965685147343271  0.11074001121672102  0.12168110301404034  0.13251601453250803
  0.14342024934331743  0.15430619134140056  0.16517210765394130  0.17611473304075337
  0.18705048177497627  0.19796476568488552  0.20877778881899273  0.21955440058736522
  0.23032815499820877  0.24093630723696149  0.25146110904518137  0.26201317726591622
  0.27255498844203491  0.28304450999491815  0.29352472392852985  0.30414630860077752
  0.31483341075248644  0.32552898684430281  0.33621613732328576  0.34693288159706082
  0.35772511713487498  0.36860425488106541  0.37941566365956186  0.39001170815446318
  0.40051948740416443  0.41111278122511408  0.42184684288592722  0.43256938167782005
  0.44319983009723368  0.45373930061956247  0.46424747383413062  0.47484312193748857
  0.48542884070391124  0.49596565892542710  0.50647699746364272  0.51709082547114904
  0.52790367204325417  0.53865767815272669  0.54928755531738560  0.55986642528044284
  0.57036710337020546  0.58060335484708603  0.59102178348464951  0.60129931737429065
  0.61145338941932970  0.62178504495635067  0.63220435988995172  0.64264455744264926
  0.65294493920425523  0.66324365209509484  0.67356937094101188  0.68391849629988022
  0.69441620426945450  0.70499046442022961  0.71540377770402341  0.72562258227276299
  0.73588052796923453  0.74613919088876179  0.75635909195615414  0.76655962057741578
  0.77686922144879145  0.78720683616411946  0.79751011911570624  0.80773604161807266
  0.81794393698799961  0.82818054803699270  0.83850505394835650  0.84893089139281575
  0.85940302250418399  0.86979625956756346  0.87998671772053827  0.89007070464042370
  0.90012007190242005  0.91018511692956205  0.92022671949512025  0.93010326037125679
  0.93981205105462773  0.94934197619968486  0.95873316023779442  0.96794307714094885
  0.97678335732976640  0.98507813587201776  0.99353285856003815  1.00000000000000000
  0.00228591389092568  0.01648864278253191  0.03018884849649122  0.04209704009089486
  0.05370133222475151  0.06504217280751033  0.07618750744807663  0.08722566113211895
  0.09840765007372415  0.10949932848895265  0.12064107546530604  0.13175375453696289
  0.14272470342848298  0.15357712121471445  0.16424065802964641  0.17490250471714702
  0.18549916583376636  0.19604371561115458  0.20660276708839043  0.21719726509381684
  0.22785102052418155  0.23847856263579159  0.24901989088460469  0.25963424255920547
  0.27023761231694443  0.28088177200894066  0.29144236720478967  0.30206600970294550
  0.31267665943398110  0.32327658892616634  0.33378381338607072  0.34406050719295783
  0.35430196875215075  0.36450322209515518  0.37473483755585507  0.38488833609918643
  0.39506247739675870  0.40530194748102544  0.41562765965836684  0.42615182457388595
  0.43679789379729622  0.44737407926763439  0.45789437872139460  0.46843942457539794
  0.47913300940103531  0.48980983931887290  0.50049435751207094  0.51110782012690548
  0.52157568803932608  0.53189972177085409  0.54215574421419244  0.55249511215174740
  0.56290514880354348  0.57334991758088272  0.58380635174656204  0.59429275595682995
  0.60486027584300450  0.61548807659017546  0.62617229539608188  0.63687242248359666
  0.64751939220086718  0.65801806915785088  0.66841760879001211  0.67878635326693593
  0.68911370376940917  0.69930877117274082  0.70946372861798690  0.71966069048387638
  0.72991151115281994  0.74014944341237199  0.75036790436888234  0.76059152819942777
  0.77085940359094762  0.78117897684838489  0.79154945839826096  0.80194142216958719
  0.81232638030800786  0.82267218989990254  0.83294902042645902  0.84314737348092994
  0.85331973681832807  0.86353536778123718  0.87378169523383520  0.88400670721737262
  0.89416518089652786  0.90420562596120968  0.91410466404342328  0.92386034416985896
  0.93356500233388540  0.94321467968960215  0.95276317952291911  0.96213218511206811
  0.97121793576286786  0.97969506096756154  0.98776481708139097  1.00000000000000000
  0.00647555734850474  0.00813985096596265  0.00938670832841951  0.01050516856048179
  0.01160587111390364  0.01269098777215923  0.01382581993597053  0.01500408984630631
  0.01619927937135532  0.01740068395312258  0.01860691794160095  0.01984647950869455
  0.02112524603903170  0.02240211357074101  0.02365874664392793  0.02490773646248905
  0.02608436201496674  0.02711080297128025  0.02819496677356696  0.02943853767224769
  0.03071428693234866  0.03199447931623781  0.03329624064166213  0.03462891283460918
  0.03599340766772324  0.03739371535511470  0.03882244691759208  0.04028900691973772
  0.04179813688025150  0.04336673326150207  0.04500357408438694  0.04670595915835533
  0.04845425415958297  0.05023942677828669  0.05207857925308085  0.05398761544593995
  0.05596594916154095  0.05801742216543727  0.06014378713587316  0.06233574877316986
  0.06457695030218420  0.06687261925013861  0.06924355221382524  0.07170956817480997
  0.07430089042316987  0.07702163659409346  0.07984653797624523  0.08276364793127332
  0.08577443826513216  0.08889170818255257  0.09213197101273736  0.09549916852720940
  0.09903127778647090  0.10271950780674724  0.10655656990879241  0.11056672171948967
  0.11476847493484924  0.11917557327301677  0.12372934425221936  0.12847091287244100
  0.13341235310369384  0.13858775613293683  0.14403410107919765  0.14979956133195338
  0.15588180891987402  0.16224743541156475  0.16886573246157405  0.17571211209280282
  0.18291801042556527  0.19059332307454283  0.19879096316515762  0.20740277775620791
  0.21646440419497914  0.22601645400875106  0.23617086956044353  0.24699670036602181
  0.25860730717280028  0.27112011033672095  0.28455030198944925  0.29888870835538273
  0.31425605431879050  0.33073974616365470  0.34852952519726582  0.36801144876676228
  0.38938789627808934  0.41264011894784658  0.43813544910540136  0.46646670300612625
  0.49830447141321044  0.53441490740057707  0.57725248584507449  0.63077510387885449
  0.70728248015204209  0.80841847817204748  0.85594535284020457  1.00000000000000000
 -0.00108089738073213  0.00409531848431712  0.00938157598412911  0.01463944891357490
  0.01994186554616605  0.02532321409568128  0.03073856322574504  0.03616854205137171
  0.04163222039015183  0.04712475699637475  0.05261241075270090  0.05813688619711888
  0.06371656196843201  0.06940961701261918  0.07517211236603938  0.08097783335279471
  0.08680299110265637  0.09268736425369679  0.09858505805863459  0.10447430890400147
  0.11038035811947206  0.11631686679261168  0.12230196106058480  0.12831512801139167
  0.13431915899999217  0.14036014016462117  0.14645402116781517  0.15260599466988578
  0.15883370571437821  0.16508985089406458  0.17144144436364939  0.17785291081790053
  0.18433135104627471  0.19096358965276164  0.19770327908852808  0.20447690914301522
  0.21127633741229920  0.21816328529792778  0.22512342295312196  0.23212290847536846
  0.23913865085761019  0.24617566106285682  0.25326163490440606  0.26037366192151845
  0.26752325437655666  0.27481270281091363  0.28227383785659366  0.28987047892020534
  0.29758694195923602  0.30536496015175790  0.31324291278779454  0.32134254446045518
  0.32959084180937892  0.33789705389617730  0.34615752786556547  0.35450970404481857
  0.36306328179347197  0.37172490319843998  0.38052298741409862  0.38949498459189302
  0.39860453584530725  0.40784390338228949  0.41719821811004609  0.42673049223224629
  0.43652200919011769  0.44648495477786559  0.45653878095633676  0.46670191444068371
  0.47702173468316633  0.48755284493936130  0.49816001808188543  0.50876695996685817
  0.51951693026613210  0.53053346407467572  0.54198562234548331  0.55377917164050339
  0.56590871370193019  0.57827647045356045  0.59100293944173088  0.60415398115404617
  0.61783450197886891  0.63226253904930863  0.64751253794565677  0.66309634659488648
  0.67921194931817053  0.69620486412073179  0.71430374281780851  0.73336888988248961
  0.75343198847248849  0.77483220002156961  0.79817877511646373  0.82405941128359805
  0.85320445003459477  0.88764566369663922  0.93353330168383120  1.00000000000000000
 -0.00233312314177923  0.00912376974183666  0.01914847881802763  0.02988248387909506
  0.04058875734915032  0.05137777604385650  0.06197054325374297  0.07220367217608570
  0.08249888053043727  0.09297555039840071  0.10320251691206450  0.11369199424033745
  0.12403984971041121  0.13446385458808699  0.14473713819477230  0.15513221271604419
  0.16554415920796392  0.17585737261477741  0.18613122959297543  0.19667268467336885
  0.20748668469061704  0.21817538582825027  0.22883882489143126  0.23940483667351484
  0.25000220498535503  0.26066320997185194  0.27164042680308909  0.28187980774311167
  0.29251441658488397  0.30267869779043138  0.31323597868418057  0.32377781400857897
  0.33452290420075220  0.34494133122966031  0.35524120905872036  0.36547587323535136
  0.37577075487216799  0.38597969798754700  0.39620665706119834  0.40666948979269252
  0.41728334779506104  0.42778551948339005  0.43832892177157950  0.44882708815993599
  0.45919016892678033  0.46955709977396659  0.47993285895798332  0.49067760426400508
  0.50142007119609544  0.51209974374204981  0.52266156657074936  0.53324866055948517
  0.54386477320000237  0.55461840504820858  0.56519751360703019  0.57562173146596907
  0.58598828162794947  0.59659422378216620  0.60745960778266561  0.61801995711687718
  0.62873148540937729  0.63908510102776006  0.64978813566634985  0.65996856349439903
  0.67030610737638563  0.68070889960074876  0.69131762942660513  0.70203563731300123
  0.71251910246662098  0.72308115369968351  0.73369983044659670  0.74443033613552734
  0.75511825454951009  0.76567163883302891  0.77641646265371167  0.78704782065267909
  0.79769410923270756  0.80815338432188366  0.81874494538080289  0.82926567649187566
  0.83984763310695321  0.85035446192479547  0.86097258396684351  0.87123390607482287
  0.88187458158220500  0.89242288406668280  0.90324968007740125  0.91365709122210725
  0.92430797389659669  0.93506609709749744  0.94598979656620175  0.95680079285818942
  0.96769874812636347  0.97847279421825006  0.98927037853604860  1.00000000000000000
 -0.01443615051485812  0.06449323286003607  0.11067386388313601  0.14556871606958427
  0.17514375016778133  0.20144314242179281  0.22498962814490267  0.24640867181258641
  0.26624288129483531  0.28493690264605664  0.30270766493585272  0.31953866049626772
  0.33539089333401029  0.35059967718156687  0.36531077901319203  0.37967383415274353
  0.39364977680336749  0.40723155111078874  0.42035381758875684  0.43299108997907959
  0.44517860633128420  0.45715780712157961  0.46903128470941230  0.48062968819632795
  0.49177445470392861  0.50259553381912270  0.51321526204427825  0.52369960577707708
  0.53393329015611091  0.54397286094686703  0.55389697414379702  0.56370782647079887
  0.57335918141027553  0.58283190556176923  0.59217870476392886  0.60145849727044109
  0.61056959122885357  0.61949398458453508  0.62827360371728358  0.63692541480913423
  0.64551332768093783  0.65394190672479724  0.66231244280567358  0.67060619836672797
  0.67883067788218798  0.68692256777456362  0.69484471439521411  0.70269012933873742
  0.71033931488369395  0.71781162849333491  0.72526847044736953  0.73253224337795386
  0.73966252295185686  0.74669067144486623  0.75364581360039451  0.76051182935574835
  0.76733155941140685  0.77415901163794898  0.78099639532861809  0.78779506520918519
  0.79455891219598929  0.80128716943302547  0.80794346846760601  0.81450083859544842
  0.82098758768879587  0.82739184440256275  0.83376971088236473  0.84018409704285513
  0.84657077483018706  0.85288537840912870  0.85910518538444924  0.86523774218661720
  0.87134472311227795  0.87740833868719426  0.88341638001416722  0.88940841988445263
  0.89536814078413063  0.90129378973361118  0.90720124693802817  0.91307418077454117
  0.91889118651156731  0.92464620434869704  0.93035426428806245  0.93600699986336744
  0.94158132924229254  0.94706288775210368  0.95249939643959236  0.95787052952047891
  0.96317664072188158  0.96842651661854773  0.97367645178750539  0.97895899524148078
  0.98423864325506005  0.98954676190316571  0.99477067701856614  1.00000000000000000
 -0.00234248598405078  0.00921581679091526  0.01925761022073208  0.03010385355455250
  0.04064687976647072  0.05147676212921482  0.06204858231069732  0.07272205427814989
  0.08323343378647606  0.09379062650762945  0.10438008952054546  0.11507485375932396
  0.12565408579915671  0.13626782152933811  0.14681512972447400  0.15749899706870435
  0.16816902376434412  0.17887487846853023  0.18945509494734181  0.19996092430529308
  0.21050626648112228  0.22098452865387308  0.23143561413371916  0.24197872484999156
  0.25269119591322947  0.26346973496698167  0.27397595646250594  0.28450959599933168
  0.29523347430851016  0.30602745292658223  0.31669946270394478  0.32727060229409749
  0.33797710922627944  0.34853914044246109  0.35897467779278092  0.36952848428394508
  0.38006474031588433  0.39079286889473663  0.40148035078765343  0.41219368224728592
  0.42290095469600691  0.43344139103276769  0.44396252747113640  0.45446213462551643
  0.46504953010009570  0.47565235368353298  0.48620785655913340  0.49681747317896463
  0.50749449833096172  0.51810042572062909  0.52853996789825231  0.53890051011785756
  0.54923510485313443  0.55949902329471157  0.56984135915711076  0.58026416446158713
  0.59087480978983919  0.60142355715181517  0.61195489811753723  0.62258245324780770
  0.63327565100842342  0.64386863878012623  0.65441035493571076  0.66489388392246707
  0.67541367219533233  0.68594725387480338  0.69652051155914985  0.70712871836592450
  0.71780524542060020  0.72841407916883438  0.73916880702549004  0.74969676877400859
  0.76001754683504441  0.77036306705291369  0.78073115791158898  0.79115607243350672
  0.80156641064503220  0.81197097836103083  0.82255619962333737  0.83299851125956104
  0.84357900027121302  0.85408001265456235  0.86458504997437191  0.87499616853321804
  0.88554527502305680  0.89609792456175208  0.90668287050600282  0.91711156180734721
  0.92735543947889953  0.93762836330165023  0.94791240666558974  0.95819035094923677
  0.96855692290694850  0.97883990079931449  0.98967742245092394  1.00000000000000000
 -0.00228136194726934  0.00912519171117761  0.01915216857894978  0.02992001791318187
  0.04043283214131856  0.05105133034251561  0.06143237441193216  0.07197327302196256
  0.08254609698259921  0.09325135178120818  0.10384662273669845  0.11434225413277198
  0.12483164202041876  0.13545263056042237  0.14610216946635876  0.15668305310485345
  0.16721264898495522  0.17769954491275353  0.18825518578174052  0.19874555338316865
  0.20941018636640565  0.22000395850691007  0.23073649762059076  0.24147748949128420
  0.25218919198116513  0.26301019230163997  0.27376160870631872  0.28454154937201820
  0.29532782530528379  0.30608394240065068  0.31680860448429526  0.32745187443328050
  0.33804796360247041  0.34861194894821934  0.35911779355170836  0.36962108921058973
  0.38012097208073881  0.39063978503148045  0.40120031142797880  0.41178597399526962
  0.42252995419975925  0.43326277045627282  0.44386334824497675  0.45433052677945879
  0.46480525496600567  0.47531407531335534  0.48576126253812124  0.49612309587648623
  0.50652310039343507  0.51698068206341086  0.52739234688774295  0.53778212824224403
  0.54823764825498467  0.55875274360475424  0.56934635294103764  0.57989389728916685
  0.59053835382121600  0.60116626108333804  0.61171896273961379  0.62219063622925164
  0.63271515209130724  0.64321921643233726  0.65376786486595273  0.66425011337674122
  0.67463286070862105  0.68504018998136962  0.69559788740876027  0.70609998510499328
  0.71641693510364768  0.72668920275951387  0.73733930645938239  0.74804615939610242
  0.75876289122741647  0.76940430617881417  0.78007293170289116  0.79068059842987015
  0.80148543889147972  0.81209785791222244  0.82240613928088702  0.83264164871993906
  0.84291549645020469  0.85335359900649810  0.86364243614655933  0.87373106791574862
  0.88453519703308814  0.89541574499780840  0.90574132408293051  0.91615406918048392
  0.92661726011790468  0.93721792797712511  0.94773625876989387  0.95817280059962351
  0.96847769141718232  0.97881140113132692  0.98941975951902073  1.00000000000000000
   6.6609813566878860E-008  -1.0000000000000000     
 F F F F F F F F F F F F F F F F F F F F F F F F F F F F F F F F F F F F F F F F F F F F F F F F F F F F F F F F F F F F F F F F F F F F F F F F F F F F F F F F F F F F F F F F F F F F F F F F F F F F F F F F F F F F F F F F F F F F F F F F F F F F F F F F
  <DiscreteSampler_grid>
  grouped_processes
  1 # 1 for a reference and 2 for a running grid.
  10 # Attribute 'min_bin_probing_points' of the grid.
  1 # Attribute 'grid_mode' of the grid. 1=='default',2=='initialization'
  0.0000000000000000 # Attribute 'small_contrib_threshold' of the grid.
  0.5000000000000000 # Attribute 'damping_power' of the grid.
 # binID   n_entries weight   weight_sqr   abs_weight
    10   10   2.651808387402951E+005   3.163644821403049E+011   2.651808387402951E+005
  </DiscreteSampler_grid>
