  0.00233308144261835  0.01625403604905735  0.02988627674443038  0.04161894396506680
  0.05314065582758831  0.06438198012516468  0.07552212625242244  0.08665064791222454
  0.09781998520328157  0.10885612282161142  0.11980852407058896  0.13088507011443926
  0.14201877119178460  0.15297444232040266  0.16383721493500147  0.17467627487277232
  0.18546627473525795  0.19608332343596610  0.20665649260502392  0.21727991755411458
  0.22805104663814313  0.23874781666546221  0.24942024016944819  0.26003388867713434
  0.27056135090021283  0.28102280094241089  0.29139508588077029  0.30196940588967541
  0.31261149096173929  0.32322788390181939  0.33390891717709248  0.34476076861945859
  0.35561074136948095  0.36621181590006341  0.37670887681497944  0.38743955313813855
  0.39817569069157516  0.40866255313942057  0.41900494697067314  0.42924612803436429
  0.43946722528106613  0.44974927397087544  0.46007780032675039  0.47041269680630587
  0.48068229974171461  0.49085919350186380  0.50098230229858576  0.51109519691768079
  0.52127868609780736  0.53155398961794975  0.54186820655937551  0.55222971400871401
  0.56267090759446137  0.57317847118698118  0.58367929143612440  0.59406329950794412
  0.60432026751115264  0.61453886044845851  0.62478363284848470  0.63510600976876252
  0.64553595018984156  0.65608512492891347  0.66666591663453978  0.67714555985084879
  0.68749529073279803  0.69775835148461918  0.70802668357908327  0.71834715837447061
  0.72868389751017637  0.73896800018340225  0.74916581298449092  0.75928772254207766
  0.76932520461315079  0.77935058928040613  0.78945558070246125  0.79968683776963378
  0.80998670727138844  0.82026781675858740  0.83051548513126527  0.84075323993350992
  0.85094152972054937  0.86111206448886801  0.87128208042137034  0.88148779155287260
  0.89167735333523246  0.90183034810812057  0.91180918426841373  0.92164070515069096
  0.93138864153148715  0.94104408105804493  0.95053237581681727  0.95986826511201107
  0.96887600728468481  0.97749607887904189  0.98554480566645297  1.00000000000000000
  0.00238758098420573  0.01617454298728895  0.02990074372907135  0.04180127314068008
  0.05348614829413821  0.06503837924284225  0.07633611157735924  0.08767522541182689
  0.09880207166710935  0.10983874146581915  0.12072825179351128  0.13133304750048636
  0.14213011716041007  0.15287851910984232  0.16380314731571047  0.17456895259617194
  0.18529269525096032  0.19576471883006111  0.20626454439315259  0.21679654887402564
  0.22719347261689152  0.23756715586937846  0.24794732891546681  0.25851426268941757
  0.26921285473976359  0.27984710564071436  0.29053427736335236  0.30113152820579148
  0.31177072738493139  0.32241279993367578  0.33301751692877729  0.34364252638034049
  0.35421817583660936  0.36473248470209824  0.37524163199489008  0.38581751087365757
  0.39649531718520969  0.40715408573430817  0.41782012247221884  0.42854973549247966
  0.43929690574013774  0.45003535026436348  0.46071075217724605  0.47112913345955254
  0.48137572017666480  0.49158502076399740  0.50183613088409773  0.51217106629864251
  0.52243549739846251  0.53251682544225543  0.54253224552611801  0.55264646355170466
  0.56283980389993549  0.57306192004124668  0.58335469000708151  0.59378289204616763
  0.60428040216816215  0.61472040941422346  0.62513349359795189  0.63550037844971041
  0.64582087150506973  0.65609709159492879  0.66639435240243572  0.67677040666982935
  0.68719725239138485  0.69769169594058433  0.70820561153289885  0.71872083719187463
  0.72918171367371365  0.73952343003963672  0.74983570552352397  0.76020267371066352
  0.77045072687563265  0.78062794393052792  0.79074595614991439  0.80083917153277906
  0.81091794590278266  0.82098747008682993  0.83113013314979822  0.84127292812305954
  0.85135269095123689  0.86140948638506420  0.87140895116255879  0.88130009649593388
  0.89108449130952749  0.90095134445050651  0.91074960641866931  0.92045848597100544
  0.93008588846931894  0.93968147234309851  0.94926800666791222  0.95873522349232421
  0.96788792607861762  0.97662017546755364  0.98473153287801696  1.00000000000000000
  0.00802211212910628  0.00976132899076743  0.01092660013998611  0.01195218252758343
  0.01299768348130126  0.01410121948864615  0.01524414547300601  0.01641378136389922
  0.01759104786450057  0.01877290709259294  0.01998126871558604  0.02123587174428295
  0.02252345327702797  0.02377737910278408  0.02495788388083385  0.02605806940803605
  0.02703895115272048  0.02809600710473511  0.02933773402602252  0.03059647453508626
  0.03186129823130799  0.03315520660628177  0.03445807533663197  0.03578555801823618
  0.03714069315979487  0.03853868652798088  0.03997548425200555  0.04143895848938277
  0.04293621368902784  0.04447119596384632  0.04606114213550382  0.04771559098694353
  0.04944988180556621  0.05124807708540893  0.05308900770918853  0.05498097395566927
  0.05693108990877047  0.05894413508959993  0.06101513563791752  0.06317233403878030
  0.06542578356068705  0.06778085851096677  0.07022289992389455  0.07274143944583088
  0.07534581478979506  0.07804340769423522  0.08084749342535301  0.08374941847399479
  0.08678072616391704  0.08994937037105707  0.09326342478363972  0.09670417396478326
  0.10024255562813422  0.10388979810442230  0.10767319141519614  0.11166516793616750
  0.11586945587403685  0.12021925771728988  0.12469898273180462  0.12935085360182297
  0.13422588015568965  0.13935733505989051  0.14472737846622893  0.15032604521197757
  0.15617264821037316  0.16231804316328485  0.16880391159006627  0.17557473738401305
  0.18265372670471383  0.19012493480185183  0.19811028041749451  0.20654597905267316
  0.21542336356540531  0.22477274523982363  0.23471655291810284  0.24528653199148095
  0.25648984094618260  0.26839199179908008  0.28109754825909727  0.29483137660209863
  0.30964701124688754  0.32539179505890214  0.34232885865067658  0.36096462173038996
  0.38137709307779155  0.40354678632798546  0.42780559966148640  0.45467040738144432
  0.48475037897089029  0.51904424464668508  0.55893049138221240  0.60674122587981183
  0.66986938011262309  0.77054202082419965  0.87497415860607097  1.00000000000000000
 -0.00104296789260809  0.00397514171117221  0.00920376097303319  0.01435978990040149
  0.01959343532496609  0.02486540376203666  0.03018956435741428  0.03559024675940746
  0.04104855384011290  0.04655060144480889  0.05206701509898064  0.05760520831508527
  0.06315482546738438  0.06873454097713566  0.07440931411954427  0.08017496718963572
  0.08594861346370014  0.09172163840806861  0.09752702537614867  0.10337588783470937
  0.10927507976916287  0.11518946996819325  0.12108560668924964  0.12702111076099160
  0.13304515190191896  0.13918057818676161  0.14540155109517711  0.15163171632029485
  0.15785393151020305  0.16410484595161312  0.17045900380522105  0.17691278351908735
  0.18340589270423605  0.18997952840784676  0.19659870737092225  0.20328455291345343
  0.21005156874220784  0.21688822123070106  0.22378167053662082  0.23075793456031013
  0.23783654758129238  0.24499543193219836  0.25221524811295426  0.25951911373541880
  0.26693433062416561  0.27449019817757409  0.28207104978485509  0.28966766684046269
  0.29732954261014832  0.30510318527272262  0.31300771660986526  0.32104594187917557
  0.32911469670752735  0.33731888969683821  0.34566265864214418  0.35408678994140785
  0.36258387552186672  0.37119759153187931  0.37991632163386563  0.38873803544155483
  0.39765619222441506  0.40673414878036185  0.41601121207882052  0.42555390447285052
  0.43528464641633946  0.44520797960707076  0.45525677649162838  0.46543685442845462
  0.47577387229243318  0.48626770164870237  0.49701352496804246  0.50806077947580264
  0.51925115600839933  0.53034486249001500  0.54166613660623797  0.55342578192910674
  0.56540834005233120  0.57755380773210707  0.59016900859117327  0.60349947558737149
  0.61719360913401800  0.63149781042127184  0.64644258298377577  0.66202701109480888
  0.67828431321132743  0.69534149674780166  0.71332456350830598  0.73225972378558746
  0.75239525215220704  0.77397679428867039  0.79727460143496143  0.82293821906787690
  0.85228231774954011  0.88723615141480572  0.93324824835079900  1.00000000000000000
 -0.00221968838604647  0.00894283271467189  0.01905942185627807  0.03003486557176308
  0.04085552837220716  0.05163395344395295  0.06235397194416049  0.07309398394104290
  0.08368214438335572  0.09414170525239536  0.10453506781954688  0.11507334457521583
  0.12565581607602558  0.13614990194447574  0.14652504211274575  0.15694728135860131
  0.16750549212762994  0.17813192769950517  0.18863281734325185  0.19919712868090245
  0.20972103941656878  0.22047192087540948  0.23100260280592019  0.24141937750769787
  0.25183223962543078  0.26228256017502211  0.27269048248201988  0.28291563020839144
  0.29327634078963799  0.30365413648170464  0.31419411876382408  0.32478035565781954
  0.33550754386416831  0.34629651006329387  0.35701133900011850  0.36757256044536313
  0.37812473873502461  0.38852372576699123  0.39908978399978856  0.40953399796314560
  0.42026999558191713  0.43099982732742281  0.44176237467335955  0.45242954338398478
  0.46303278615792043  0.47376341476220069  0.48438820531268634  0.49488892660709027
  0.50531291197497308  0.51588624654420490  0.52645337670721915  0.53709818590347691
  0.54739306397910681  0.55776029166571250  0.56804117121132092  0.57827729320534793
  0.58871516620197517  0.59886733506023160  0.60941988656566459  0.62000971291554574
  0.63038158992464821  0.64063639923506244  0.65103532913460860  0.66148509475318851
  0.67185921286769734  0.68208951443944399  0.69256899012971262  0.70317454211368613
  0.71360384268681110  0.72412955946225410  0.73481355216597344  0.74562803623884288
  0.75623286467508533  0.76660929859400062  0.77721636642564262  0.78788379337271319
  0.79853884337678871  0.80926189086923916  0.81997327456423319  0.83070189496765690
  0.84121235505189895  0.85142572319222420  0.86194315589785253  0.87229663949682779
  0.88274523163692398  0.89318786097237546  0.90400073555141935  0.91477993258956647
  0.92555265370993434  0.93617241420740382  0.94698593342018655  0.95747213924639596
  0.96804496777794558  0.97840307800137827  0.98930100697667478  1.00000000000000000
 -0.01415284830751640  0.06356833309131990  0.10960672691982166  0.14490990742733062
  0.17455362612102482  0.20065731010483823  0.22417525739190475  0.24579328590863148
  0.26599220686946146  0.28485777903468090  0.30238708921993601  0.31900973225941626
  0.33500318889795677  0.35018650945446134  0.36502307517519389  0.37935067792153265
  0.39305059511642676  0.40637723508435647  0.41944563094289061  0.43221049585575461
  0.44472795037606244  0.45694616097100765  0.46882069892340689  0.48040106027277851
  0.49163029537002750  0.50249652977351900  0.51301824864017720  0.52339768330693115
  0.53371474281668796  0.54391788830751209  0.55384345019841330  0.56351173997052750
  0.57298939695816697  0.58236238915378646  0.59153286416449169  0.60050680212789986
  0.60926649714646952  0.61782233651329799  0.62628762270133442  0.63474842766749506
  0.64315145634638060  0.65153321276086529  0.65981846969298852  0.66793812869481639
  0.67592822155130583  0.68383788814063529  0.69167730693977736  0.69957826620567320
  0.70741537159542589  0.71510868448998466  0.72268518250034808  0.73019192147237366
  0.73759651840100948  0.74495120293818240  0.75221884490600077  0.75937732615810916
  0.76649071214421394  0.77350498697107861  0.78045954661617778  0.78730826946480748
  0.79406118514458635  0.80071893350238021  0.80732527508123653  0.81386311295678804
  0.82035665569737493  0.82685632705416956  0.83333535325649477  0.83977896113210293
  0.84617903792804683  0.85250327330460851  0.85874661386855655  0.86490240377800853
  0.87096924190562097  0.87700133444665429  0.88304998047609062  0.88908439412224549
  0.89504548088606284  0.90092638526589774  0.90675464621009960  0.91254934298049339
  0.91830766658964402  0.92402173551727873  0.92970920388645528  0.93538285644421493
  0.94102141212054480  0.94660289425038058  0.95214383582140860  0.95764806656827228
  0.96308747272009632  0.96851184088344966  0.97389428799204347  0.97923170590369468
  0.98446255349254908  0.98960473762728585  0.99478587052362288  1.00000000000000000
 -0.00238441742857441  0.00935396777855564  0.01959116403109630  0.03016898834363784
  0.04078216753780600  0.05147406714197550  0.06226124009123640  0.07300986705318768
  0.08368646009178517  0.09423180645927465  0.10473462002124102  0.11522234943782426
  0.12580541603942785  0.13639095926395498  0.14685332397481368  0.15722780250044566
  0.16770547047774559  0.17828771286102260  0.18880164458798185  0.19920388979055423
  0.20974180123285396  0.22021987575403940  0.23075910443666556  0.24129914311341444
  0.25171796448347417  0.26211786817450150  0.27252954747087843  0.28312759201553289
  0.29374711625755145  0.30426547992982600  0.31491442476995218  0.32552096556708027
  0.33623161998013262  0.34700612297266986  0.35778897313087937  0.36849317118950536
  0.37898991638716162  0.38949714495914961  0.39996635639779426  0.41057143161767912
  0.42119188249821993  0.43177976971105225  0.44245610771722382  0.45319897092729400
  0.46392169346774853  0.47471371004278917  0.48548702116369979  0.49624709259880051
  0.50690702852720837  0.51762974170935705  0.52834355795109100  0.53896685915516296
  0.54957038631751054  0.56012771477008949  0.57066584187437452  0.58113205281223013
  0.59159134797797974  0.60208937450990785  0.61257638091763045  0.62315026519052108
  0.63369318510459804  0.64427399506983263  0.65489419793546089  0.66562025641915279
  0.67633795308532207  0.68690361607762696  0.69736485931785552  0.70781088184822394
  0.71828987737832761  0.72876161654385085  0.73930069937293852  0.74988920944266180
  0.76043707951863815  0.77091871500061648  0.78138487689089775  0.79172576992683286
  0.80193899435237892  0.81221698179038537  0.82260644107493097  0.83283173043416103
  0.84312184403968815  0.85287841268737152  0.86366150757191917  0.87428350121339882
  0.88502668243747640  0.89581140938086756  0.90618209844527531  0.91660418689570722
  0.92695180586113812  0.93732103713068660  0.94764080303172316  0.95762381047551282
  0.96833053666267099  0.97878428071140966  0.98944866822739941  1.00000000000000000
 -0.00236399797599950  0.00920733223571728  0.01940626726129853  0.02980859211014357
  0.04028926496888227  0.05078099058729206  0.06146566491887091  0.07205696637739827
  0.08259969814290688  0.09304477930656137  0.10346498702355736  0.11418009956423369
  0.12488857328964076  0.13556334528173536  0.14614168111390063  0.15676789571887703
  0.16741314039602381  0.17780373534210933  0.18821939819203759  0.19834131417643705
  0.20875775660459889  0.21934482220736107  0.22996908107175451  0.24070098114239682
  0.25138455432379558  0.26202138939169450  0.27255729766150844  0.28297913014923326
  0.29352169492332442  0.30401226670640807  0.31472853255160971  0.32526967053066075
  0.33578380961220655  0.34630279906480815  0.35689267263843255  0.36769844206505298
  0.37833378939470791  0.38897066396453073  0.39964319982506002  0.41029119614771720
  0.42090028361600129  0.43150429954829883  0.44208206990218873  0.45267648112555303
  0.46318676543953358  0.47356520708927469  0.48401533429399046  0.49440580635196762
  0.50497901519045840  0.51553440077049184  0.52622005172758413  0.53691604022967354
  0.54768638951081583  0.55841752430241609  0.56913312839216501  0.57982530781466579
  0.59036572598312209  0.60083612461925651  0.61121391104814993  0.62161996657602658
  0.63188719166959284  0.64196554241139703  0.65242878931612847  0.66295232106083068
  0.67358536833614757  0.68404914687035823  0.69444373615648292  0.70504077354545580
  0.71573446802977159  0.72631315817243292  0.73685815321978954  0.74728898221817475
  0.75790393074401052  0.76839721415726625  0.77892881468072217  0.78963226255423358
  0.80019094986532491  0.81058860760585261  0.82115883181927340  0.83163600424195805
  0.84207089693955617  0.85235244904313434  0.86289141415452253  0.87346394588931597
  0.88387976292355153  0.89433165086575406  0.90515844995956263  0.91586457203443339
  0.92646136468698137  0.93704808751646818  0.94767873246132905  0.95831135139319690
  0.96861055129457407  0.97906165505278586  0.98955749735539533  1.00000000000000000
   6.6775506213726447E-008  -1.0000000000000000     
 F F F F F F F F F F F F F F F F F F F F F F F F F F F F F F F F F F F F F F F F F F F F F F F F F F F F F F F F F F F F F F F F F F F F F F F F F F F F F F F F F F F F F F F F F F F F F F F F F F F F F F F F F F F F F F F F F F F F F F F F F F F F F F F F
  <DiscreteSampler_grid>
  grouped_processes
  1 # 1 for a reference and 2 for a running grid.
  10 # Attribute 'min_bin_probing_points' of the grid.
  1 # Attribute 'grid_mode' of the grid. 1=='default',2=='initialization'
  0.0000000000000000 # Attribute 'small_contrib_threshold' of the grid.
  0.5000000000000000 # Attribute 'damping_power' of the grid.
 # binID   n_entries weight   weight_sqr   abs_weight
    10   10   6.290299095229162E+004   1.734996904908380E+010   6.290299095229162E+004
  </DiscreteSampler_grid>
