  0.00243214668778141  0.01641636964430365  0.02982824931716922  0.04164730543086502
  0.05337885144748589  0.06507711700124995  0.07657898238004980  0.08796179978858398
  0.09923386944685082  0.11036227272078880  0.12135862270829181  0.13233201258618782
  0.14328855499841381  0.15425622537561992  0.16523562096231229  0.17619956193773123
  0.18708461178668293  0.19793879763910002  0.20876907289373769  0.21973363247896863
  0.23074407843933420  0.24162813083887980  0.25246865435467769  0.26339005391838882
  0.27438953481923956  0.28537678590249871  0.29634920507433526  0.30737138873160852
  0.31835026612705986  0.32920513974525073  0.33992355361528226  0.35057883720073418
  0.36128359881545746  0.37198371377253225  0.38257448621980522  0.39307485759844440
  0.40363878941806181  0.41421211572021110  0.42457690983749258  0.43478111208584425
  0.44500923478233567  0.45532664250730459  0.46570168756246610  0.47624662631406506
  0.48704910188789813  0.49804236038999339  0.50900667681930378  0.51987101224865462
  0.53066018523841763  0.54138661632936980  0.55201945814703846  0.56254314291758112
  0.57297952780332717  0.58343779956282016  0.59394535155537587  0.60443684019739818
  0.61489401037707603  0.62532027249022548  0.63570495264502658  0.64600271654328323
  0.65631273223191389  0.66670882505223261  0.67721529757897481  0.68778907967239677
  0.69840230362320099  0.70897678394811303  0.71953548387507815  0.73003603562639086
  0.74058318195215300  0.75109434816970910  0.76162057058301591  0.77205403579421605
  0.78239399801164111  0.79267715942319850  0.80302223635771430  0.81343715096801461
  0.82389927310618105  0.83437338904366776  0.84454116719324468  0.85457988340828250
  0.86466374561283510  0.87470296081867160  0.88465830779789967  0.89452066397604357
  0.90436818801094454  0.91421469794841781  0.92397698296480912  0.93380097407736962
  0.94357780671992109  0.95313505429291234  0.96244408868656373  0.97137443539130652
  0.97964193819139345  0.98678879242502016  0.99351057079592509  1.00000000000000000
  0.00234500643449751  0.01633061665289153  0.03016090167241933  0.04218342095971329
  0.05347033859020969  0.06452325125663899  0.07566296872256897  0.08661799101821487
  0.09750634416690802  0.10854834435027542  0.11985481900485702  0.13103057577125127
  0.14207178178410029  0.15301718124286964  0.16401838077124170  0.17488886450169691
  0.18567935040433614  0.19646535742850496  0.20734576871016699  0.21816233289300693
  0.22884916372655062  0.23954549564794034  0.25036547240418211  0.26126436739362352
  0.27211424280153579  0.28276875174424598  0.29332657107821403  0.30379341670576565
  0.31431409099604446  0.32491863247802111  0.33553455732803777  0.34604956668205328
  0.35653657004242689  0.36707284986173766  0.37767486094476316  0.38825562440034089
  0.39878441145561344  0.40923189845380298  0.41958868448526448  0.43005318532549969
  0.44072217633284733  0.45149518099829994  0.46216989032176148  0.47271254750186487
  0.48314651875033460  0.49354352932783763  0.50387796062538504  0.51412504117094271
  0.52439292140251959  0.53472506681416154  0.54517806346540210  0.55570593398823820
  0.56621294212955320  0.57672564264675896  0.58722348231448906  0.59765213982134069
  0.60801724994185746  0.61829693390789653  0.62863924762350698  0.63909300385032919
  0.64952737363951740  0.65997494399020218  0.67040961887565698  0.68084674354067609
  0.69122192095120860  0.70156817743509348  0.71192987004473729  0.72224939131922117
  0.73253022983229743  0.74278365574529004  0.75302358754700049  0.76340715147958060
  0.77375851862272149  0.78404659239089225  0.79424418432426058  0.80443457258648177
  0.81458428209430489  0.82472198463338842  0.83470231851645893  0.84471988417891253
  0.85471687980154154  0.86464321573186642  0.87463199636650424  0.88462359321462269
  0.89473939320696083  0.90429312660276195  0.91390705162797381  0.92346479525579417
  0.93291402289684933  0.94224563759598357  0.95129771972486676  0.96035944968402220
  0.96929113078895535  0.97781836324154359  0.98572698201039555  1.00000000000000000
  0.00608337029972936  0.00823798434010134  0.00968318920023349  0.01100833374017387
  0.01231693406816776  0.01362618538736338  0.01479647005810981  0.01600728403249115
  0.01725923655718677  0.01853034307529775  0.01979956665402465  0.02109292525421525
  0.02240066304322457  0.02365117523005116  0.02485311893914910  0.02596693399911955
  0.02697895988426121  0.02804095332381781  0.02922614903596643  0.03046314535813015
  0.03171449323570635  0.03298207988577323  0.03426373683639495  0.03556941756672920
  0.03691047142775465  0.03829214933733194  0.03971685585086027  0.04118474723556440
  0.04269709620677055  0.04425400313973744  0.04585472778400385  0.04750517852820311
  0.04921310674695314  0.05098054380164817  0.05279992960315655  0.05466103263611591
  0.05657539394146202  0.05855815428151282  0.06062759819503199  0.06276952607101696
  0.06498394709223659  0.06729198692173614  0.06969216956638509  0.07217623900987663
  0.07474404794182742  0.07741725244005568  0.08021718658484504  0.08312290050369935
  0.08613466754552700  0.08927548250466323  0.09253506277565648  0.09590884399272892
  0.09942924779153021  0.10310203701666364  0.10690596689600680  0.11082361899373919
  0.11491767376676863  0.11920636019755786  0.12365010926100065  0.12829078605906344
  0.13315015864311461  0.13825127718873054  0.14357364631568734  0.14915218970233754
  0.15496643256554238  0.16102400754732554  0.16738310224335951  0.17415519583855463
  0.18138497641714471  0.18900248095520480  0.19691259705667100  0.20515657153519157
  0.21387617595427272  0.22319316111322890  0.23304726553282709  0.24345270921646120
  0.25447185264452793  0.26623816519572824  0.27880063125181287  0.29229355930184497
  0.30674590588329281  0.32220983643299722  0.33896968535209099  0.35720180829407022
  0.37684964728062464  0.39821721265705318  0.42180686092949377  0.44812583232949310
  0.47760050361004719  0.51072234654019510  0.54869370133670337  0.59401636469997821
  0.65099213005673651  0.73343013214396313  0.84068171644130318  1.00000000000000000
 -0.00105929711438328  0.00396716101353726  0.00930344159413133  0.01466706349874299
  0.02010932698224777  0.02560286022337115  0.03111436087828358  0.03664019697926122
  0.04218780533335497  0.04778685434893067  0.05345623949678117  0.05914920009350312
  0.06481087272417972  0.07046571445112190  0.07614203321575959  0.08183627217935772
  0.08752136726676471  0.09322796896215271  0.09903921105655676  0.10493764479367790
  0.11088155743617578  0.11688046464665965  0.12292692207925078  0.12903544022413491
  0.13519474907798998  0.14136405665039029  0.14761986743786329  0.15399018469391984
  0.16039631954286773  0.16687696435402841  0.17341313402418485  0.17998489164554388
  0.18659519766360716  0.19326013251470495  0.19999563957992761  0.20681411222938928
  0.21370445897086279  0.22066244482628083  0.22767779219062673  0.23474795944453206
  0.24187915184061462  0.24909859642510099  0.25628334687212345  0.26351486890192966
  0.27076256895302708  0.27794833290897936  0.28528705991176734  0.29276891204216543
  0.30033623815108673  0.30798725281918504  0.31567320298864815  0.32340599317977864
  0.33123674072535936  0.33922210910237693  0.34732480339064747  0.35545869138872160
  0.36368690877411508  0.37205711835497585  0.38061190534219713  0.38925758077534606
  0.39806417867700661  0.40699571850314031  0.41615674236024580  0.42565641138928934
  0.43533887238030383  0.44515354497441129  0.45513787686383944  0.46527916072285691
  0.47555764521962784  0.48590148999671845  0.49641727347877784  0.50718903105674895
  0.51810474056615063  0.52935522145949243  0.54088782751736242  0.55287423184529016
  0.56517535800330299  0.57774481706581660  0.59060680142531419  0.60382237138256512
  0.61752099971032470  0.63183112872284652  0.64687597835247923  0.66266668742525825
  0.67920272678722882  0.69636532868699452  0.71414872916752392  0.73271934466701361
  0.75261081610916758  0.77433180504862076  0.79813359952650054  0.82407321592758798
  0.85331713838247514  0.88811333037273799  0.93347891436588881  1.00000000000000000
 -0.00224359401780601  0.00887366403591286  0.01900513691043083  0.02958139648696546
  0.04031055267200312  0.05100152982556424  0.06174334281216880  0.07249738613873369
  0.08307284480410065  0.09351859984199630  0.10398751731826245  0.11449566494068446
  0.12497029925992700  0.13569852253760653  0.14635501567677900  0.15691558011873921
  0.16743757040143339  0.17782738307430790  0.18825177083630784  0.19854594729560382
  0.20894713808676810  0.21951091814612347  0.23006332431048820  0.24063308915067982
  0.25121101009961638  0.26178456590297017  0.27241392116963792  0.28317938997768499
  0.29394345286568202  0.30452949389928691  0.31509236734361173  0.32554245062825210
  0.33608002218019373  0.34655144864993059  0.35708033798231825  0.36770436833166087
  0.37843487908549639  0.38910475535293720  0.39958899748418630  0.40994088157686304
  0.42045285010820377  0.43093260038333803  0.44142935766336644  0.45188627078057036
  0.46263333111731220  0.47347156376967248  0.48436233996336892  0.49510288654702417
  0.50559596656987105  0.51593334373359478  0.52633254486822068  0.53668360680229232
  0.54701297881736100  0.55717770404318634  0.56760621072974837  0.57808131963245735
  0.58862643659322289  0.59892930281121781  0.60942056393829391  0.61996027994033909
  0.63055902018263088  0.64125345662768685  0.65185122122470973  0.66243007676961640
  0.67309405115511356  0.68394176362863990  0.69444650022399457  0.70486929529287090
  0.71526199533701373  0.72569857969201934  0.73613276374521230  0.74655508967998607
  0.75710631555158503  0.76758339516370211  0.77814015512820667  0.78898757073077763
  0.79957020512566501  0.80987689614973413  0.82027429585152867  0.83083776733176085
  0.84141722499512139  0.85196901586622897  0.86240936946080216  0.87315037860812406
  0.88335833611586800  0.89394098765685392  0.90431130084463729  0.91476145944695653
  0.92536988788320562  0.93580072916933721  0.94649586092041837  0.95693677946967115
  0.96791890692921034  0.97871585091234248  0.98949351016216447  1.00000000000000000
 -0.01439161092947588  0.06374464922860240  0.10938329953475624  0.14470694404019990
  0.17451098565319431  0.20074257892825625  0.22423541869629188  0.24560487431448813
  0.26542180355740747  0.28433795482947094  0.30240439774042160  0.31940834512979505
  0.33563993465752823  0.35127215302331416  0.36623249793289953  0.38056946291174509
  0.39437430718753452  0.40755075545510766  0.42036716597101392  0.43304865287281813
  0.44546702863486293  0.45759834861447768  0.46943361647783566  0.48104708435836280
  0.49235845613678636  0.50339032385185378  0.51414487799257602  0.52468656680648962
  0.53510296321972672  0.54530099157883949  0.55526396642760534  0.56498543208403595
  0.57447500548595032  0.58377951861282629  0.59286512176844752  0.60176030092357002
  0.61046486448964732  0.61905718319389846  0.62763376865527609  0.63614964434300503
  0.64458380992870778  0.65293906767205034  0.66126331333098731  0.66947891214212196
  0.67764588909410595  0.68574231987167333  0.69366810304161852  0.70143807749088405
  0.70907652355021278  0.71667520598058576  0.72423444080154220  0.73177169245873463
  0.73900185410403130  0.74612375178383261  0.75319773526042211  0.76026613700683343
  0.76729672255529868  0.77423113291253909  0.78106528889223836  0.78780935358222104
  0.79453762518376414  0.80126299248422661  0.80799668368136368  0.81466947011780155
  0.82121508808431209  0.82768351679657226  0.83407908246271056  0.84037670777272522
  0.84665576105675944  0.85292449730598174  0.85913254612380863  0.86527541368958083
  0.87134962593784082  0.87736514310683500  0.88334169438930543  0.88930059845750620
  0.89521622353663577  0.90104313944965653  0.90680536704856651  0.91251942177261280
  0.91817745599204603  0.92378256005003745  0.92934612946472261  0.93486504708803531
  0.94034745389638297  0.94582127624086665  0.95129651938470983  0.95677550977762371
  0.96226648141949123  0.96774625936761327  0.97320653203058827  0.97865656056876771
  0.98406931315733837  0.98940727138195639  0.99470706138337284  1.00000000000000000
 -0.00226746918602638  0.00919755089726360  0.01868866562862241  0.02943270128984673
  0.03998803104767669  0.05040618583855103  0.06100698075378073  0.07146226522175050
  0.08211492022653055  0.09278145073380173  0.10342459372407350  0.11399884126750694
  0.12436282894183910  0.13493226666096270  0.14551723776926909  0.15612962819355172
  0.16663125565671247  0.17730687911175252  0.18799925080739413  0.19867869654070269
  0.20936610842731015  0.21998862185208143  0.23049016432298491  0.24091555091534031
  0.25134496932044187  0.26184454629154574  0.27238330809357164  0.28299082790609476
  0.29359848558679313  0.30403171468814000  0.31452004477806400  0.32515407833548654
  0.33577223579743182  0.34630813342061462  0.35679803174866120  0.36726082252553582
  0.37765327223711803  0.38795106169104498  0.39827209929387997  0.40859726622500397
  0.41902214663913900  0.42955996429418070  0.44017878158507401  0.45080059235478687
  0.46147859046348988  0.47218144056694267  0.48287430677376086  0.49355498610145720
  0.50418610174390277  0.51482327356221447  0.52550367873813653  0.53623430973586150
  0.54694508122031760  0.55767787710652161  0.56852253433504907  0.57943299948348648
  0.59004177740413322  0.60052175303049860  0.61107287527265397  0.62177412084831685
  0.63250618702956374  0.64325776632153830  0.65379976087309177  0.66453650494741323
  0.67521959914000995  0.68606037974101275  0.69659166468264799  0.70702923449421184
  0.71735795716814088  0.72763209767640780  0.73802538340271628  0.74843498815354037
  0.75872986945375143  0.76903114311354159  0.77949761536823781  0.79023510670511199
  0.80062341703763107  0.81115976722378702  0.82175198223533430  0.83261424200801826
  0.84343441117636253  0.85414631744060021  0.86464998261298531  0.87508606343498097
  0.88544924267780156  0.89598296124315191  0.90663125612778939  0.91717699886591753
  0.92806869006221704  0.93864631362634621  0.94911274889446662  0.95948915133377521
  0.96986518008078937  0.98014706857002154  0.99016548075783395  1.00000000000000000
 -0.00245104096697357  0.00955819803342014  0.01933198667102643  0.02997149140999981
  0.04024498255696248  0.05093169536073461  0.06149298713867540  0.07227792712952989
  0.08299837322751787  0.09361911821488347  0.10431803739118016  0.11502532195493151
  0.12558646808339483  0.13598409348592877  0.14645678575534213  0.15708281962821982
  0.16753759277591504  0.17797238531912737  0.18821792467190110  0.19843525892847452
  0.20873262787158120  0.21895833315204799  0.22920652459361790  0.23975416338125136
  0.25003158322557950  0.26058156700645480  0.27104902177972878  0.28151988787482857
  0.29215445321389072  0.30273113409888197  0.31330087956765762  0.32366027088289778
  0.33414180542397298  0.34447634856070425  0.35490741420630462  0.36532251881128947
  0.37580350083651481  0.38641037367929948  0.39702738702301754  0.40788379949807191
  0.41865414138784335  0.42933143996364370  0.43990374174923397  0.45047844981723933
  0.46119678060039765  0.47189157163862377  0.48240296425393681  0.49285704283625847
  0.50339245018881984  0.51409198130720424  0.52463931879316872  0.53525834983825438
  0.54597658495331369  0.55673529341992267  0.56743827046472817  0.57812468638867109
  0.58881095510489356  0.59957794554035948  0.61015684228350564  0.62065111259955796
  0.63104418094502157  0.64143910173510221  0.65182340511683601  0.66227887347325087
  0.67270238364594448  0.68334930654353898  0.69389309496977369  0.70441144594082239
  0.71493977367350492  0.72544032503086475  0.73594340337137709  0.74654560751297083
  0.75714457729100537  0.76772582008275470  0.77811260152833972  0.78858877360107837
  0.79908915231185795  0.80977149626023059  0.82048198442698406  0.83123033242039890
  0.84173585877212376  0.85226780194572671  0.86263142545763627  0.87309520124689266
  0.88330644401480030  0.89365731532354864  0.90405433776456712  0.91451207981335170
  0.92497983169853459  0.93542465562062205  0.94604817294844967  0.95674406974464965
  0.96741719957221972  0.97824428297761601  0.98893086394591279  1.00000000000000000
   6.6586987587775649E-008  -1.0000000000000000     
 F F F F F F F F F F F F F F F F F F F F F F F F F F F F F F F F F F F F F F F F F F F F F F F F F F F F F F F F F F F F F F F F F F F F F F F F F F F F F F F F F F F F F F F F F F F F F F F F F F F F F F F F F F F F F F F F F F F F F F F F F F F F F F F F
  <DiscreteSampler_grid>
  grouped_processes
  1 # 1 for a reference and 2 for a running grid.
  10 # Attribute 'min_bin_probing_points' of the grid.
  1 # Attribute 'grid_mode' of the grid. 1=='default',2=='initialization'
  0.0000000000000000 # Attribute 'small_contrib_threshold' of the grid.
  0.5000000000000000 # Attribute 'damping_power' of the grid.
 # binID   n_entries weight   weight_sqr   abs_weight
    10   10   9.580630214740402E+003   3.751245656212842E+008   9.580630214740402E+003
  </DiscreteSampler_grid>
