  0.00232360684080272  0.01643614901564787  0.02966528205689411  0.04104728256620108
  0.05252905316194761  0.06365497304730003  0.07460466359761808  0.08542194785067181
  0.09630803580781379  0.10709491777177732  0.11791766757333874  0.12895973534853927
  0.14018594068836951  0.15144375855513442  0.16250903461799174  0.17335205433617620
  0.18399559628741766  0.19466106108610942  0.20524400710289528  0.21571672308799153
  0.22621407650303010  0.23678374943117353  0.24744013626644734  0.25804080601138202
  0.26861912757314332  0.27913885492051033  0.28957529128772602  0.30001405599962772
  0.31056309876394722  0.32120001223436162  0.33187752750305954  0.34247900640828005
  0.35305586233628972  0.36366498789608936  0.37429653404743068  0.38489410127591828
  0.39535029728051968  0.40569997175910372  0.41598500737075500  0.42629580305104964
  0.43660286199010173  0.44697427855934935  0.45737640300912474  0.46785628167899052
  0.47839305174139762  0.48898081777057895  0.49951336720914635  0.50995019653968132
  0.52040939171236722  0.53095092789348897  0.54154944893651247  0.55216859795592488
  0.56280943704625175  0.57339282232233502  0.58389101132594523  0.59431641881013364
  0.60470447940040573  0.61513231035817750  0.62561331923048480  0.63611959249767469
  0.64657765485079655  0.65693197951067972  0.66721002912008387  0.67749954345246832
  0.68783664470139105  0.69823024977882020  0.70865899139724853  0.71907355540127893
  0.72945467466435832  0.73975625075354268  0.75003076568712945  0.76029208280480809
  0.77054572075121686  0.78082344781116553  0.79115024078762897  0.80150272146671719
  0.81178608157476317  0.82196922438322217  0.83212043949332881  0.84220596335448439
  0.85232141891450197  0.86245336390227489  0.87260048915073651  0.88257831800051567
  0.89239626218105961  0.90219377116861466  0.91199961517054506  0.92181703384919156
  0.93158585293676222  0.94130774547955431  0.95085294819555921  0.96015466771084423
  0.96908685697252439  0.97764045871391025  0.98563780831930392  1.00000000000000000
  0.00233839145126817  0.01644167438903372  0.02999426598777832  0.04213753882520401
  0.05373046029995484  0.06511165576013614  0.07635465174117678  0.08746866360262129
  0.09850728233627530  0.10952721049786140  0.12056666851560263  0.13148154422006395
  0.14241764637576396  0.15338378837190417  0.16438893347909805  0.17527284231404988
  0.18602536644452239  0.19676138676364394  0.20751478315106189  0.21834938909187632
  0.22931982759258468  0.24046228684215407  0.25159312523604116  0.26255021338984302
  0.27337006960405358  0.28414038954147397  0.29487564312576414  0.30564437083583484
  0.31638941681837646  0.32726054872085514  0.33816135176336820  0.34903132802801751
  0.35973846140809113  0.37034026046972912  0.38104277494423805  0.39186473720895454
  0.40274206795037526  0.41349894549568011  0.42425678562948915  0.43490052558226722
  0.44557687083859815  0.45617317992613848  0.46686063423113000  0.47754867378689764
  0.48821125022900014  0.49870690284786695  0.50913548657047569  0.51961612673239022
  0.53024064995964049  0.54093551771854032  0.55163470476354137  0.56231145261605098
  0.57281478868055102  0.58318944229371195  0.59361461404931781  0.60419267027732537
  0.61484963323907771  0.62542926590028425  0.63597971789940655  0.64646775996789163
  0.65686743515555523  0.66714377342685349  0.67748333423950724  0.68776564178040089
  0.69815209373487364  0.70860323556386451  0.71910036502339603  0.72955802674320969
  0.73974090472055265  0.75006453138480644  0.76040659380782205  0.77100739826925269
  0.78148164222290173  0.79183512948737622  0.80205914766436370  0.81224529920244448
  0.82255046515163677  0.83287860554640003  0.84318564226536463  0.85359142042701097
  0.86354947185084130  0.87372078350175586  0.88381001645196544  0.89377200945399726
  0.90387886231682957  0.91359522775629254  0.92358068160781159  0.93378176257586631
  0.94318882656477765  0.95250993442663578  0.96177144010638638  0.97061529212632280
  0.97934005187762763  0.98700826840887501  0.99327972824952360  1.00000000000000000
  0.00686385089593482  0.00860404309862204  0.01002380648065856  0.01133514626358925
  0.01268698448862059  0.01403694493324329  0.01508699291195761  0.01621959457856690
  0.01739595919841062  0.01859608108894133  0.01983081769530850  0.02112869879551174
  0.02245299616252870  0.02367300979180442  0.02482758782605674  0.02594764828957899
  0.02695506422651614  0.02798993528113210  0.02921481148659156  0.03047589631029695
  0.03174576237973205  0.03303173574922461  0.03434764762704633  0.03569342154938389
  0.03707465386408031  0.03847156135648308  0.03988756222471136  0.04134898709849981
  0.04288062140194655  0.04447237495831256  0.04611310549992712  0.04779366598691089
  0.04951196076105734  0.05128172855968497  0.05311424310618181  0.05502420797631581
  0.05701565823269223  0.05907905504549229  0.06122469796693752  0.06343442734041670
  0.06571321361178943  0.06806407284998173  0.07048339059360983  0.07297749410579843
  0.07554962934881523  0.07822514061860393  0.08100862047013511  0.08389428417272271
  0.08689113003644493  0.08999901615494810  0.09322178226578624  0.09658435550503756
  0.10009620352007982  0.10376875074272973  0.10758529709718453  0.11152906730180757
  0.11561630032329451  0.11988467393813874  0.12437075883062389  0.12907094418844098
  0.13401029773463285  0.13919768300850072  0.14458979926294238  0.15017481537727234
  0.15598328009635734  0.16210951738353926  0.16857387668578563  0.17539223309342131
  0.18256716116744476  0.19008551343318680  0.19799846812560593  0.20635774535333026
  0.21521304069782429  0.22460183035168491  0.23456608955413716  0.24525235619621924
  0.25664477887277920  0.26863700517668726  0.28128676397804220  0.29480061176808586
  0.30956174560397498  0.32546408466878513  0.34262884764314400  0.36096067037493340
  0.38097086818590514  0.40296412375117163  0.42736923223009138  0.45430112788363403
  0.48420956439478113  0.51807566848527098  0.55739422600351185  0.60507160183314990
  0.66766035911279598  0.76899848879864874  0.86550388031933756  1.00000000000000000
 -0.00101260885783099  0.00393966296612177  0.00924821113864965  0.01440180308542130
  0.01962389176436596  0.02496018233366054  0.03038447017583384  0.03586015361117422
  0.04136705064159677  0.04686209476286176  0.05236684113239844  0.05789902768198921
  0.06349402087200334  0.06916682691823677  0.07489458499563049  0.08063139651213426
  0.08636293693525553  0.09214675855748473  0.09798525978167626  0.10385434241016543
  0.10975636073782639  0.11570236147762236  0.12168933772182078  0.12772410757014657
  0.13379523561187159  0.13989842365570715  0.14605404303885272  0.15229354203398160
  0.15859561921086346  0.16491323510467140  0.17127572156980450  0.17770143571223185
  0.18417778516943173  0.19072404517484973  0.19740398093512626  0.20417830086742636
  0.21100387239128432  0.21780851411356586  0.22464014699171786  0.23152493742296196
  0.23847743189251680  0.24547895458250218  0.25259537196818788  0.25981989247144277
  0.26712441949739923  0.27457802516764646  0.28215881518748820  0.28983726981442648
  0.29757160804084781  0.30533115943522909  0.31325390636083872  0.32118740833359938
  0.32917238497473678  0.33720187766946935  0.34525844370569486  0.35339394748274078
  0.36176280261050781  0.37033392012596072  0.37902456555621356  0.38780086560961119
  0.39678221040560790  0.40598938424642722  0.41532511558237056  0.42478135381370047
  0.43439122818619441  0.44418427269650612  0.45410238483936211  0.46410969240180167
  0.47426905296052219  0.48468115368644693  0.49545922419444960  0.50649808951574216
  0.51774009800079046  0.52912618765276120  0.54068774764729821  0.55244746330844996
  0.56459612026815631  0.57706468958322510  0.59001839555706648  0.60343274362756327
  0.61752344579731644  0.63213163724575305  0.64716755096101686  0.66279445993564234
  0.67900097413416738  0.69593959416557838  0.71378181809406172  0.73276291346174793
  0.75292641685347172  0.77453967793156431  0.79782435608279401  0.82356012127076639
  0.85264187195672225  0.88726551795900510  0.93360285862272130  1.00000000000000000
 -0.00227471346830010  0.00893907014916808  0.01948182829729860  0.02940040528030963
  0.04009574338021994  0.04999934935685360  0.06032004768507642  0.07038415639303661
  0.08056712047078517  0.09070942307654822  0.10106418248390123  0.11138370542348522
  0.12173860070954456  0.13213233218227377  0.14245886304295580  0.15280783546492741
  0.16303202619223320  0.17336128830061218  0.18388823952240516  0.19455192217798906
  0.20519941713151879  0.21576616383530772  0.22623040982408793  0.23683015507036620
  0.24741886773071808  0.25807587608389010  0.26872546970632410  0.27945989943888233
  0.29038309346598357  0.30112008757145176  0.31171575001965768  0.32240489335078937
  0.33301963843233312  0.34366006408844713  0.35404528486463405  0.36469980841639682
  0.37529303847443701  0.38590357646872003  0.39643249914077033  0.40710371125657463
  0.41797208072442221  0.42864911576685299  0.43927510801107522  0.44973520090374625
  0.46033402812441032  0.47091232131041533  0.48149853492500766  0.49205245175212248
  0.50263069218775558  0.51331476177710622  0.52384876513409995  0.53450606433964676
  0.54494143775951298  0.55566267328925711  0.56636883881165823  0.57695601760892690
  0.58757920525538676  0.59807375301325272  0.60863097553295287  0.61913915685484122
  0.62969146722610003  0.64002500745377766  0.65050508146003050  0.66079025285535808
  0.67134770933825105  0.68173291683428339  0.69213721342843804  0.70263894430782770
  0.71311208046862751  0.72383643228685202  0.73460636846604432  0.74538330044905443
  0.75616192193449883  0.76670749117723969  0.77715400718157401  0.78766732254729444
  0.79837510815047841  0.80923138357234337  0.81982989915657245  0.83045687052394779
  0.84112922691356407  0.85203381392273636  0.86247698178294585  0.87287421104428742
  0.88329615070863621  0.89386277294385852  0.90459802351213270  0.91502237613068782
  0.92590449116530593  0.93643081133797901  0.94707390315153095  0.95771745178710999
  0.96821600809382058  0.97888127949688331  0.98928706320906512  1.00000000000000000
 -0.01430074296937155  0.06406419107638017  0.10982288100128966  0.14470034448645666
  0.17395006996075218  0.19989490339081459  0.22371249099323798  0.24557007032753464
  0.26572191902150555  0.28468043586756014  0.30251251675110147  0.31936488169915617
  0.33547039130195860  0.35087295338928154  0.36582977919853832  0.38038346584827981
  0.39448574360447175  0.40794763060424982  0.42110795902776560  0.43395915506776567
  0.44653789272099964  0.45869104091638346  0.47051007585868954  0.48189864966091689
  0.49303372047393579  0.50395808923957663  0.51465688340374571  0.52517604860044242
  0.53551262365247776  0.54564545886656235  0.55562631660938311  0.56551181668724726
  0.57528841339134718  0.58490551733556539  0.59425599578310950  0.60342442058756784
  0.61241168152196124  0.62124197145485560  0.62987986890275771  0.63837396384044043
  0.64673772464585277  0.65507635315560386  0.66341429437251331  0.67160032996613495
  0.67962756493932353  0.68751232364261616  0.69527000144809270  0.70294142804678494
  0.71048537686596647  0.71795691446414367  0.72535844827316642  0.73268965338242642
  0.73996578381407618  0.74713927834798877  0.75415644627248546  0.76107750456747814
  0.76793015229317008  0.77478350284394504  0.78161860417971196  0.78840487623047018
  0.79515230942059045  0.80178892914026234  0.80831803260822632  0.81479693850145762
  0.82120434547422749  0.82759872106994825  0.83397147582122910  0.84033206161476093
  0.84665683335004971  0.85295669280853204  0.85923136044276727  0.86546046316793901
  0.87164817491727054  0.87779233322599670  0.88388633301515906  0.88992743261519225
  0.89588976313319635  0.90172562864250128  0.90750540988176698  0.91329187925841415
  0.91903789151201465  0.92475554855621822  0.93045399127147521  0.93612130159554130
  0.94170322391826955  0.94718137157932292  0.95264334482538182  0.95808956683142787
  0.96351990023845135  0.96891810285212188  0.97425878441001990  0.97947971352456764
  0.98461764175928956  0.98966539257638786  0.99486675681215786  1.00000000000000000
 -0.00221985007681302  0.00893933472585582  0.01917432649420324  0.02963828483969258
  0.04031604692017048  0.05091315712965268  0.06161523822124244  0.07208504508198528
  0.08267768324342512  0.09327815813895214  0.10392947290616047  0.11451795865110190
  0.12531515515336786  0.13611880631033854  0.14697302994795527  0.15781156283496903
  0.16850822708445037  0.17903936905708201  0.18956744917620941  0.20024605104016246
  0.21065731884709138  0.22097379767580602  0.23127445097235108  0.24179652077846117
  0.25200165782151385  0.26249169828333196  0.27268291431620373  0.28359476584147125
  0.29415761740731450  0.30484570207978690  0.31528927670833945  0.32586354768138398
  0.33657252330531784  0.34738839533556398  0.35806533546618230  0.36862907695504682
  0.37920728241102614  0.38990899463012579  0.40064452057272881  0.41132229855249863
  0.42180933957500150  0.43229551272424083  0.44286109094230119  0.45336764940885710
  0.46378118905839594  0.47418820370574039  0.48483239101566700  0.49554446939511615
  0.50628604418531509  0.51681058489776577  0.52716948173983802  0.53739216693594116
  0.54768757144684765  0.55813442127001300  0.56889298586542902  0.57962956440864799
  0.59024705033925073  0.60055260218998352  0.61080890923517617  0.62108349990158718
  0.63154671029713960  0.64198710423213357  0.65253889534447185  0.66299458044471293
  0.67355730602072184  0.68414488702901866  0.69487139330088288  0.70554231607865270
  0.71615051030206944  0.72675603097341168  0.73741749483887598  0.74810731551300591
  0.75878718173176585  0.76935361710758221  0.77984246504442456  0.79039120219707060
  0.80103046316785953  0.81168053282067931  0.82235574591241478  0.83292775077885295
  0.84331174445179558  0.85373780195158244  0.86412557423002434  0.87459255085294230
  0.88489616411147787  0.89504096523832610  0.90551385713486954  0.91601343891020115
  0.92633529225587596  0.93707020053765511  0.94742566829727393  0.95810961833098207
  0.96843458595674059  0.97907815699175305  0.98941134697882327  1.00000000000000000
 -0.00224411089521507  0.00896444502471566  0.01872533882380471  0.02928479082381287
  0.03987883802469000  0.05049676746896868  0.06114529775588835  0.07144924185139939
  0.08181973784331650  0.09234176330815411  0.10283483890658088  0.11344244381172613
  0.12399722524228589  0.13461429192142313  0.14542960290150603  0.15607966845497206
  0.16699120727311756  0.17758399001860570  0.18836354899085339  0.19912827561389296
  0.20988656615309489  0.22052456709155796  0.23091098954303643  0.24128821087448571
  0.25185714520287611  0.26223506947579989  0.27282741552980949  0.28332785899669272
  0.29396653643632725  0.30451664653528693  0.31496613711061433  0.32569111248154509
  0.33639218599161508  0.34717071925507786  0.35796782621658396  0.36851868031158552
  0.37907949160466814  0.38973793642138854  0.40031715520964095  0.41096111559608839
  0.42133808177339532  0.43182997776699505  0.44236172874081864  0.45268697490023191
  0.46317843519101942  0.47345176513263704  0.48378921259195201  0.49414022954091558
  0.50447578248876634  0.51504402006537786  0.52532448700825152  0.53573249487878083
  0.54618763420133909  0.55654866349630683  0.56700015184497132  0.57719356134998956
  0.58735788440029257  0.59749357998153951  0.60781054688567082  0.61833563991950413
  0.62895875860858497  0.63959698266868603  0.65013175187555206  0.66059348778511462
  0.67105416100559367  0.68164732199198053  0.69232632162379681  0.70295646607932749
  0.71359019497771348  0.72428632448824903  0.73492528007055313  0.74555833439430552
  0.75636817408874268  0.76709098606422077  0.77771117812056223  0.78826509476981299
  0.79888266872965319  0.80952460475111587  0.82001580332328095  0.83050804409614176
  0.84109951475429146  0.85157402751570033  0.86220120043350967  0.87279422979654098
  0.88346836814860785  0.89416144931565755  0.90474323018359926  0.91521853784315266
  0.92575239629187889  0.93634986285749022  0.94688407737607738  0.95737777430361670
  0.96811557061267195  0.97884957674106443  0.98947687961160402  1.00000000000000000
   6.6653594048762726E-008  -1.0000000000000000     
 F F F F F F F F F F F F F F F F F F F F F F F F F F F F F F F F F F F F F F F F F F F F F F F F F F F F F F F F F F F F F F F F F F F F F F F F F F F F F F F F F F F F F F F F F F F F F F F F F F F F F F F F F F F F F F F F F F F F F F F F F F F F F F F F
  <DiscreteSampler_grid>
  grouped_processes
  1 # 1 for a reference and 2 for a running grid.
  10 # Attribute 'min_bin_probing_points' of the grid.
  1 # Attribute 'grid_mode' of the grid. 1=='default',2=='initialization'
  0.0000000000000000 # Attribute 'small_contrib_threshold' of the grid.
  0.5000000000000000 # Attribute 'damping_power' of the grid.
 # binID   n_entries weight   weight_sqr   abs_weight
    10   10   3.470133525454638E+004   6.333478803225683E+009   3.470133525454638E+004
  </DiscreteSampler_grid>
