  0.00247500926651832  0.01584460913522823  0.02952139823875878  0.04173708002796717
  0.05325787907408785  0.06454446481425680  0.07581496941821610  0.08705394681550548
  0.09810089027291269  0.10913556222557094  0.12022376153643533  0.13130972548151532
  0.14224917109238980  0.15312673886649156  0.16400074831707540  0.17478853866094690
  0.18546157344111350  0.19615447637030684  0.20681590342619321  0.21741993350930708
  0.22795182962293770  0.23850907931646628  0.24917304417145061  0.25987932438470790
  0.27059998477281649  0.28128853429589479  0.29193911433759900  0.30253613716461630
  0.31305574930073143  0.32354611475306283  0.33407430216154299  0.34463123697525389
  0.35516929678241632  0.36567330051313085  0.37622203323038556  0.38677149419929391
  0.39724002079922260  0.40753353074692034  0.41783170815984083  0.42830185031304885
  0.43873816338004351  0.44912592662604128  0.45951984863338857  0.47004105902723303
  0.48057754163592803  0.49099727187426417  0.50131766058294214  0.51155422593823863
  0.52184768832898010  0.53215590402474733  0.54246094954861834  0.55279339774495495
  0.56320598771420427  0.57365997456889373  0.58415043313492987  0.59467709847734229
  0.60517718995489655  0.61556893324284234  0.62588598086923608  0.63619446611862607
  0.64650456931978839  0.65685877762382749  0.66725094738484381  0.67760545749976919
  0.68788266930097153  0.69816054361115221  0.70847509030930966  0.71871314303431133
  0.72887155123743330  0.73904438155066277  0.74925088287764019  0.75942578742171318
  0.76952912069027612  0.77969724180490596  0.79001714691904090  0.80041881056788267
  0.81085428681598004  0.82115307965145345  0.83130209911938791  0.84141686910965352
  0.85147021855587324  0.86155418904183001  0.87156035891799855  0.88146303476337995
  0.89127237081577571  0.90105935101315160  0.91087894460299268  0.92061785921579198
  0.93026600325546727  0.93972252831674241  0.94913878818035580  0.95839366647823487
  0.96751822622511940  0.97628328188705460  0.98458560851177257  1.00000000000000000
  0.00225589663195715  0.01656111760997557  0.03053837870813877  0.04288912509198090
  0.05445575720474886  0.06573076230776090  0.07696199856415356  0.08810863368943418
  0.09925011336685892  0.11020629634740124  0.12112848427809746  0.13190262727235133
  0.14280445990768459  0.15370557593376696  0.16462063316847289  0.17544604136132000
  0.18626317910812337  0.19711690032507265  0.20796935888766144  0.21873029774439351
  0.22936404594182230  0.24001198052206585  0.25060394223007132  0.26120175394477640
  0.27178561247974847  0.28241253682509843  0.29299598695552670  0.30341167245654088
  0.31386326207243204  0.32432356667893691  0.33485746216741541  0.34537280404385223
  0.35597715965148152  0.36647950434619375  0.37691827259606075  0.38734407777800833
  0.39779432104020290  0.40814399843537308  0.41839700244768047  0.42870976062717225
  0.43910235654470126  0.44962172079383594  0.46026630090470633  0.47093770840032961
  0.48153031450350509  0.49204049110787018  0.50258789285890970  0.51310871997723684
  0.52359261557029002  0.53408073639191667  0.54453440429222844  0.55491724036472923
  0.56520940276648168  0.57554070273774494  0.58591512150149272  0.59635228535671081
  0.60683924685726021  0.61742912832739993  0.62803079355589408  0.63857058440172920
  0.64904755455941299  0.65949098562014064  0.66980150711789799  0.68001695520180949
  0.69023763157071627  0.70060501587717017  0.71106512551061640  0.72156265107410211
  0.73213888335109500  0.74270424844597049  0.75318531267304811  0.76352186566501290
  0.77375464235867986  0.78397243986186926  0.79419370133273093  0.80444366490829666
  0.81463678976463116  0.82478269617010413  0.83490278461297052  0.84500489360752873
  0.85504936419293098  0.86505054647727675  0.87503172201857504  0.88500438192514419
  0.89491502434474357  0.90477459444698372  0.91462740325417569  0.92449803896296145
  0.93431895524535125  0.94400804636003399  0.95350431588597928  0.96276757298002191
  0.97167600474463656  0.97995439878825974  0.98825025464576943  1.00000000000000000
  0.00652673835371773  0.00806553890959297  0.00934746361148373  0.01055460604910685
  0.01170070402157361  0.01280611614440936  0.01391134222269167  0.01509210613878741
  0.01628652365110259  0.01749226215841048  0.01868840021844739  0.01991516232380915
  0.02119322080633542  0.02249759267517586  0.02383712013221453  0.02518086454342341
  0.02626229795317192  0.02716753950519338  0.02833994646457609  0.02958923701230478
  0.03085758535780615  0.03214172563755379  0.03344929319596298  0.03478491792957324
  0.03615655621284856  0.03755303172727227  0.03897647598696988  0.04044350735595593
  0.04195687859640534  0.04350664981544354  0.04509206829277931  0.04672828597879906
  0.04842438641612269  0.05018107824501288  0.05200443460773811  0.05390237839134768
  0.05587791735100923  0.05792510108259343  0.06003808277688566  0.06222529755486868
  0.06449091514407031  0.06684157012083770  0.06928266387774049  0.07181113405769234
  0.07441570215613777  0.07709388821823597  0.07986866955647313  0.08274333621985470
  0.08574374374540158  0.08886872862364965  0.09217110846325474  0.09559694552806149
  0.09916091885340890  0.10285828343058535  0.10672018370356902  0.11074893962660869
  0.11494033126172298  0.11927195060542069  0.12375666791684595  0.12843241764779739
  0.13332349253346165  0.13842178387853349  0.14375950468536816  0.14939394862766905
  0.15533866342411887  0.16160012426741885  0.16818447980663889  0.17509978664646497
  0.18238389747021277  0.19011848275981874  0.19829747843769088  0.20687933586941831
  0.21584456271672928  0.22529059420123498  0.23536423171311630  0.24615957093337174
  0.25773951746825075  0.27010488278693573  0.28321369138754426  0.29717137280867756
  0.31219270832541834  0.32839914152751065  0.34583748098875150  0.36465210808326332
  0.38496201893359011  0.40734087638799038  0.43231704736462895  0.46000233617889974
  0.49136090810220245  0.52752444595432402  0.57028116310861166  0.62280333007093103
  0.69490305440330802  0.80393950591902019  0.86119643593996176  1.00000000000000000
 -0.00107821636861609  0.00412756970784225  0.00939723265460315  0.01461217471546653
  0.01986271162055803  0.02515690681890747  0.03045264947358512  0.03578170689549538
  0.04118153329445626  0.04663244046841032  0.05209964821856890  0.05759353848297069
  0.06314761348525193  0.06874737069179108  0.07439013790833390  0.08004367759376783
  0.08570137908138543  0.09140020712161437  0.09715973023629002  0.10300573495597810
  0.10892460041892160  0.11489931382438492  0.12091123717338138  0.12695273676844127
  0.13301365565622336  0.13909009089777671  0.14521589776245009  0.15142519979957045
  0.15770973775561753  0.16406355790329899  0.17051823893431364  0.17708237212537475
  0.18373405087433919  0.19044791308985498  0.19719347496987946  0.20395747589875296
  0.21074344104018730  0.21759174337904180  0.22451825346105664  0.23150576756730379
  0.23855928440293273  0.24567749173939379  0.25280659586530846  0.25997024111029343
  0.26715976503662608  0.27441317939429155  0.28177248264311283  0.28929774342622877
  0.29691510732962728  0.30472178752163637  0.31261656667927501  0.32052841611016669
  0.32850306137889157  0.33659249888640769  0.34488959503046668  0.35329798287325703
  0.36179542760400080  0.37039001176955344  0.37913841376837970  0.38799982982945208
  0.39690359295392602  0.40584558630693635  0.41491914535945235  0.42416551461690760
  0.43355295824952750  0.44316651288053660  0.45292994133360232  0.46311353742821015
  0.47350487722292189  0.48401588917747101  0.49464718957944986  0.50562443679439362
  0.51677712338725157  0.52811306884711584  0.53960875104708850  0.55153734478890848
  0.56385636322291444  0.57660517922677013  0.58949104470631020  0.60266934515491088
  0.61650874858481119  0.63091675886960896  0.64580220829298396  0.66122857899486720
  0.67739024989677565  0.69438509231646173  0.71226038627703736  0.73134484471067529
  0.75173873306436856  0.77354599078986386  0.79715421183645219  0.82311958225359816
  0.85250448576290416  0.88713963689275599  0.93294388586902477  1.00000000000000000
 -0.00230812324646373  0.00925741131275383  0.01908546308878029  0.02967019578386684
  0.04003088366870579  0.05050733932326732  0.06086101320022859  0.07160532101868962
  0.08215441141971230  0.09284285710455892  0.10327669678237386  0.11363908190320654
  0.12421990999572093  0.13495279574841151  0.14575541991361904  0.15640656439817494
  0.16693699838449602  0.17755569595763443  0.18823165244094087  0.19898490369593783
  0.20949758317373646  0.22008794991636774  0.23038921489360534  0.24094277170948958
  0.25142488526899048  0.26219047531110701  0.27283765181320929  0.28345898931670366
  0.29414695369212424  0.30489936686044983  0.31560878241492540  0.32627783477803785
  0.33689092740498561  0.34737286162858300  0.35786351318916926  0.36848777650819919
  0.37928312521935414  0.39000363804137972  0.40043181400760980  0.41091976461081109
  0.42128460914438454  0.43170846066701124  0.44201246624811419  0.45239569365321081
  0.46296659371523569  0.47359498063017441  0.48408356946155645  0.49424235245667197
  0.50468037482663830  0.51496635603297725  0.52560215324380477  0.53591697887588186
  0.54673608507597116  0.55746245364576053  0.56819581329121860  0.57869205093966314
  0.58926008312761580  0.59988517367545280  0.61039644402197535  0.62084707784470672
  0.63133788321661644  0.64215817727599189  0.65285392823818511  0.66355995684761915
  0.67399638005408313  0.68458275939493762  0.69510414270832244  0.70560417116976626
  0.71605876363292009  0.72654045384044574  0.73689452549971501  0.74725570756015269
  0.75779725187867086  0.76805704364463578  0.77842560228651680  0.78872392840951100
  0.79963159071857937  0.81044476158740253  0.82117120092895513  0.83159622065952654
  0.84225182961949119  0.85284930015325122  0.86332192842727973  0.87360056128904151
  0.88391398877359073  0.89412286027479759  0.90468309237713984  0.91500826677715741
  0.92575340661593242  0.93626105812527927  0.94678293307854045  0.95734708822984182
  0.96790068670190643  0.97864963767840885  0.98925578406015047  1.00000000000000000
 -0.01420442335067099  0.06364749722355000  0.10956524280342074  0.14481511969269570
  0.17435012363747959  0.20008802020701957  0.22334736896354801  0.24515251274056152
  0.26555928029420828  0.28443482747003074  0.30214529144624064  0.31911131966504452
  0.33541363063498597  0.35094630089008061  0.36587011091500843  0.38030922446138998
  0.39429237088871721  0.40771883983359536  0.42063435575108704  0.43296127477550050
  0.44512645164242609  0.45700656388177868  0.46860362786837556  0.47972841816146944
  0.49063189043459338  0.50139228756183807  0.51196402907543803  0.52245776076058492
  0.53269780990018045  0.54267786745698465  0.55251158272991274  0.56229600329908525
  0.57195948868248758  0.58144337463104634  0.59077383914362858  0.59992852682347497
  0.60884012217170358  0.61750605404214676  0.62607978719509128  0.63466133632055244
  0.64318829627635421  0.65159836130418014  0.65987505468909213  0.66800079790961198
  0.67610371540709968  0.68412464879640633  0.69202976107408076  0.69975689504365424
  0.70735223854032703  0.71485514867709421  0.72229037195049051  0.72972728773499385
  0.73709857658270239  0.74438216595249185  0.75156053996493455  0.75864668036978256
  0.76561358650616251  0.77252971571519902  0.77938982644610455  0.78620585947660004
  0.79291842280914093  0.79956728786091258  0.80615779303130564  0.81274702201939086
  0.81933007365231780  0.82588380688986185  0.83234085782755596  0.83869101322291628
  0.84497050070064372  0.85120874110059952  0.85740328922733600  0.86358728622618419
  0.86975846058631090  0.87590109942864380  0.88195787418593874  0.88793796160114069
  0.89386751462793324  0.89976063050811350  0.90561736555605477  0.91143266111311239
  0.91724567758534137  0.92305334103088110  0.92882270383166121  0.93453229378775338
  0.94019689298017972  0.94582410377504067  0.95140737256831864  0.95694405756320644
  0.96241421429377949  0.96784130909407273  0.97323593827005306  0.97861124629847851
  0.98394882097985159  0.98929001640136527  0.99466850630668491  1.00000000000000000
 -0.00235273865886800  0.00909626063351836  0.01919964975023399  0.02968480630263019
  0.04017808301352400  0.05063163526542418  0.06117754403873260  0.07183771748849041
  0.08259918179590960  0.09339074832023153  0.10400678674241601  0.11454134226163253
  0.12507845174939691  0.13571343814556103  0.14647012672113621  0.15706832040557772
  0.16769629707259509  0.17830213824121152  0.18891908131073559  0.19927614155128437
  0.20965602591961047  0.22023282204225353  0.23078956713625909  0.24134015660955063
  0.25173338539000967  0.26241673805477761  0.27298971223878726  0.28367767750322276
  0.29423623545711908  0.30498746675728783  0.31561459480057380  0.32636594437652738
  0.33703308062271570  0.34768556501683984  0.35820259439596769  0.36877581520136954
  0.37925117029579197  0.38978847794616178  0.40027696594456413  0.41085035355964949
  0.42120224422808789  0.43134430154647951  0.44182839916387595  0.45217103438567630
  0.46267473145852278  0.47291374092609711  0.48351804650514496  0.49417575191604979
  0.50485889327709643  0.51524560951356024  0.52581813764651597  0.53640501871687296
  0.54696716507422749  0.55744749724045639  0.56799063125122096  0.57857822877077303
  0.58924077982544099  0.59991723401977415  0.61054217480841222  0.62116970203162525
  0.63166571880736100  0.64235986647263066  0.65294009726644320  0.66349771675604408
  0.67415937766696232  0.68484153719527685  0.69532949579534009  0.70588506868368428
  0.71650603070662289  0.72729464199067351  0.73786202433162218  0.74847544050610348
  0.75893901667070840  0.76942080206362951  0.77977129749431251  0.79028114404355243
  0.80085581292538288  0.81154080789569949  0.82217244607807094  0.83274758751481326
  0.84326546997808705  0.85385514676510998  0.86442458378435483  0.87495534901420435
  0.88563444520601098  0.89616985312735553  0.90642988527051660  0.91676771893027820
  0.92722527859678106  0.93745391528281663  0.94766575651046958  0.95742993557638645
  0.96822373319473143  0.97870162342960165  0.98932588405216459  1.00000000000000000
 -0.00225577207105660  0.00908508954033827  0.01874088651782989  0.02911408391535367
  0.03926501838322632  0.04980843731258264  0.06035584249292967  0.07096847463056227
  0.08134116704146395  0.09184717010664374  0.10258976360734445  0.11320877538724254
  0.12393167306423197  0.13448845571851190  0.14503199578680095  0.15577385923342885
  0.16622161947487507  0.17687348345291942  0.18752812113346412  0.19829888296344139
  0.20902103028245733  0.21940327213198454  0.22995014576324263  0.24041713995978989
  0.25111377705842763  0.26184075310068539  0.27240840572532848  0.28303048077117610
  0.29359736704921197  0.30437882574985903  0.31501369453127576  0.32576081991894673
  0.33642921398433756  0.34715646630992897  0.35782896399924646  0.36836297792320893
  0.37902187373610657  0.38982596060702901  0.40035487075549930  0.41074239659276218
  0.42108606549089861  0.43155533864243056  0.44203022089193328  0.45232789914445765
  0.46258549357279594  0.47285529442643004  0.48314781981483262  0.49365558275261806
  0.50413180881834740  0.51474116981668805  0.52552581431387158  0.53628303509676556
  0.54711750268764936  0.55782411576567636  0.56852806026649860  0.57900299749327955
  0.58947149647336428  0.60006969006907873  0.61083089628554899  0.62145378288872521
  0.63196184009609335  0.64253051349531609  0.65320812891308400  0.66390996118661449
  0.67455949925943282  0.68512253105419885  0.69569756244182601  0.70623105307897571
  0.71680719696339401  0.72734293355593294  0.73792077178929738  0.74850987070258745
  0.75909491991230682  0.76966833863535711  0.78011245485447511  0.79048731376620718
  0.80095356939703155  0.81153367676268440  0.82218150291815639  0.83262961051168027
  0.84304086400424971  0.85351046793412777  0.86407013692061341  0.87459780872897108
  0.88512437148924716  0.89561781897447224  0.90601085648303592  0.91621314382484464
  0.92656228517690487  0.93682735821117125  0.94724382186627054  0.95754796289919586
  0.96817151477031227  0.97890070870818580  0.98942125701118999  1.00000000000000000
   6.6875797279595624E-008  -1.0000000000000000     
 F F F F F F F F F F F F F F F F F F F F F F F F F F F F F F F F F F F F F F F F F F F F F F F F F F F F F F F F F F F F F F F F F F F F F F F F F F F F F F F F F F F F F F F F F F F F F F F F F F F F F F F F F F F F F F F F F F F F F F F F F F F F F F F F
  <DiscreteSampler_grid>
  grouped_processes
  1 # 1 for a reference and 2 for a running grid.
  10 # Attribute 'min_bin_probing_points' of the grid.
  1 # Attribute 'grid_mode' of the grid. 1=='default',2=='initialization'
  0.0000000000000000 # Attribute 'small_contrib_threshold' of the grid.
  0.5000000000000000 # Attribute 'damping_power' of the grid.
 # binID   n_entries weight   weight_sqr   abs_weight
    10   10   2.982090597952006E+004   5.613289703323174E+009   2.982090597952006E+004
  </DiscreteSampler_grid>
