  0.00300236030311500  0.01513414398344763  0.02702230972527581  0.03740857996708090
  0.04815598690949616  0.05874267849587123  0.06883878149147751  0.07865606208676353
  0.08919580000040794  0.09982921081401305  0.10983904894525705  0.12000591110537670
  0.13067777735587111  0.14188038493987656  0.15285748676254979  0.16354447869220903
  0.17370590777316910  0.18372818458373916  0.19431426012072547  0.20546766024666077
  0.21648163136335613  0.22719180859120819  0.23830911079142250  0.24928898314133205
  0.25964192605274355  0.26966864666260454  0.27995433006569664  0.29022815516601624
  0.30032811344722715  0.31037126810944082  0.32008023960862525  0.33009290468991276
  0.34042872937519436  0.35179558551138113  0.36357013131239224  0.37554282982905318
  0.38693829479302050  0.39789198111221230  0.40832027457979986  0.41897675649431837
  0.42990224456486220  0.44102370613019970  0.45251892849018671  0.46403025160828182
  0.47571552342245871  0.48752961035237030  0.49938593110740420  0.51061888775482211
  0.52188736187467322  0.53313540114645097  0.54421437038790454  0.55468003033436342
  0.56448009642695463  0.57427237697971412  0.58441561835555966  0.59491587971354232
  0.60549534737615707  0.61581427409784817  0.62561839619513548  0.63478959602347196
  0.64379961128970653  0.65320016486515053  0.66315828494631490  0.67314310517924281
  0.68282567241811731  0.69249256367958878  0.70246544653393206  0.71258407080694008
  0.72297319309881658  0.73379005705678702  0.74478291567882549  0.75531252216274880
  0.76545397798089965  0.77547883085047475  0.78566306554264309  0.79615201911705136
  0.80664667543507507  0.81695917323387213  0.82719221664554954  0.83759686968497915
  0.84840643438791841  0.85946388648440930  0.87020461497132084  0.88108573041669613
  0.89166798177025020  0.90215643688743374  0.91280780352461677  0.92253015917876469
  0.93152270391275904  0.94032728704767876  0.94921855109120989  0.95817152588693055
  0.96698885710242310  0.97535462495509673  0.98373900910346390  1.00000000000000000
  0.00297804914931882  0.01664658286756193  0.02941852566888966  0.04165169877529659
  0.05327966023079044  0.06461674071547621  0.07419094142699613  0.08429698546015713
  0.09374484066428539  0.10369198094817053  0.11296058067854915  0.12193398913058061
  0.13124593094685938  0.14099837180224065  0.15144058301429564  0.16267063768126402
  0.17380203633551330  0.18465513534286568  0.19536882924550261  0.20625376809204410
  0.21726286218069707  0.22803183584024081  0.23864339449715197  0.24931199380665586
  0.25996915522665681  0.27012413476798636  0.27927832582698447  0.28818896023352891
  0.29806084445248598  0.30806458880898607  0.31739214018159423  0.32600489429973223
  0.33542670903698857  0.34633515739104820  0.35749387091809226  0.36814625760260256
  0.37865560625124456  0.38938154841143302  0.40030584393398966  0.41149764070184586
  0.42293518646498424  0.43424788804667774  0.44539003170291802  0.45632168642689935
  0.46705294617046150  0.47703099815125133  0.48691190193017542  0.49667230074331309
  0.50715845962198314  0.51757122122205568  0.52739537774138756  0.53716064197745816
  0.54734247400982750  0.55847994282063296  0.56990873671428532  0.58085430487871081
  0.59134329108928896  0.60174266433606094  0.61244170676826559  0.62305641933441058
  0.63335255459745710  0.64336024105816791  0.65321776389855468  0.66327450953417699
  0.67377929950025739  0.68441514964236183  0.69446272645035079  0.70402676705370215
  0.71364026611015874  0.72330231017089841  0.73316265385933199  0.74295292564989857
  0.75362031702090193  0.76492315898812435  0.77645723566077141  0.78802161685169070
  0.79956501640836597  0.81092588078934402  0.82226629003763674  0.83359583636494128
  0.84516544333953281  0.85704123771720708  0.86854785679624058  0.87968058653232784
  0.89045601155913745  0.90116172112771709  0.91183030453740455  0.92253900231314101
  0.93327654977854280  0.94375402265267772  0.95363254609387516  0.96249327774679094
  0.97027552790806471  0.97824609537653862  0.98584378347386692  1.00000000000000000
  0.01031590045789020  0.01356519208232568  0.01619245173599929  0.01821202419188348
  0.02045627952466140  0.02272132504452032  0.02448053013378840  0.02587076409629873
  0.02675654323043231  0.02759955237222161  0.02878754372907064  0.03007022193184090
  0.03132687491615448  0.03264775450558269  0.03400881045198592  0.03533386759489544
  0.03659509300113973  0.03780857570178032  0.03903467956088897  0.04034227700705730
  0.04175044857451594  0.04322793451497058  0.04475035223357447  0.04632359593300601
  0.04791352550361323  0.04945445694138666  0.05100037858963848  0.05264046640796331
  0.05443482023862060  0.05634822125924108  0.05837538686975560  0.06041420236634745
  0.06234602303491376  0.06425711344892825  0.06611580924463974  0.06815703787165528
  0.07039988235347318  0.07292791084758678  0.07542473615483485  0.07787747046959557
  0.08035054860377018  0.08294918298171336  0.08575887254745933  0.08871999258435700
  0.09188946788729797  0.09527908538506945  0.09887655903783461  0.10264559090429899
  0.10641919935154226  0.11015906812500495  0.11397955487069128  0.11806193234947808
  0.12217378203230186  0.12647377556507391  0.13075168949579496  0.13526987947888058
  0.14020131000774852  0.14539476671111468  0.15075659656496168  0.15642257926794739
  0.16245380430160694  0.16890482216786051  0.17563759792111672  0.18282887222676136
  0.19013092416498278  0.19742617508786925  0.20501712134385719  0.21314139287110356
  0.22168249950785085  0.23049259767322561  0.24018416530453279  0.25062743516070840
  0.26156134777307077  0.27300222094121879  0.28536602893711488  0.29848672057408437
  0.31202812640315586  0.32563613527119672  0.33967393400080120  0.35430848418891697
  0.36985214394001076  0.38715750457582665  0.40685612781749003  0.42833315972715869
  0.45026533109819100  0.47314362528849990  0.49763832349615894  0.52501927972456608
  0.55773278289669148  0.59369462246940430  0.63390498724508093  0.68440641817841119
  0.74975662401924559  0.78104138543317481  0.78882574584795551  1.00000000000000000
 -0.00143747635445662  0.00518568225802075  0.01077400286831749  0.01620775427916570
  0.02177617433489117  0.02753751541729361  0.03334097427188687  0.03919586551889048
  0.04551645348637477  0.05250833410079239  0.05966321463443729  0.06633631820432392
  0.07309426344585725  0.07977501094285132  0.08667867818413638  0.09368819051095001
  0.10055793371043967  0.10720825175610398  0.11375577241703119  0.12031055227803816
  0.12697268874089454  0.13381181739014741  0.14084944689777343  0.14773250278244859
  0.15472037509056402  0.16174085634450058  0.16880676846062087  0.17590759872673709
  0.18321833901354295  0.19069693396082127  0.19809277838208231  0.20540998098229474
  0.21279134797779728  0.22035288569428632  0.22785509006448593  0.23515320611988647
  0.24244807154606970  0.25014556703221325  0.25791137138117309  0.26531348482410322
  0.27256161833286846  0.27980079231932492  0.28688847202686307  0.29398476229758624
  0.30132260551863854  0.30888777244714682  0.31723446607631817  0.32623996237548686
  0.33549362376731118  0.34477278405009398  0.35352538172237669  0.36323686870439220
  0.37269665131154533  0.38213040824706462  0.39125662047088994  0.40068683336068445
  0.41041267872591086  0.42010420165990126  0.42988819881504448  0.43956413940407923
  0.44919412178181245  0.45887048879641668  0.46860869271573974  0.47844813923474694
  0.48821516852802799  0.49811471226317772  0.50841522160583308  0.51891581718216073
  0.52999183247990267  0.54093601588904161  0.55114881585117914  0.56161165355599718
  0.57253156163828500  0.58372021171357247  0.59521282046646451  0.60720929307430638
  0.61985607321633129  0.63154853382855392  0.64332383660575276  0.65602389249782456
  0.66901102127975076  0.68196277041749798  0.69664176895169772  0.71322198750947152
  0.72954175470982174  0.74558453283778559  0.76232343761017751  0.78135622456488596
  0.80112542012010401  0.82197365608769557  0.84442656049539921  0.86894550348287825
  0.89499767188017398  0.92319531022132417  0.95706920584952937  1.00000000000000000
 -0.00234649662658222  0.01017758171877274  0.02060463068869590  0.03075871886857045
  0.04093334384207500  0.05081083671974022  0.06147110614342015  0.07261589249883002
  0.08352692174854386  0.09338992052980598  0.10311797386621960  0.11291540613981020
  0.12274001927101151  0.13239759553586483  0.14254123743692210  0.15334381934588825
  0.16423781113619032  0.17460131961045638  0.18520570673201428  0.19599102130824872
  0.20611108508913398  0.21668412679603369  0.22718581444781144  0.23845132842747416
  0.24974963974311934  0.26049364633470806  0.27090575844382159  0.28103428906667771
  0.29169144276906406  0.30271463844197233  0.31420279657583144  0.32556387962107358
  0.33678404697467179  0.34787045875170564  0.35900563610416109  0.37061072081820995
  0.38188044498480334  0.39312728699654009  0.40427682919389485  0.41470111271862764
  0.42540293709695476  0.43548068889200320  0.44521067588808921  0.45453149150693156
  0.46410024107135078  0.47335407223567794  0.48259677022374342  0.49197168568232469
  0.50153542183187272  0.51290380229450172  0.52421636956347806  0.53601147727981735
  0.54703788210547510  0.55750568508349396  0.56798341867619717  0.57879292659206749
  0.58986130426611605  0.60081538390309586  0.61193590209198301  0.62323990833222720
  0.63484406200625443  0.64674043602841635  0.65837109609914779  0.66930292381900336
  0.67962358373926490  0.69007993414685664  0.70124688942824531  0.71152038032730469
  0.72087012962670549  0.73000784463076618  0.73982905135273125  0.75032201152983358
  0.76068470270833477  0.77044354250011970  0.77922166950746097  0.78823078513533418
  0.79810702175905746  0.80840847416297634  0.81832278243465417  0.82803553109619976
  0.83830544286391773  0.85064611443926574  0.86210262881169952  0.87364315711300589
  0.88533270871514969  0.89672982610815488  0.90730889582804675  0.91769008440136457
  0.92847238245757435  0.93911960103102077  0.94987819310923760  0.96073471907548669
  0.97115268744128580  0.98122674662419562  0.99064341290694324  1.00000000000000000
 -0.00684812463341810  0.04750136903378729  0.08480292198925246  0.11495940058478485
  0.14118231493912395  0.16394883040307962  0.18426128028933492  0.20407596220016389
  0.22415946356443442  0.24212927110928428  0.25921360779518499  0.27565081090420712
  0.29107685703821468  0.30541505514750228  0.31886991183252533  0.33237201811440303
  0.34512636509759387  0.35761766887802954  0.37006562682806027  0.38289075860410049
  0.39549517764433917  0.40672081191987980  0.41791778086266518  0.42889268245086620
  0.44054206190835643  0.45225663615123218  0.46424916385056775  0.47633276141934083
  0.48827847834331828  0.50008996499642766  0.51163763112461558  0.52248565324836327
  0.53222884865917786  0.54149725008305172  0.55085456432188273  0.56039186714020117
  0.56984245124175004  0.57909724956671771  0.58918782898094735  0.59973015230063109
  0.60925588673638242  0.61858665031842985  0.62770948080434064  0.63709307069313126
  0.64634266693215126  0.65524392556639111  0.66420231230908278  0.67252972477962314
  0.68110471449167109  0.68883489637493378  0.69605448820735183  0.70340117449707162
  0.71066070292608552  0.71782475354641540  0.72487923108952268  0.73218373334225562
  0.73933070369952214  0.74643629322029037  0.75400158868489808  0.76187895413157458
  0.76974907664133185  0.77753181794125636  0.78539269260391165  0.79322792834851863
  0.79976416677488216  0.80635360385149313  0.81289774234330814  0.81949354622843784
  0.82626485522774473  0.83311312608015509  0.83977196554511291  0.84616442432551908
  0.85230041067523421  0.85912876721122255  0.86644049982780558  0.87375032492989457
  0.88091976334887923  0.88799878554454170  0.89491914330040256  0.90165121810780180
  0.90829212622524202  0.91497071140290598  0.92139820316349508  0.92775912173862185
  0.93418334688212956  0.94024482159939693  0.94625323505773207  0.95205890527885662
  0.95785532250359751  0.96385783688422721  0.96981747736908208  0.97579879609927522
  0.98178688022828986  0.98781169989483286  0.99379736971017629  1.00000000000000000
 -0.00199887782585985  0.00867608599041693  0.01773955603926455  0.02818869810180870
  0.03902274519115585  0.05136709983917231  0.06317379398914980  0.07438133623667459
  0.08534364393765145  0.09620027450645294  0.10609022062679459  0.11480110143269177
  0.12312172657056591  0.13181872710996498  0.14087811029178779  0.15027646796287497
  0.15970375120442457  0.17002312826950503  0.18086764852392126  0.19145932999037443
  0.20192406480590011  0.21274279042463135  0.22378927441761418  0.23440651519500830
  0.24464262922966815  0.25485983117066774  0.26495946630395395  0.27466573623633023
  0.28376297186378335  0.29281500402422783  0.30329326932867401  0.31415526358784346
  0.32522746585667495  0.33645798721170872  0.34841845488929685  0.36031240939544140
  0.37152311516899900  0.38217304038232008  0.39267831682043958  0.40323161379818501
  0.41362988236633280  0.42449041869155957  0.43597714631455409  0.44776211194320503
  0.45933829283612887  0.47025442399156542  0.48108450431076738  0.49215622013337701
  0.50423669339730282  0.51750142907773389  0.52790238074502349  0.53739799728471793
  0.54647163629828210  0.55581743095583569  0.56530642899161032  0.57458097933716257
  0.58376909173375913  0.59463498261210723  0.60637036007002654  0.61763476035551246
  0.62845984821146317  0.63887370813143107  0.64941704529362043  0.66004868789207616
  0.67026014138933443  0.68043317426927863  0.69053507216933030  0.70075432805587812
  0.71096372640763505  0.72149842669413755  0.73240656664947112  0.74317078961385774
  0.75353542726910927  0.76381377016057606  0.77397355861515960  0.78430859488124360
  0.79508562174058595  0.80642139501948373  0.81793918566640567  0.82930031404892512
  0.84062688902182658  0.85186955158047917  0.86336063692892251  0.87479515230369009
  0.88521145238931620  0.89522615662546379  0.90491784867292580  0.91452563069744697
  0.92450170870177784  0.93483971083198192  0.94640065509372950  0.95781776271491825
  0.96850884443299412  0.97958915991299200  0.98979875005864271  1.00000000000000000
 -0.00276229592739976  0.00984158829132382  0.02042875612631959  0.03129571890991972
  0.04173099478583652  0.05207812394551645  0.06246458893549783  0.07312534826128345
  0.08422330392531968  0.09533879325270889  0.10593883269076790  0.11606111178148067
  0.12633392317198808  0.13719655002903863  0.14862283802249884  0.16017514171681077
  0.17129045226277051  0.18203396059620613  0.19263390396583766  0.20304467491510031
  0.21420941948346656  0.22617952800005464  0.23803357683788609  0.24944906924566293
  0.26096421411220261  0.27277082718547291  0.28475078989658392  0.29663510042320179
  0.30791654478875424  0.31850663539713558  0.32875379799602422  0.33930765818014563
  0.35000513264015343  0.36091080223190697  0.37208134160811401  0.38390414716252297
  0.39526530401665794  0.40595692857681237  0.41627961561048205  0.42646965505875956
  0.43697816013371554  0.44741675991967200  0.45837795179135044  0.46899735885716060
  0.47955422546592280  0.48994642023221902  0.50050919517215076  0.51075786012416258
  0.52051846863146278  0.52994234092361581  0.53893619651337121  0.54828190612267413
  0.55762347571130044  0.56755590439070291  0.57836206611264107  0.58934791704607326
  0.60021441795810404  0.61076322412527817  0.62112393865667048  0.63205786396357022
  0.64317443361971305  0.65458087824972599  0.66592531085646034  0.67619481081921928
  0.68599523738482238  0.69454698970027362  0.70311577349769239  0.71190940526348023
  0.72069737707167947  0.72937557530706343  0.73859589510965029  0.74845075868885136
  0.75915791749698125  0.77021589933721157  0.78108025768432354  0.79221363775712006
  0.80345242512940040  0.81390700763849155  0.82293373033004724  0.83232896239349674
  0.84198851124397578  0.85151770725317155  0.86040381109475528  0.86907587890422100
  0.87843988101845305  0.88889671399442849  0.89934308315010347  0.90961031993516872
  0.92009016376975761  0.93093412524389008  0.94207307195984469  0.95398369938098715
  0.96561580849567119  0.97735114555175429  0.98872151670085562  1.00000000000000000
   4.8188799231151785E-006  -1.0000000000000000     
 F F F F F F F F F F F F F F F F F F F F F F F F F F F F F F F F F F F F F F F F F F F F F F F F F F F F F F F F F F F F F F F F F F F F F F F F F F F F F F F F F F F F F F F F F F F F F F F F F F F F F F F F F F F F F F F F F F F F F F F F F F F F F F F F
  <DiscreteSampler_grid>
  grouped_processes
  1 # 1 for a reference and 2 for a running grid.
  10 # Attribute 'min_bin_probing_points' of the grid.
  1 # Attribute 'grid_mode' of the grid. 1=='default',2=='initialization'
  0.0000000000000000 # Attribute 'small_contrib_threshold' of the grid.
  0.5000000000000000 # Attribute 'damping_power' of the grid.
 # binID   n_entries weight   weight_sqr   abs_weight
    10   10   2.898748279309646E+004   3.369514938659567E+009   2.898748279309646E+004
  </DiscreteSampler_grid>
