0.19188E+00 0.26928E-04 0.00000E+01 41591300 0 0 2157552 0.11243E+08 0.00000E+01 0.19188E+00 0.00000E+01 0.00000E+01 0
1 0.19176 0.00078804 0.82191 1.4827 0.19176
2 0.19227 0.00050791 0.74718 1.0109 0.19227
3 0.19178 0.00034065 0.7105 1.4819 0.19178
4 0.19062 0.00081242 0.85242 1.6323 0.19062
5 0.19145 0.0005144 0.75996 1.1253 0.19145
6 0.19169 0.00034633 0.72269 1.6175 0.19169
7 0.1934 0.00082767 0.8559 1.5927 0.1934
8 0.1921 0.00052062 0.76654 1.1488 0.1921
9 0.19192 0.00034526 0.71959 1.5328 0.19192
10 0.19214 0.00081929 0.85281 1.8581 0.19214
11 0.19207 0.00051383 0.75666 1.2986 0.19207
12 0.19175 0.00034283 0.71517 1.2356 0.19175
13 0.19114 0.00079845 0.83548 1.7284 0.19114
14 0.19209 0.00051294 0.75526 1.1353 0.19209
15 0.19182 0.00034578 0.72104 1.2476 0.19182
16 0.19142 0.00079436 0.82995 1.5037 0.19142
17 0.19223 0.00051235 0.75387 1.55 0.19223
18 0.19167 0.0003418 0.71333 1.5272 0.19167
19 0.1916 0.00083012 0.86651 1.6393 0.1916
20 0.19103 0.00052176 0.77253 1.3814 0.19103
21 0.19204 0.00034883 0.72659 2.3595 0.19204
22 0.19104 0.00078361 0.82037 1.3639 0.19104
23 0.19159 0.0005071 0.74862 1.0631 0.19159
24 0.19179 0.00034044 0.71003 1.7884 0.19179
25 0.19141 0.0007789 0.81385 1.482 0.19141
26 0.19181 0.00050369 0.74275 0.99842 0.19181
27 0.19166 0.00034114 0.71197 1.9082 0.19166
28 0.1913 0.00078629 0.82207 1.2773 0.1913
29 0.19237 0.00050518 0.74277 1.3619 0.19237
30 0.1923 0.00034006 0.70736 1.3792 0.1923
31 0.19155 0.00080425 0.83974 1.4825 0.19155
32 0.19149 0.00051353 0.7585 1.242 0.19149
33 0.19174 0.00034252 0.71454 1.7535 0.19174
34 0.19207 0.00078561 0.81804 1.3493 0.19207
35 0.19379 0.0029699 4.3348 234.34 0.19379
36 0.19208 0.00034516 0.71878 1.7486 0.19208
37 0.19265 0.00080749 0.83828 1.6308 0.19265
38 0.1919 0.00051318 0.75637 1.1012 0.1919
39 0.19185 0.00034597 0.72131 1.8246 0.19185
40 0.19116 0.00081598 0.8537 1.7732 0.19116
41 0.1921 0.00051757 0.76205 1.3063 0.1921
42 0.19154 0.0003463 0.72318 0.97304 0.19154
43 0.19251 0.00080695 0.83833 1.3308 0.19251
44 0.19176 0.00051371 0.7577 1.1091 0.19176
45 0.19196 0.00034554 0.72003 1.4477 0.19196
46 0.19211 0.00081207 0.84541 1.6857 0.19211
47 0.19281 0.00051478 0.75516 1.0675 0.19281
48 0.19219 0.00034403 0.716 1.3449 0.19219
49 0.1919 0.0007994 0.83313 1.4099 0.1919
50 0.19156 0.00050853 0.75085 1.2165 0.19156
51 0.19173 0.00034456 0.71884 1.4213 0.19173
52 0.19226 0.00082953 0.86294 1.6226 0.19226
53 0.19162 0.00053068 0.78332 9.4655 0.19162
54 0.19181 0.00034635 0.72226 1.3437 0.19181
55 0.19035 0.00078653 0.8264 1.4189 0.19035
56 0.19123 0.00050968 0.75384 1.2482 0.19123
57 0.19241 0.00034338 0.71385 2.0783 0.19241
58 0.1923 0.00080198 0.83409 1.5853 0.1923
59 0.19256 0.0005136 0.75439 1.1814 0.19256
60 0.19189 0.00034235 0.71366 1.3367 0.19189
61 0.19121 0.00078354 0.81958 1.3972 0.19121
62 0.19233 0.00050663 0.74504 1.0498 0.19233
63 0.19231 0.00034416 0.71583 1.4354 0.19231
64 0.19172 0.00080851 0.84342 1.4206 0.19172
65 0.19132 0.0005148 0.76109 1.1279 0.19132
66 0.19219 0.00034655 0.72127 1.4611 0.19219
67 0.19297 0.00080446 0.83377 1.8139 0.19297
68 0.19193 0.00051615 0.76062 1.7105 0.19193
69 0.19196 0.00034649 0.722 1.7147 0.19196
70 0.19193 0.00051487 0.75877 1.4263 0.19193
71 0.19481 0.0030269 6.215 481.33 0.19481
72 0.1921 0.00023717 0.69841 2.4008 0.1921
73 0.19137 0.0008188 0.85573 1.5035 0.19137
74 0.19259 0.00052194 0.76655 1.1903 0.19259
75 0.19176 0.00034673 0.72325 2.1543 0.19176
76 0.19134 0.00081069 0.84738 1.5536 0.19134
77 0.1917 0.00051327 0.7573 1.1649 0.1917
78 0.19111 0.00034358 0.71913 1.0881 0.19111
79 0.19163 0.00078916 0.82361 1.4556 0.19163
80 0.19246 0.00051173 0.75206 1.5361 0.19246
81 0.19197 0.00034281 0.7143 2.1076 0.19197
82 0.19239 0.0008129 0.84504 1.5205 0.19239
83 0.19124 0.0005121 0.75738 1.0973 0.19124
84 0.19212 0.00034362 0.71543 1.1786 0.19212
85 0.19274 0.00078614 0.81574 1.3866 0.19274
86 0.19194 0.00050735 0.74764 1.2734 0.19194
87 0.19245 0.00034393 0.71482 2.0162 0.19245
88 0.19534 0.0039682 4.0629 155.8 0.19534
89 0.19198 0.00052094 0.76748 1.1808 0.19198
90 0.19292 0.00080908 1.6775 117.24 0.19292
91 0.19136 0.00078834 0.82394 1.4131 0.19136
92 0.19177 0.00051032 0.75266 1.0389 0.19177
93 0.19212 0.00034132 0.71062 1.6861 0.19212
94 0.19139 0.00079361 0.82933 2.066 0.19139
95 0.19172 0.00050729 0.74839 1.1052 0.19172
96 0.19184 0.00034226 0.71364 1.8702 0.19184
97 0.19249 0.00082784 0.86016 1.7381 0.19249
98 0.19176 0.00051417 0.7584 1.1639 0.19176
99 0.19234 0.00034555 0.71862 1.4987 0.19234
100 0.19174 0.00082153 0.85694 1.5939 0.19174
101 0.1917 0.00051527 0.76023 1.2529 0.1917
102 0.19247 0.00034627 0.71963 1.3618 0.19247
103 0.19165 0.00081058 0.84588 1.521 0.19165
104 0.1921 0.00052047 0.76634 1.3512 0.1921
105 0.19238 0.00034671 0.72091 1.4992 0.19238
106 0.19151 0.00081744 0.85369 2.1618 0.19151
107 0.19161 0.00051795 0.76455 1.5202 0.19161
108 0.19063 0.00034634 0.72671 1.9585 0.19063
109 0.19139 0.00079093 0.82649 1.5006 0.19139
110 0.19167 0.00051154 0.75485 1.1912 0.19167
111 0.19165 0.00034192 0.71364 1.6591 0.19165
112 0.19284 0.00078216 0.81121 1.339 0.19284
113 0.19107 0.0005059 0.74888 1.0439 0.19107
114 0.19179 0.00034039 0.7099 1.3347 0.19179
115 0.19301 0.00082559 0.85549 2.0527 0.19301
116 0.19128 0.00052335 0.77386 1.4086 0.19128
117 0.19177 0.00034625 0.72222 1.8139 0.19177
118 0.1914 0.00080855 0.84488 1.6764 0.1914
119 0.19253 0.0005166 0.75894 1.1879 0.19253
120 0.19129 0.00034423 0.71981 1.2721 0.19129
121 0.19122 0.00080973 0.84692 1.6423 0.19122
122 0.19214 0.00051657 0.76043 1.1266 0.19214
123 0.19117 0.00034476 0.72135 1.5264 0.19117
124 0.19185 0.00077839 0.81143 1.4266 0.19185
125 0.1923 0.000504 0.7413 1.1831 0.1923
126 0.19191 0.00034063 0.70996 1.5145 0.19191
127 0.19092 0.00077654 0.81349 1.4064 0.19092
128 0.19167 0.00050401 0.74374 1.0659 0.19167
129 0.19166 0.00034185 0.71348 1.5204 0.19166
130 0.19173 0.00082843 0.86415 1.82 0.19173
131 0.19197 0.00051731 0.76221 1.2045 0.19197
132 0.19208 0.00034618 0.72092 1.7959 0.19208
133 0.19205 0.00079787 0.83089 1.5456 0.19205
134 0.19155 0.00051022 0.75339 1.1133 0.19155
135 0.19165 0.00034263 0.71513 1.6751 0.19165
136 0.19247 0.00079882 0.83005 1.6673 0.19247
137 0.19505 0.0027878 4.0427 219.42 0.19505
138 0.19175 0.00034703 0.72391 2.0238 0.19175
139 0.19124 0.00081315 0.85042 1.5483 0.19124
140 0.19239 0.00051338 0.75476 1.3055 0.19239
141 0.19214 0.00034508 0.71839 1.599 0.19214
142 0.1922 0.00078383 0.81563 1.6262 0.1922
143 0.19142 0.00050527 0.74658 1.2595 0.19142
144 0.19157 0.00034164 0.71334 2.4692 0.19157
145 0.19289 0.00081604 0.8461 1.6617 0.19289
146 0.19147 0.00051387 0.75912 1.0693 0.19147
147 0.19212 0.00034473 0.71776 2.3902 0.19212
148 0.19161 0.00079584 0.83071 1.439 0.19161
149 0.19181 0.00051063 0.75296 1.7488 0.19181
150 0.1918 0.00034264 0.71457 1.4383 0.1918
151 0.19244 0.00080532 0.83694 1.618 0.19244
152 0.19117 0.00050772 0.75121 1.1443 0.19117
153 0.192 0.00034257 0.71371 1.2794 0.192
154 0.19205 0.00077992 0.81223 1.2927 0.19205
155 0.19191 0.00050608 0.74587 1.3561 0.19191
156 0.19165 0.00033913 0.7078 1.9732 0.19165
157 0.19272 0.00081359 0.84431 1.6475 0.19272
158 0.19265 0.00051577 0.75724 1.1375 0.19265
159 0.19244 0.00034535 0.71785 2.4073 0.19244
160 0.19273 0.00081725 0.84807 1.5634 0.19273
161 0.19177 0.00051236 0.75567 1.3607 0.19177
162 0.19189 0.00034459 0.71832 1.452 0.19189
163 0.19102 0.00080002 0.83765 1.5938 0.19102
164 0.192 0.00051363 0.75665 1.1393 0.192
165 0.19248 0.0003468 0.72068 1.5536 0.19248
166 0.20041 0.0074908 7.4754 298.02 0.20041
167 0.19229 0.0005337 0.78504 1.3153 0.19229
168 0.19233 0.00035113 0.73028 1.8736 0.19233
169 0.19243 0.00078859 0.81963 1.5512 0.19243
170 0.19226 0.00051041 0.7509 1.1545 0.19226
171 0.19175 0.00034391 0.7174 1.623 0.19175
172 0.1918 0.00079298 0.82687 1.7279 0.1918
173 0.19089 0.00050716 0.75145 1.3428 0.19089
174 0.19205 0.00034187 0.71205 1.4187 0.19205
175 0.19159 0.0008186 0.85451 1.7312 0.19159
176 0.19227 0.00052288 0.76918 2.4414 0.19227
177 0.19208 0.00034631 0.7212 2.1491 0.19208
178 0.19225 0.00078273 0.81427 1.4247 0.19225
179 0.19214 0.00051212 0.75389 1.1191 0.19214
180 0.19206 0.00034311 0.71459 1.8344 0.19206
181 0.19231 0.00083461 0.868 1.6351 0.19231
182 0.19211 0.00052058 0.76645 1.3067 0.19211
183 0.19154 0.00034445 0.71931 1.5855 0.19154
184 0.19082 0.00082946 0.86938 2.2724 0.19082
185 0.19223 0.00052476 0.77211 1.565 0.19223
186 0.19162 0.0003454 0.72101 1.6734 0.19162
187 0.19236 0.0005112 0.75167 1.183 0.19236
188 0.19597 0.0039964 8.1574 637.25 0.19597
189 0.19168 0.00023953 0.7069 2.3884 0.19168
190 0.19092 0.00080597 0.84431 1.5854 0.19092
191 0.19116 0.00050885 0.7529 1.1091 0.19116
192 0.19207 0.00034339 0.71514 1.4285 0.19207
193 0.19207 0.00079698 0.8299 1.6438 0.19207
194 0.19095 0.0005069 0.75083 1.1999 0.19095
195 0.19246 0.00034132 0.70937 1.3938 0.19246
196 0.19141 0.000817 0.85364 1.5653 0.19141
197 0.19204 0.00051547 0.7592 1.1223 0.19204
198 0.19217 0.00034287 0.71368 1.6593 0.19217
199 0.19302 0.00078652 0.81497 1.4379 0.19302
200 0.19116 0.00050755 0.751 1.0343 0.19116
201 0.1921 0.00034336 0.71496 1.479 0.1921
202 0.19241 0.00079515 0.82652 1.4337 0.19241
203 0.19046 0.00050711 0.75307 1.2567 0.19046
204 0.19187 0.00034523 0.71972 1.4626 0.19187
205 0.19244 0.00084871 0.88205 12.845 0.19244
206 0.19226 0.00051013 0.75048 1.0198 0.19226
207 0.19154 0.00034396 0.71832 1.2713 0.19154
208 0.19247 0.00079639 0.82756 1.4163 0.19247
209 0.19207 0.00051116 0.75274 1.2957 0.19207
210 0.19184 0.00034136 0.71177 1.7158 0.19184
211 0.19271 0.00081012 0.84075 1.4527 0.19271
212 0.19144 0.00051187 0.75625 1.0543 0.19144
213 0.19166 0.00034084 0.71136 1.8219 0.19166
214 0.1942 0.0008194 0.84387 1.7456 0.1942
215 0.19205 0.00051603 0.75998 1.1087 0.19205
216 0.19148 0.00034483 0.72037 1.7243 0.19148
217 0.19217 0.00079755 0.83003 1.5996 0.19217
218 0.19217 0.00051547 0.75869 1.3623 0.19217
219 0.19209 0.00034193 0.712 1.5085 0.19209
220 0.19329 0.00080221 0.83007 1.6978 0.19329
221 0.19245 0.00050938 0.74863 1.2275 0.19245
222 0.19221 0.00034013 0.70784 1.5221 0.19221
223 0.19179 0.00078483 0.81843 1.3734 0.19179
224 0.1917 0.000505 0.7451 1.0504 0.1917
225 0.19211 0.00034048 0.70893 1.4007 0.19211
226 0.19236 0.00079038 0.82176 1.3928 0.19236
227 0.19195 0.00051074 0.75261 1.212 0.19195
228 0.19146 0.00034144 0.71333 1.4026 0.19146
229 0.19187 0.00080649 0.84065 1.4275 0.19187
230 0.19213 0.00050895 0.74922 1.1739 0.19213
231 0.1926 0.00034234 0.71098 1.5981 0.1926
232 0.19082 0.00078966 0.82765 1.5177 0.19082
233 0.19204 0.00050623 0.74559 1.501 0.19204
234 0.19169 0.00034023 0.70995 1.2183 0.19169
235 0.19203 0.00080296 0.83628 1.5581 0.19203
236 0.19204 0.00051131 0.75306 1.0907 0.19204
237 0.19221 0.00034294 0.71366 1.3054 0.19221
238 0.19263 0.00082631 0.85791 1.6831 0.19263
239 0.19182 0.00051782 0.76354 1.3896 0.19182
240 0.19163 0.0003434 0.71679 1.0387 0.19163
241 0.19024 0.00078827 0.82871 1.5745 0.19024
242 0.19181 0.00051319 0.75675 1.092 0.19181
243 0.19228 0.00034654 0.72088 1.5256 0.19228
244 0.19174 0.0008037 0.83832 1.4134 0.19174
245 0.19206 0.00051241 0.75463 1.0512 0.19206
246 0.19161 0.00034527 0.72075 2.0457 0.19161
247 0.19285 0.00078783 0.81703 1.4853 0.19285
248 0.19158 0.00050667 0.74802 1.0744 0.19158
249 0.192 0.00034386 0.71638 1.4276 0.192
250 0.19065 0.00080068 0.83995 1.6938 0.19065
251 0.19138 0.00051265 0.75767 1.329 0.19138
252 0.19207 0.00034372 0.71583 1.3803 0.19207
253 0.19282 0.00081832 0.8488 1.6082 0.19282
254 0.19233 0.00051717 0.76056 1.1168 0.19233
255 0.19169 0.00034564 0.72126 1.5574 0.19169
256 0.19239 0.00079351 0.82491 1.4521 0.19239
257 0.19178 0.00050933 0.7512 1.1474 0.19178
258 0.19103 0.00034141 0.71488 2.0 0.19103
259 0.19321 0.00078316 0.81069 1.3106 0.19321
260 0.19178 0.00050651 0.747 1.2183 0.19178
261 0.19232 0.00034337 0.71418 1.3798 0.19232
262 0.19251 0.00080031 0.83146 1.4208 0.19251
263 0.19244 0.00051101 0.75108 1.1917 0.19244
264 0.19149 0.00034092 0.71214 1.3945 0.19149
265 0.19139 0.0007908 0.82637 1.3472 0.19139
266 0.19294 0.0005139 0.75337 1.7727 0.19294
267 0.19167 0.0003444 0.71873 1.2229 0.19167
268 0.19179 0.00081963 0.85473 1.5483 0.19179
269 0.19202 0.00051334 0.75613 1.4066 0.19202
270 0.19201 0.00034457 0.7178 1.6051 0.19201
271 0.19277 0.000832 0.86319 1.6158 0.19277
272 0.19209 0.0005191 0.76433 1.0698 0.19209
273 0.19186 0.00034466 0.71855 1.5662 0.19186
274 0.19131 0.00080506 0.84165 1.533 0.19131
275 0.19206 0.00051251 0.75475 1.2055 0.19206
276 0.1919 0.00034558 0.72033 1.4464 0.1919
277 0.1913 0.00080457 0.84117 1.6955 0.1913
278 0.19237 0.00051714 0.76036 1.0791 0.19237
279 0.19174 0.00034399 0.71759 1.814 0.19174
280 0.19235 0.00081136 0.84362 1.7128 0.19235
281 0.19175 0.0005121 0.75537 1.4554 0.19175
282 0.1916 0.00034164 0.71324 1.5846 0.1916
283 0.19148 0.00079389 0.82923 1.472 0.19148
284 0.19199 0.00050806 0.74848 1.3255 0.19199
285 0.19163 0.00034188 0.71363 2.514 0.19163
286 0.19205 0.00078941 0.82211 1.5938 0.19205
287 0.19182 0.00050499 0.74461 1.4864 0.19182
288 0.19154 0.00034059 0.71128 1.4427 0.19154
289 0.19191 0.0008176 0.85207 1.716 0.19191
290 0.19143 0.00051419 0.75975 1.5308 0.19143
291 0.1915 0.00034336 0.71718 1.2989 0.1915
292 0.19038 0.0008164 0.85766 2.4847 0.19038
293 0.19216 0.00052561 0.77365 1.5296 0.19216
294 0.19198 0.00034701 0.723 1.4078 0.19198
295 0.19072 0.00078177 0.81983 1.5027 0.19072
296 0.19198 0.00050869 0.74946 1.5714 0.19198
297 0.19231 0.00034425 0.71602 1.2052 0.19231
298 0.19278 0.0007873 0.8168 1.4149 0.19278
299 0.19164 0.00050753 0.74909 1.0661 0.19164
300 0.19252 0.00034126 0.70905 1.8779 0.19252
301 0.19174 0.00080876 0.84358 1.8803 0.19174
302 0.19183 0.00051195 0.75487 1.0144 0.19183
303 0.19155 0.00034234 0.71487 1.0499 0.19155
304 0.19147 0.0008346 0.87177 2.3694 0.19147
305 0.19102 0.00052177 0.77259 1.6945 0.19102
306 0.19186 0.00034868 0.72695 1.7133 0.19186
307 0.19064 0.00077811 0.81633 1.3272 0.19064
308 0.19169 0.00050324 0.74252 1.3432 0.19169
309 0.19216 0.00098015 2.0402 147.15 0.19216
310 0.19249 0.00084791 0.88099 1.6881 0.19249
311 0.19218 0.00052351 0.77046 1.2295 0.19218
312 0.1914 0.00034768 0.72662 1.8841 0.1914
313 0.19183 0.0012147 1.2664 36.899 0.19183
314 0.19232 0.00051452 0.75669 1.3841 0.19232
315 0.1922 0.00034375 0.71538 1.9987 0.1922
316 0.19457 0.00079105 0.81312 1.4301 0.19457
317 0.19103 0.00050527 0.74812 0.99527 0.19103
318 0.19228 0.0003454 0.71855 8.3334 0.19228
319 0.19192 0.00079747 0.83106 1.6546 0.19192
320 0.19197 0.00051001 0.75145 1.2279 0.19197
321 0.19221 0.00034232 0.71238 1.3186 0.19221
322 0.19122 0.00080811 0.84522 1.6079 0.19122
323 0.19225 0.00051691 0.76048 1.2279 0.19225
324 0.19203 0.00034441 0.71741 1.9641 0.19203
325 0.19112 0.00080843 0.84601 1.6007 0.19112
326 0.19163 0.00051297 0.75713 1.0863 0.19163
327 0.19153 0.00034487 0.72025 1.033 0.19153
328 0.19169 0.00081494 0.85025 1.5362 0.19169
329 0.19191 0.00051497 0.75897 1.1434 0.19191
330 0.19221 0.00034578 0.7196 1.4548 0.19221
331 0.19154 0.00080177 0.83719 1.4419 0.19154
332 0.19237 0.0005138 0.75544 1.1636 0.19237
333 0.19176 0.00034346 0.71644 1.6265 0.19176
334 0.19233 0.00079876 0.83061 1.4689 0.19233
335 0.19193 0.00051124 0.7534 1.4107 0.19193
336 0.19169 0.00034122 0.71203 1.5858 0.19169
337 0.19152 0.00079346 0.82857 1.7273 0.19152
338 0.19158 0.00050993 0.75283 1.1015 0.19158
339 0.19212 0.0003436 0.7154 1.2319 0.19212
340 0.19227 0.00081023 0.84282 1.8285 0.19227
341 0.19155 0.00051226 0.7564 1.2966 0.19155
342 0.19158 0.00034243 0.71497 1.905 0.19158
343 0.19439 0.0038595 3.9709 151.21 0.19439
344 0.19196 0.0005203 0.76664 1.2473 0.19196
345 0.19144 0.00034518 0.72123 1.1671 0.19144
346 0.19176 0.00082446 0.85987 1.7288 0.19176
347 0.1926 0.00052347 0.76876 1.3671 0.1926
348 0.19186 0.00034691 0.72326 1.8231 0.19186
349 0.19281 0.00079805 0.82781 1.4236 0.19281
350 0.19234 0.00050918 0.74874 1.2284 0.19234
351 0.19202 0.00034461 0.71787 1.9059 0.19202
352 0.19119 0.00079617 0.83286 1.4917 0.19119
353 0.19143 0.00051046 0.75423 1.3983 0.19143
354 0.19184 0.00034226 0.71365 1.7645 0.19184
355 0.19169 0.00078964 0.82387 1.4967 0.19169
356 0.19085 0.00050956 0.75517 1.2182 0.19085
357 0.19166 0.00034317 0.71619 1.6544 0.19166
358 0.19136 0.00079252 0.82829 1.3843 0.19136
359 0.1917 0.0005099 0.75232 1.0653 0.1917
360 0.19138 0.00034437 0.71978 1.4525 0.19138
361 0.19324 0.00080675 0.83495 1.4961 0.19324
362 0.19158 0.00051106 0.75452 1.1826 0.19158
363 0.19215 0.00034309 0.71422 1.6352 0.19215
364 0.19172 0.00079434 0.82865 1.6669 0.19172
365 0.19147 0.00051182 0.75605 1.6079 0.19147
366 0.19189 0.00034289 0.71475 1.4435 0.19189
367 0.1914 0.00081052 0.84695 1.7272 0.1914
368 0.19134 0.00051239 0.75742 1.546 0.19134
369 0.19221 0.00034348 0.7148 1.4717 0.19221
370 0.1912 0.00078688 0.8231 1.488 0.1912
371 0.19262 0.00051072 0.74993 1.1377 0.19262
372 0.19192 0.00034191 0.71262 1.7639 0.19192
373 0.19099 0.00079806 0.8357 1.8412 0.19099
374 0.19195 0.00051145 0.75364 1.3431 0.19195
375 0.19172 0.00034255 0.71468 1.6534 0.19172
376 0.19356 0.00081279 0.83983 1.6811 0.19356
377 0.19121 0.00051056 0.75525 1.2357 0.19121
378 0.19242 0.00034288 0.71278 2.1785 0.19242
379 0.19089 0.00078754 0.82514 1.5315 0.19089
380 0.19164 0.00050809 0.74988 1.2401 0.19164
381 0.19135 0.00034234 0.71562 1.4449 0.19135
382 0.19233 0.00081672 0.84931 1.4779 0.19233
383 0.1922 0.00051317 0.75519 1.2757 0.1922
384 0.19176 0.000347 0.72383 1.264 0.19176
385 0.19071 0.00081384 0.85348 1.7613 0.19071
386 0.1918 0.00052046 0.76751 1.2489 0.1918
387 0.19193 0.00034589 0.72088 1.4439 0.19193
388 0.19202 0.00081148 0.8452 1.5722 0.19202
389 0.19266 0.00051611 0.75771 1.1003 0.19266
390 0.19206 0.00034609 0.72078 1.5247 0.19206
<lo_statistics>
<cumulated_time> 1327.085892 </cumulated_time>
</lo_statistics>