  0.00220368267246561  0.01686294299891505  0.03063593937895847  0.04284818703852272
  0.05438900772743820  0.06566036727339351  0.07683449460889895  0.08805771784748387
  0.09925833775109527  0.11030014041904140  0.12115487313447793  0.13194409573441560
  0.14284600612973555  0.15373712291581954  0.16455410769645673  0.17532598463797808
  0.18618358530511342  0.19704114324986491  0.20792629476457605  0.21884773775105751
  0.22972159633621206  0.24054008787266234  0.25122078557316491  0.26187933719575246
  0.27248832903803294  0.28306757905205759  0.29365755914503067  0.30431292684074329
  0.31505605149621779  0.32587005034179006  0.33660889680810785  0.34730294192814237
  0.35797449990525815  0.36858183766221797  0.37923509996087240  0.38982836368818596
  0.40041481410153934  0.41094283258075981  0.42141697778551512  0.43180096502771581
  0.44210465358552048  0.45242409819353080  0.46279286117347235  0.47315181850406784
  0.48352295414113794  0.49393362497034743  0.50445030575026617  0.51497276316835661
  0.52556629154225420  0.53617996803112344  0.54682716280626564  0.55745139566908464
  0.56804615112451340  0.57856457732619349  0.58900482034366552  0.59938347378131174
  0.60982375448294446  0.62026065447278145  0.63066228112502276  0.64098572833365774
  0.65129829557904362  0.66158462438017662  0.67188134124296306  0.68212948281097785
  0.69241167953582805  0.70266875133464612  0.71298583765246049  0.72333854781373375
  0.73366718170981582  0.74389346427558434  0.75398115634780472  0.76409490214216469
  0.77432276020729440  0.78459443838251808  0.79481100718853537  0.80494584938648994
  0.81509128733098146  0.82528623762530007  0.83553868156532651  0.84576895751809977
  0.85596950688589402  0.86607959791621481  0.87612390036634347  0.88605124964546045
  0.89590795374117871  0.90573753118367539  0.91547327232642650  0.92513015799333431
  0.93474114140064679  0.94431070111991944  0.95374974181631966  0.96298278985588304
  0.97189833182569474  0.98015879371734860  0.98839555148004055  1.00000000000000000
  0.00226440316336428  0.01670349626841178  0.03033407358194185  0.04224300518849884
  0.05388171795166704  0.06544734263181687  0.07691037391988309  0.08808189168318926
  0.09907765480635235  0.10983446983207917  0.12065488491413172  0.13159257339585073
  0.14270054400933702  0.15354478684007428  0.16429049902075085  0.17494204466521016
  0.18574940064448892  0.19652374914532594  0.20739821728534052  0.21808782727776957
  0.22870179625902826  0.23923058248717624  0.24983665441509675  0.26043102621285047
  0.27106331662738109  0.28174041526651672  0.29244652565226376  0.30316894227305541
  0.31389889425283352  0.32460305610710444  0.33522477295194841  0.34581534945690723
  0.35648384558729063  0.36720017615739570  0.37787536462268939  0.38843630413679048
  0.39895099778681953  0.40946194675858305  0.41992561661902350  0.43027816426861021
  0.44063346365667466  0.45107010368561484  0.46156545172352925  0.47214115767981379
  0.48275724615465820  0.49337393589468087  0.50387415122448442  0.51422901903960405
  0.52458731752310117  0.53498613320664490  0.54544663168475471  0.55586567288585254
  0.56623105093613924  0.57654329827402895  0.58681587122394918  0.59709254716821936
  0.60742604005851819  0.61784631325706818  0.62822814713765884  0.63849544175178397
  0.64873974815996027  0.65895905257675003  0.66921581323735024  0.67955563398289465
  0.68993125970701530  0.70030587018205026  0.71067848435948200  0.72107865842925900
  0.73143932371408737  0.74167940926866271  0.75187687968690320  0.76212481172946600
  0.77235854204988208  0.78253115836316012  0.79267870609296132  0.80289833625941942
  0.81313921165377856  0.82336386354647784  0.83351711677110163  0.84365467964758645
  0.85378247763090853  0.86385533598163511  0.87389805091493455  0.88392282884859741
  0.89390685461285901  0.90389407111383202  0.91385555572981736  0.92381633798327711
  0.93353072729874842  0.94309016725884331  0.95247400210880706  0.96180742489261672
  0.97083252215877625  0.97917669490520065  0.98735681281311038  1.00000000000000000
  0.00919030365626558  0.01133136566478384  0.01267152404097751  0.01382290915892286
  0.01496577243922350  0.01609032333278573  0.01718718599616474  0.01836416152500472
  0.01953808977723915  0.02072598782899149  0.02192953061599244  0.02318542674981943
  0.02445469510280915  0.02560877870431328  0.02662205163509325  0.02765696539063285
  0.02881129775527960  0.03002489926018489  0.03124067208109873  0.03247639479787238
  0.03374366386109277  0.03504459631564515  0.03638060485399257  0.03774701027773206
  0.03914312994357447  0.04057602396504052  0.04204939459989353  0.04355774156233175
  0.04510690006996746  0.04670267918500011  0.04834848393095770  0.05004497615267271
  0.05179754001336276  0.05361482317607206  0.05548340325295009  0.05740645791223981
  0.05939833283776665  0.06146762469890499  0.06359846376086999  0.06577463098024680
  0.06802404914531950  0.07037025636701789  0.07282689183262510  0.07538769067972451
  0.07803106900699724  0.08074178382665635  0.08353445364029097  0.08642089675231784
  0.08942321221672592  0.09253434532424391  0.09579033090000956  0.09918779921704342
  0.10274100356976636  0.10642062649318471  0.11024435672921093  0.11422110366028791
  0.11835464166819126  0.12265612543641363  0.12714503643255118  0.13185533464404470
  0.13677432792244590  0.14187933832105570  0.14722185070377000  0.15281919657455365
  0.15869969454106519  0.16486233164674424  0.17139278975776948  0.17826113777686772
  0.18544394943759460  0.19296113627830833  0.20091016045911309  0.20929576543204859
  0.21817746112660896  0.22758440965497800  0.23752261997008209  0.24798110819361460
  0.25907071768212342  0.27083348734183932  0.28333123783646641  0.29674081369711042
  0.31122875350884227  0.32681317455384440  0.34365295679605401  0.36195670595602092
  0.38185817981198933  0.40347358675406259  0.42714552532414829  0.45325817652710143
  0.48243284283737742  0.51563926350804179  0.55391423012379071  0.59932629815241367
  0.65730713228528037  0.74268564494499079  0.86334420963530889  1.00000000000000000
 -0.00106938618356469  0.00406270028195386  0.00928285100867248  0.01447033565057478
  0.01969205902847361  0.02498503014583791  0.03034064908569398  0.03576538553056073
  0.04123129531837580  0.04672934091459485  0.05224988497684389  0.05781486038950762
  0.06343298899471381  0.06908913812734761  0.07477352384952973  0.08049882225550381
  0.08625152055592661  0.09202378629982293  0.09780178381794484  0.10358934729945728
  0.10943017392648226  0.11533617877388633  0.12134063700042647  0.12747707378105147
  0.13369386005554337  0.13991445660347657  0.14614628191514609  0.15243935203543224
  0.15880430504583393  0.16523797490505912  0.17172906844354360  0.17829723693953001
  0.18491382785718724  0.19156372977544878  0.19829140216122373  0.20506219886870100
  0.21191181578174861  0.21879730846487547  0.22575527138032128  0.23277065831680768
  0.23977681264090628  0.24686761477004091  0.25408046988857169  0.26148244555187705
  0.26895743597135502  0.27638014810765188  0.28384934463747447  0.29143928981800632
  0.29915822208308734  0.30695504845863802  0.31484962713535997  0.32283231433875370
  0.33086692827564429  0.33900959438020178  0.34725463786701188  0.35567591929579584
  0.36423504419698993  0.37291209018184113  0.38170679129590190  0.39066318282711676
  0.39973907775043815  0.40893203903730635  0.41816197734563315  0.42745300310063256
  0.43683814529863291  0.44638237219092486  0.45612238334849797  0.46604264782138138
  0.47614875116349886  0.48653170483602221  0.49721554764628950  0.50817097870963857
  0.51936760679371596  0.53086414574783625  0.54261348596438597  0.55462114055618106
  0.56695095611757129  0.57956302337492471  0.59248201401944167  0.60593807487256235
  0.61990810238738681  0.63416582508707875  0.64888393044716464  0.66440595395950974
  0.68048565227290203  0.69725406712984561  0.71497194929885821  0.73384137131478355
  0.75415131308252836  0.77600196370911101  0.79951240874099738  0.82519443513193380
  0.85425825141158784  0.88902633992359104  0.93404836337646757  1.00000000000000000
 -0.00218357593457920  0.00870601351620252  0.01882414786098278  0.02945185936963436
  0.04019963260426405  0.05089769261754050  0.06159351076122816  0.07234545285118212
  0.08290272330344109  0.09349452473585838  0.10416393602427587  0.11476159756578325
  0.12527988083453645  0.13583132903868517  0.14638382201434169  0.15694428958547474
  0.16754374787026263  0.17828077873446252  0.18897387143645158  0.19957216661601224
  0.21022854127190560  0.22103683374283511  0.23160565083796020  0.24224123800076044
  0.25276871860482830  0.26349698000760807  0.27400700553527774  0.28468848743304082
  0.29540314102824455  0.30624104792177226  0.31682940565329754  0.32732481979035116
  0.33785275761254191  0.34844230272369897  0.35910187666787091  0.36976495235042856
  0.38038371385531339  0.39090292372210539  0.40130684080385370  0.41166286220368781
  0.42206651523423055  0.43267155548664676  0.44310447138149295  0.45364871836406306
  0.46415018425520960  0.47465677086761543  0.48506418631081988  0.49552814331731543
  0.50608369616890680  0.51667838317837222  0.52708932406971043  0.53750995021307835
  0.54802924798432617  0.55855632837072799  0.56902578051006258  0.57945955384735770
  0.59008295936067834  0.60071393270313023  0.61119729526641053  0.62153612318091334
  0.63203553794417056  0.64267745863301029  0.65336591191591664  0.66394304059748588
  0.67434933470501490  0.68477241346738105  0.69532957033117238  0.70596981011689464
  0.71642691266074088  0.72686145496280052  0.73714343541161775  0.74764813062341828
  0.75812272431812422  0.76876048201952973  0.77938814648654353  0.78994791023473898
  0.80050485628763102  0.81111207752110459  0.82160969234528014  0.83222396601799853
  0.84255081692663059  0.85292767924688129  0.86325066492340830  0.87370668360687231
  0.88418641059043968  0.89481550783926944  0.90539882373487390  0.91605479698961656
  0.92633757379745940  0.93690695405250668  0.94736003612151276  0.95787795539577181
  0.96818014423983445  0.97843685710465800  0.98915729860086421  1.00000000000000000
 -0.01406964872313264  0.06339044361891746  0.10909750434884619  0.14399655473723197
  0.17354507428999419  0.19957018712465080  0.22297920132011759  0.24462729454650209
  0.26478721287611912  0.28369304502377030  0.30136263387569767  0.31796125474381537
  0.33379824142308079  0.34895292388352611  0.36376090831755303  0.37797529582589878
  0.39154017944087083  0.40491302844997623  0.41795729025729927  0.43050756386661321
  0.44279706656383672  0.45492465853956043  0.46677825369576137  0.47824806426166699
  0.48940979497475606  0.50026277829315369  0.51091541460507528  0.52143669207589505
  0.53181656831744395  0.54197743364469209  0.55194530145019116  0.56171739264070364
  0.57129572931934136  0.58070459848089384  0.59005456594511962  0.59931353658391551
  0.60846211450224197  0.61753605607198936  0.62651380010648938  0.63537923448391398
  0.64409344221506082  0.65257443918740465  0.66082085337194374  0.66888319662026430
  0.67678209511422516  0.68466970957962081  0.69250489333793042  0.70025219596229427
  0.70788886820167929  0.71547839589674989  0.72296065883634408  0.73037569668702018
  0.73775118611165003  0.74510386733352951  0.75234486061582440  0.75946568094857736
  0.76653481033400239  0.77353412102298025  0.78046979184767007  0.78731599485205417
  0.79404476045458317  0.80069175831171724  0.80728315981320786  0.81385667256465843
  0.82042218999248440  0.82697064777372919  0.83347769303811636  0.83992051456058880
  0.84629827547878700  0.85260976716210946  0.85885164459229391  0.86500234302272894
  0.87107769983202832  0.87711977031703747  0.88316334571280519  0.88922994823863299
  0.89525678963999145  0.90118635869490749  0.90702829632607140  0.91280476957554146
  0.91856540626473604  0.92433116492877254  0.93008057618847839  0.93579065969164354
  0.94141443785532763  0.94696884079704813  0.95249455508559111  0.95798713526407675
  0.96341061303638298  0.96875350232246071  0.97401664712411018  0.97927913772814468
  0.98447125611112918  0.98965318505422784  0.99487219510489311  1.00000000000000000
 -0.00233350312671267  0.00921274698145610  0.01942524575139005  0.03006288223621767
  0.04062367210770449  0.05109579733356737  0.06178501847258967  0.07239171868346075
  0.08311535787373102  0.09381337195070312  0.10440755500764218  0.11495139979988490
  0.12537678030086058  0.13595108275035644  0.14646981908445247  0.15696380826497500
  0.16730121668313719  0.17783063599060867  0.18836879116640065  0.19905104289475292
  0.20950283337944603  0.21997209818295396  0.23043707135640198  0.24099380231036110
  0.25154669922535439  0.26203344406198770  0.27265767073422498  0.28334691173046955
  0.29403516393421431  0.30481046096051340  0.31538151121941455  0.32599247447528817
  0.33649976448330138  0.34686592474845229  0.35702713401216818  0.36732073456761982
  0.37779090628452594  0.38843710883649812  0.39882961684957585  0.40928305769130247
  0.41977378419346090  0.43042053628163623  0.44088646271009740  0.45149141129552184
  0.46214683169466836  0.47293881039188052  0.48350997766909254  0.49416551399263614
  0.50471199380087473  0.51532020458644545  0.52591262826563079  0.53650430690384121
  0.54705319223608340  0.55751920747364847  0.56801342263546784  0.57864909005944809
  0.58932697534145428  0.59986728044562598  0.61056098350456878  0.62119847078281354
  0.63192128480147036  0.64259706363121838  0.65315861206062231  0.66371688136026608
  0.67408849242979862  0.68453717278490944  0.69494124180809203  0.70552475118620728
  0.71599908258913303  0.72631542320218645  0.73650900151736343  0.74682703477544476
  0.75734819935866615  0.76778804387735289  0.77816989954003646  0.78859796070442945
  0.79916041993284481  0.80983255075179061  0.82042358429852114  0.83107843973732176
  0.84158763227417044  0.85225565361081690  0.86272279633902860  0.87343227483944141
  0.88405645088221740  0.89475525775703668  0.90511294130083453  0.91550183030133836
  0.92612369295723562  0.93690487199966443  0.94754501289002802  0.95798002737699495
  0.96832987863770015  0.97890027384600331  0.98941665176577609  1.00000000000000000
 -0.00229631182314458  0.00913882722834015  0.01906693192392430  0.02968144497779853
  0.04028747526428290  0.05077820108719837  0.06130679321675225  0.07179002026506989
  0.08233597389769871  0.09291616315943736  0.10342770722240140  0.11410640962236494
  0.12468270812606587  0.13521095474161984  0.14575801113935691  0.15635950540906066
  0.16702141853412009  0.17771572947310432  0.18828190881049606  0.19884071144574736
  0.20936959071345623  0.21987573106993624  0.23034227882875860  0.24084459330843419
  0.25148328095300104  0.26221934472247749  0.27294348675122759  0.28361397310032904
  0.29410565852427173  0.30450508078170352  0.31501219894048116  0.32562975584518689
  0.33611553657095589  0.34650073034954698  0.35695155509146925  0.36751153153899524
  0.37781291315083271  0.38826877253174302  0.39855019656357060  0.40911754750754148
  0.41952014091153944  0.43015557440775359  0.44092027056816180  0.45143291754987808
  0.46200686380781286  0.47242189878995783  0.48325763753354611  0.49354717589162539
  0.50421783477420579  0.51467852306101392  0.52532534898128525  0.53561008383549791
  0.54602535700927113  0.55663612576861377  0.56702266458797779  0.57752421131944898
  0.58785766185722632  0.59860580738242741  0.60930087223057128  0.62023204066301096
  0.63105653589600041  0.64175190197798282  0.65229892852974802  0.66288067824441321
  0.67356285432957186  0.68420942314974653  0.69474172543421386  0.70529549472283892
  0.71564666261702548  0.72647223337593414  0.73686912975666763  0.74775304426139544
  0.75815766329705137  0.76879204886784680  0.77924606587053369  0.78962963394328378
  0.80011998466386969  0.81053964712637661  0.82106271678270737  0.83177058874857746
  0.84217810031813511  0.85293377661245273  0.86325910288896235  0.87388806227140681
  0.88443424034404916  0.89507209310949676  0.90543248439074198  0.91581430719180912
  0.92644234449548424  0.93721741297556105  0.94780492277627504  0.95826994935015886
  0.96875301779525058  0.97921271662972287  0.98957472932774060  1.00000000000000000
   6.6550719828112651E-008  -1.0000000000000000     
 F F F F F F F F F F F F F F F F F F F F F F F F F F F F F F F F F F F F F F F F F F F F F F F F F F F F F F F F F F F F F F F F F F F F F F F F F F F F F F F F F F F F F F F F F F F F F F F F F F F F F F F F F F F F F F F F F F F F F F F F F F F F F F F F
  <DiscreteSampler_grid>
  grouped_processes
  1 # 1 for a reference and 2 for a running grid.
  10 # Attribute 'min_bin_probing_points' of the grid.
  1 # Attribute 'grid_mode' of the grid. 1=='default',2=='initialization'
  0.0000000000000000 # Attribute 'small_contrib_threshold' of the grid.
  0.5000000000000000 # Attribute 'damping_power' of the grid.
 # binID   n_entries weight   weight_sqr   abs_weight
    10   10   5.912801855708530E+003   1.127007172707740E+008   5.912801855708530E+003
  </DiscreteSampler_grid>
