  0.00241296594255391  0.01625359293200971  0.02999617303569421  0.04218226709711927
  0.05407501769236910  0.06566943030476449  0.07689715471214102  0.08791463927022761
  0.09897672492891335  0.10991280772560250  0.12090344190329634  0.13183234294952106
  0.14283929614774565  0.15370015229876510  0.16463869525470129  0.17539756742280369
  0.18622482622948849  0.19694245961356044  0.20767791022528745  0.21820118087199183
  0.22874142378528986  0.23941540331729314  0.25006957379567785  0.26063743084984348
  0.27122695183132600  0.28192697622567237  0.29258320283418382  0.30320040429614181
  0.31385203361235736  0.32452852468874682  0.33509716903098485  0.34553145321657502
  0.35595553630574978  0.36646940419976559  0.37704955071914797  0.38768846236530891
  0.39835868728126328  0.40907406720988543  0.41974808961395615  0.43038856435995043
  0.44099682654080818  0.45164853113640341  0.46227446008461676  0.47290264693224809
  0.48353334142642740  0.49415791310739277  0.50459452183687414  0.51477216748388843
  0.52498969236662052  0.53524064941172123  0.54532021215619109  0.55532821820133194
  0.56544233955935674  0.57575469296722126  0.58604162920629022  0.59625201942789652
  0.60644248740430085  0.61666170459283376  0.62688874200189049  0.63701455273427066
  0.64712677578659150  0.65728123830899943  0.66745075615324267  0.67759681250293735
  0.68779234173070092  0.69808650588142385  0.70841265611609383  0.71871359088976328
  0.72898026115852610  0.73925763098957542  0.74959056692394632  0.76001129815485191
  0.77043516120034905  0.78078560181606182  0.79107718484337253  0.80133943354928594
  0.81158102479906868  0.82178312617498894  0.83198665487811507  0.84218410396678800
  0.85235395132153879  0.86245330770300077  0.87248092559021151  0.88253802049361119
  0.89267251870779341  0.90287345333847024  0.91301241065045946  0.92299911241719867
  0.93279957514354173  0.94245021066956725  0.95187821816625950  0.96105063393722823
  0.96995999733410554  0.97826837022831015  0.98666034934417535  1.00000000000000000
  0.00235360977244273  0.01629191071373211  0.02988069604319148  0.04191771116943434
  0.05329740334880819  0.06448384083784957  0.07563752935109122  0.08661078267956508
  0.09735008732603588  0.10794045950962344  0.11855785599004572  0.12915868830424757
  0.13975243616547328  0.15042535085765682  0.16121719536735785  0.17203995371493244
  0.18281827162129510  0.19355241047184663  0.20429999311835645  0.21493669612128588
  0.22537746512130932  0.23582790971424114  0.24637188099501084  0.25705972243937047
  0.26787528940972155  0.27880895690672924  0.28968048502375099  0.30044377097127017
  0.31115461472384726  0.32185624169981630  0.33251695197748510  0.34309763098100388
  0.35362969077442308  0.36418014626580131  0.37475483562349232  0.38535218395490156
  0.39593083196842455  0.40652391016137029  0.41711426343164765  0.42771794929132978
  0.43825784933326573  0.44873639718986130  0.45921426177433583  0.46975252638290449
  0.48033435942237040  0.49090843261637318  0.50144895124189759  0.51196297977832583
  0.52244892540681398  0.53291261993717165  0.54343675744908904  0.55402826417176609
  0.56463209354926669  0.57519567852423981  0.58565272940368585  0.59608572059471931
  0.60656200495378698  0.61703024335311174  0.62740628992218073  0.63768080152840212
  0.64797157646133363  0.65832381913470228  0.66870588778538353  0.67909184123171018
  0.68946341593678173  0.69978961915146320  0.71012614099478677  0.72054316009737152
  0.73091767705109245  0.74122809352307639  0.75144206314606055  0.76153464728319709
  0.77154292254001955  0.78152707644066566  0.79158187291108484  0.80168534592020224
  0.81181445857482404  0.82200209512118905  0.83224462519040376  0.84246718100226381
  0.85266041140680471  0.86282610671677351  0.87289970514484672  0.88280570635390099
  0.89257369359438088  0.90236345670883045  0.91216846657146400  0.92191018271042058
  0.93154920405444896  0.94109357011685724  0.95055302946365794  0.95991771170463447
  0.96899377501077200  0.97770974123674503  0.98586849763959716  1.00000000000000000
  0.00889426363320572  0.01059788563939043  0.01166225556256710  0.01267212608194490
  0.01373182217154201  0.01484858781811473  0.01600817446706263  0.01717208728575632
  0.01831581801895205  0.01949497257215553  0.02071827943409351  0.02195327564821294
  0.02316653667150630  0.02437804859138981  0.02555845391565696  0.02659064995423710
  0.02758719859380094  0.02874696575217381  0.02996619522732104  0.03119902026734581
  0.03246332564458962  0.03375727467953409  0.03507246580762952  0.03640373539612874
  0.03776083120278215  0.03915078306117804  0.04057993036911797  0.04205300981772310
  0.04358089091487573  0.04516314845475616  0.04680171990266170  0.04848957453261239
  0.05022412020552029  0.05200393834579915  0.05384679875059906  0.05576082751747580
  0.05775567714026042  0.05981188744700034  0.06192127905927781  0.06410185907559680
  0.06637425083121644  0.06873427913247865  0.07115465778819016  0.07365669936922674
  0.07623709219755356  0.07892194114929124  0.08172832009744690  0.08466918663334981
  0.08772953117371557  0.09087380180030374  0.09411003028086104  0.09747648312611043
  0.10096232211727027  0.10456837585008324  0.10833633402413284  0.11232402151928773
  0.11652906090641950  0.12091046797012378  0.12543334161784697  0.13013953443868170
  0.13505194980286697  0.14021366777263428  0.14561699327454988  0.15127313209195573
  0.15717918501533676  0.16334298574956754  0.16975790145733699  0.17645851058159379
  0.18354960083891678  0.19108601736038608  0.19907269107145531  0.20742129159349729
  0.21620764052603189  0.22554788443859974  0.23547666334945561  0.24592396662971058
  0.25690981699334081  0.26870239296359161  0.28142425619945977  0.29507595458846680
  0.30954398757924662  0.32494374451113450  0.34150069807966565  0.35945468002430719
  0.37921708537427989  0.40100642056128555  0.42475079931060922  0.45086549048643909
  0.48012996825322857  0.51341062367648815  0.55200643275584738  0.59838351796446532
  0.65728303266041788  0.74622287584739455  0.84949634479608505  1.00000000000000000
 -0.00104908335178865  0.00405891991120092  0.00931773987889373  0.01455032568005489
  0.01981879626137309  0.02516356473326459  0.03056781758517592  0.03602554886612121
  0.04150658793244447  0.04695820561884285  0.05243441242206926  0.05797352968373001
  0.06357405047472596  0.06919217807062218  0.07481276836860327  0.08042175544676076
  0.08605648717321115  0.09173860929739538  0.09745863130717537  0.10324311101881498
  0.10916082139292188  0.11515756079468814  0.12118580957688939  0.12727638179327733
  0.13342808446813423  0.13961860837436263  0.14585643512459279  0.15215164027791597
  0.15846715724741095  0.16478856184810106  0.17109618103024687  0.17740635092746199
  0.18383840615932692  0.19032974154399704  0.19688232552982271  0.20350962001918588
  0.21014940728175269  0.21676911352977768  0.22338426269015724  0.23007367523153613
  0.23688837743025651  0.24376632829302605  0.25074248110462871  0.25780143177699272
  0.26494509575533010  0.27224789439685226  0.27979024020997850  0.28744352011429719
  0.29517892447634353  0.30298663335626391  0.31088066137357279  0.31888165880807673
  0.32696679304869686  0.33511769747369319  0.34337152560413553  0.35176534533437614
  0.36027092451589038  0.36889737662328759  0.37769519023565068  0.38671900915581542
  0.39584842363382922  0.40502833911342223  0.41430020655700101  0.42366037251167710
  0.43321272330620847  0.44296166902414219  0.45289109978495112  0.46308197298071602
  0.47338924061961463  0.48405902615801982  0.49482736649305220  0.50584082936250230
  0.51707737967000755  0.52842034186819009  0.54005607325745986  0.55204085119632651
  0.56427734765539916  0.57677219437750260  0.58974506432105611  0.60323716340837641
  0.61704636749853747  0.63146665286963166  0.64655583600375099  0.66224224762965533
  0.67857822265054779  0.69561650928063201  0.71346857306081912  0.73223285560098228
  0.75205251132942363  0.77333640549314397  0.79651637103969952  0.82233766178011813
  0.85168762164914769  0.88651686528311657  0.93296166517449808  1.00000000000000000
 -0.00235256590011511  0.00911000586135164  0.01961487549200578  0.02968403022310259
  0.03995301979022762  0.04995665114348077  0.06008416905000668  0.07047393929530216
  0.08111774469191683  0.09179270275352468  0.10229936300943872  0.11261148766367114
  0.12281875234724748  0.13302313496933577  0.14320037791487503  0.15359583248329547
  0.16425715125407320  0.17503206054300829  0.18575036832959332  0.19626224831100314
  0.20668385714374379  0.21714316803034811  0.22756995218808748  0.23795732324914326
  0.24841112060989959  0.25892788485205348  0.26955988893372812  0.28018098154403503
  0.29089471849088733  0.30168346447855626  0.31249510350661541  0.32324350720688499
  0.33388297667145356  0.34457291805916695  0.35528955806859386  0.36603550293816717
  0.37660496500415674  0.38707148270833053  0.39765520772507723  0.40802706856927679
  0.41860465111579825  0.42925140548538121  0.43993949910411601  0.45063615159702292
  0.46133180221913495  0.47192809978109690  0.48253285606156104  0.49293411134539583
  0.50338249209182484  0.51374321319281824  0.52427142215144795  0.53492604985306158
  0.54546666641522024  0.55613499307046932  0.56655162262160808  0.57702620692444273
  0.58742306012958667  0.59810362726942623  0.60886096644592769  0.61971472869979694
  0.63020970929665843  0.64043339199438176  0.65082991694165648  0.66106389712654068
  0.67140013225229145  0.68170727909933282  0.69196244960441178  0.70289347391444224
  0.71351400677661669  0.72423103355477547  0.73494355273571499  0.74541988027446393
  0.75603026876104440  0.76647997296430914  0.77700570700488802  0.78769967568391652
  0.79851977638768346  0.80926317028025740  0.81989923110493534  0.83061860594200776
  0.84137554901909484  0.85202482490704246  0.86276275905251798  0.87353664263755570
  0.88417568823368853  0.89475819517590360  0.90496401709369090  0.91552376931858293
  0.92603267827223956  0.93633370817067629  0.94668958003245063  0.95705237269647425
  0.96777915465393705  0.97833947811944455  0.98905466836145961  1.00000000000000000
 -0.01443829490199991  0.06408082362493481  0.11044463014628142  0.14602389278798011
  0.17588033896867228  0.20188845135497868  0.22518444722623179  0.24668466920098031
  0.26703296242973418  0.28631778190921559  0.30431584602898493  0.32118412784558331
  0.33727020773553612  0.35266123736421262  0.36754096789815693  0.38186744841977960
  0.39574131502136634  0.40932259415508543  0.42244378895078843  0.43521281819309032
  0.44761245477748968  0.45971520951912370  0.47145316963624623  0.48286694886128195
  0.49408628590967973  0.50497264871637682  0.51558103165736924  0.52588415453670534
  0.53593445674434415  0.54594660629566527  0.55581431161690176  0.56558291713107001
  0.57501126575608896  0.58429425359845188  0.59335483724545957  0.60231871441619655
  0.61112599555676028  0.61981535961472201  0.62840203327478983  0.63689162180729364
  0.64529208176840103  0.65358628552342324  0.66181223935935141  0.66990862842814614
  0.67791900840564334  0.68580231551707516  0.69360353703781463  0.70126206984957484
  0.70881402866495347  0.71639277974561810  0.72397718275989720  0.73148712239882696
  0.73890817505820761  0.74625055472839374  0.75348824315893215  0.76063454432728672
  0.76774612837498091  0.77483936173993351  0.78189740916552619  0.78884404003931474
  0.79566609127315469  0.80235326186442701  0.80897107863026207  0.81557029600472020
  0.82213934451511217  0.82869754938640594  0.83511967423529831  0.84138936176754953
  0.84760120883091550  0.85373951584567220  0.85979286146172895  0.86577096125735264
  0.87169795667513084  0.87758829187357201  0.88344104246122568  0.88924979330757259
  0.89503222994964204  0.90083870203232719  0.90665997902857765  0.91246079516522816
  0.91822964118370975  0.92397055311738707  0.92965596033636699  0.93525877012851832
  0.94083466060143983  0.94638247064824566  0.95191594203989538  0.95741521405389995
  0.96286155244760818  0.96823238456118321  0.97358303220550724  0.97891549962471902
  0.98420966148696942  0.98947039249945767  0.99472568621827584  1.00000000000000000
 -0.00233390191167300  0.00933685923419596  0.01891398355443220  0.02978682952056432
  0.03989819559722458  0.05064165350484604  0.06109972294885099  0.07167445261764452
  0.08232844786221756  0.09307299677698025  0.10388369716454897  0.11458987010874577
  0.12533757916507760  0.13598278679753889  0.14677505034827409  0.15739765593487071
  0.16800592019339139  0.17854852597154255  0.18911893948555536  0.19946408739172236
  0.20986061708195575  0.22035432642405756  0.23096542669642586  0.24173148066062275
  0.25226618594424449  0.26266568752677455  0.27308445406989063  0.28350401471983067
  0.29406931163167843  0.30458061205222975  0.31511983782713227  0.32571871918926165
  0.33602566014448265  0.34658059190015100  0.35723367476404233  0.36814147903749328
  0.37885692807471766  0.38988472700809318  0.40033690846284142  0.41076816656303056
  0.42133882079469448  0.43168329635348396  0.44214174637653458  0.45234373603763123
  0.46277481376110191  0.47355583684358277  0.48412033558224449  0.49474117295650011
  0.50536717594571834  0.51618806590628397  0.52690998789223609  0.53753753933921522
  0.54826529488006803  0.55890049259093344  0.56935843990006840  0.57993304216123964
  0.59022302195657217  0.60056911985227479  0.61086633583613403  0.62141483620207316
  0.63165551410619858  0.64221640265795210  0.65243682376868917  0.66260838612093498
  0.67280160533327305  0.68309103985885744  0.69337702974594995  0.70352162528972462
  0.71384034068214186  0.72453124381665890  0.73525959508296401  0.74585553296597484
  0.75653257465966361  0.76718827279555712  0.77784206194277017  0.78831280740628096
  0.79880628557219435  0.80930276945314905  0.81981655713795654  0.83022193621893636
  0.84084435318474016  0.85137276233044767  0.86214625573888282  0.87253366700244039
  0.88327531311963237  0.89369421303836982  0.90454999003694958  0.91537890463436855
  0.92578911907195560  0.93618305102598387  0.94662880298864127  0.95721416216636213
  0.96793147891665410  0.97845391982264462  0.98931076037007559  1.00000000000000000
 -0.00234600296720142  0.00918551682946920  0.01946844171772867  0.03013241082197629
  0.04053203327141333  0.05099981995185372  0.06149433285838753  0.07211617908404844
  0.08259080318469227  0.09306708447826743  0.10334324988742069  0.11370949818839216
  0.12384115828744285  0.13436176955090642  0.14478213887283925  0.15589904017911327
  0.16666903320754892  0.17725221819886983  0.18760860323167650  0.19823213908797999
  0.20879330500227175  0.21948593766325050  0.22998084107490066  0.24065537061782213
  0.25142199767367873  0.26234165687396283  0.27324372104148598  0.28396336382257809
  0.29451673919817656  0.30514658841551284  0.31571633575904862  0.32624698753659531
  0.33681313072217850  0.34740324842083320  0.35797620645080847  0.36857844057994255
  0.37933627326552621  0.39018657364985521  0.40111344878753130  0.41206760471258658
  0.42294904179607223  0.43372114814930596  0.44449358145554829  0.45516327685765273
  0.46559963887103983  0.47594817797383715  0.48636282434133332  0.49664912229756003
  0.50699506731735322  0.51722259710948015  0.52767842331465020  0.53823236792125706
  0.54860410771092893  0.55877429622251762  0.56896472981467361  0.57890171473369123
  0.58929200699941919  0.59972714252508019  0.61015887626308563  0.62057760341428847
  0.63118963805118489  0.64192533999556101  0.65271889799020910  0.66329708480993566
  0.67386981253690004  0.68460516763593982  0.69502958237909385  0.70544941363074021
  0.71587165637466488  0.72632960233362354  0.73663695097902659  0.74706555865785862
  0.75754860619154674  0.76840932850987120  0.77890066645021649  0.78923267153681609
  0.79967217398124613  0.81014404532313500  0.82060896474095757  0.83108487032484324
  0.84167117726280605  0.85226907059439150  0.86265645186263207  0.87298851724563609
  0.88366549563547703  0.89444779457508750  0.90519879326979658  0.91586486289962954
  0.92650240198593825  0.93713019642216822  0.94751993281207214  0.95814711104929906
  0.96845338754778898  0.97914393340107608  0.98952451903245897  1.00000000000000000
   6.6547819548182333E-008  -1.0000000000000000     
 F F F F F F F F F F F F F F F F F F F F F F F F F F F F F F F F F F F F F F F F F F F F F F F F F F F F F F F F F F F F F F F F F F F F F F F F F F F F F F F F F F F F F F F F F F F F F F F F F F F F F F F F F F F F F F F F F F F F F F F F F F F F F F F F
  <DiscreteSampler_grid>
  grouped_processes
  1 # 1 for a reference and 2 for a running grid.
  10 # Attribute 'min_bin_probing_points' of the grid.
  1 # Attribute 'grid_mode' of the grid. 1=='default',2=='initialization'
  0.0000000000000000 # Attribute 'small_contrib_threshold' of the grid.
  0.5000000000000000 # Attribute 'damping_power' of the grid.
 # binID   n_entries weight   weight_sqr   abs_weight
    10   10   2.524735309535211E+004   2.265270821529599E+009   2.524735309535211E+004
  </DiscreteSampler_grid>
