  0.00238728003717267  0.01620370761497116  0.02983266075776895  0.04179397512066260
  0.05342528713852038  0.06476322823887494  0.07613993301142764  0.08728521156776180
  0.09839520631053925  0.10930298632069983  0.12000475221955738  0.13081018249045884
  0.14152849798882886  0.15235249639172738  0.16307731320688681  0.17380924396110026
  0.18440988472186021  0.19498458626377579  0.20557809123918847  0.21602043894111883
  0.22642584291944923  0.23696654067756606  0.24750071216550398  0.25801667509375131
  0.26850580813345098  0.27907039153899071  0.28960170227616561  0.30013049709197770
  0.31061691700475708  0.32110502594411433  0.33161013509738091  0.34246573892660487
  0.35338906518467139  0.36421771984178497  0.37494131901228855  0.38567802244589661
  0.39623626392844874  0.40657387244216392  0.41688871581517228  0.42725786419008166
  0.43755150242522783  0.44774519402683255  0.45791535550403822  0.46836623230582142
  0.47896854545433998  0.48965106758335214  0.50035814836012105  0.51099262353394337
  0.52160448901892698  0.53216558994103724  0.54267929632631740  0.55316056322990670
  0.56368041648310563  0.57422077659337178  0.58478832573689454  0.59534657556509862
  0.60587630399715897  0.61635091552411969  0.62682282942052259  0.63726594695979843
  0.64769245279469889  0.65813085605587296  0.66853795648046421  0.67892197247122299
  0.68927752099925288  0.69971335342279117  0.71013110565289261  0.72037081946940829
  0.73055810473373639  0.74077351489033416  0.75099846453443175  0.76115952429077083
  0.77136644714245162  0.78168656944352299  0.79200180396942543  0.80224807721451874
  0.81250869451372820  0.82282716410886081  0.83311058330268706  0.84327440526270514
  0.85336760205068707  0.86348695858938151  0.87363179586826423  0.88374952729851253
  0.89383528670123069  0.90386968545875934  0.91382520250209098  0.92365971948891246
  0.93336119446860688  0.94296494996876745  0.95248095047061510  0.96184960673079101
  0.97089784855960493  0.97931961256673805  0.98753260844292268  1.00000000000000000
  0.00238286419558598  0.01624952579971879  0.02999950356364959  0.04198616045270320
  0.05350281507097758  0.06464518193337035  0.07575100603083279  0.08681395458522417
  0.09792888667152400  0.10903301687708356  0.12017070220880828  0.13127861759687973
  0.14238479742614485  0.15361586307765832  0.16480870868269634  0.17589874694233326
  0.18680831974295944  0.19767106173861987  0.20834970910603584  0.21882771081775909
  0.22922018808063813  0.23968475394992284  0.25020143923329707  0.26073413615335128
  0.27129926425552409  0.28201105345139788  0.29268392160011270  0.30332127840159406
  0.31386869042110677  0.32442214733482216  0.33502387742081879  0.34576980170440169
  0.35661126404093613  0.36740949340493040  0.37818335765049355  0.38871767211452996
  0.39909554237388817  0.40935003034884609  0.41969831526942075  0.43019340053268673
  0.44062954759640882  0.45086661148019241  0.46107147058488440  0.47125975093831568
  0.48138889829999060  0.49147122270483917  0.50167379638404197  0.51219673443756919
  0.52284364870994093  0.53343005358590800  0.54389886988093283  0.55429311466356379
  0.56465884527374999  0.57504899211178473  0.58546232686825650  0.59589677497496585
  0.60634594941511666  0.61681240557393302  0.62726854788919040  0.63764579184433967
  0.64794577498376837  0.65820238089501648  0.66843380732019386  0.67866577874555167
  0.68890720807592398  0.69918956798853005  0.70946963226368553  0.71973756159200553
  0.72998889053183713  0.74016000471532417  0.75028799513283151  0.76039237773458979
  0.77052098529972568  0.78068509839334665  0.79086891381075242  0.80109734182040948
  0.81134114901333276  0.82159988056627065  0.83191979611523348  0.84225350784822339
  0.85259538868613893  0.86291860113880325  0.87321750646632956  0.88345987673972992
  0.89352867535930158  0.90340380897170758  0.91315139791044231  0.92290490343361886
  0.93261533026015286  0.94212837420841866  0.95144111117067853  0.96061790320346963
  0.96970887739163592  0.97826456573474740  0.98677028090328278  1.00000000000000000
  0.00811977861164745  0.00969212570016579  0.01075817985078441  0.01179332180182236
  0.01287315921590702  0.01398961764520457  0.01513823474535156  0.01630105151776982
  0.01747704173495483  0.01865967899164546  0.01987863023558333  0.02111415078782529
  0.02234482870531138  0.02357374141236663  0.02481302362496047  0.02596255248210788
  0.02692860615201009  0.02797305597206808  0.02917992557278288  0.03043430346276481
  0.03169607704288330  0.03297302577407864  0.03427344281147875  0.03559238299069790
  0.03693490255031746  0.03830664326108622  0.03971803217845899  0.04118472522754562
  0.04270772885979647  0.04428076184626818  0.04590351667102857  0.04758178278451899
  0.04931498152741649  0.05110924466272075  0.05297206620320307  0.05488705862775210
  0.05684553204962940  0.05885283762967010  0.06092295964988333  0.06306828842465856
  0.06529534447133965  0.06762374557455390  0.07001909777794064  0.07248171534063681
  0.07501452866483135  0.07766575807190093  0.08044060676642638  0.08331995069168692
  0.08630132501864828  0.08940887957881952  0.09263606664359460  0.09599142648239517
  0.09949977505571370  0.10315830853488607  0.10695537071968207  0.11087052503245488
  0.11494409016878825  0.11917846443006108  0.12361961456374181  0.12829166546518142
  0.13316119487981420  0.13822317758821143  0.14347414810297823  0.14901636974961152
  0.15487870135973428  0.16104441986096441  0.16754712368020852  0.17436438538664234
  0.18153579123504621  0.18903816533676324  0.19695579910214903  0.20529437131322428
  0.21409786078673476  0.22343917774123825  0.23339799948533529  0.24386845039190147
  0.25487880017817133  0.26665725216969488  0.27936058944844022  0.29300052291521311
  0.30749021356092954  0.32299129227712803  0.33968568839233149  0.35776425838072501
  0.37745272465588131  0.39913536786030690  0.42293254641507222  0.44915403568283957
  0.47842450831426908  0.51137355172509003  0.54954067681050278  0.59553324915776273
  0.65318839565462772  0.73593164368858310  0.86262127650042320  1.00000000000000000
 -0.00110442292847873  0.00413530187537006  0.00950449760506546  0.01490428427535578
  0.02030993650993863  0.02570857169583610  0.03106463699925554  0.03642160787770417
  0.04181711070763892  0.04727860761014056  0.05282029265417090  0.05844597123509429
  0.06405890230651926  0.06962567434357080  0.07519615067619878  0.08081029824579256
  0.08648544990823005  0.09220391047128028  0.09791482730424522  0.10360886533399354
  0.10935591311016878  0.11520531201301926  0.12115009728281151  0.12716580852468948
  0.13323715121953464  0.13933504634222019  0.14545977347636022  0.15163073878832239
  0.15784630518070458  0.16411860687335067  0.17047394092595899  0.17690840520269419
  0.18338077454851787  0.18993724469300932  0.19660011976470795  0.20336354115088601
  0.21017088677144449  0.21705793969810291  0.22405391204488484  0.23115192632017462
  0.23833659449269989  0.24557576951015092  0.25281210053179659  0.26001954635996294
  0.26721584772822177  0.27444095166775440  0.28174807753095321  0.28916332139618928
  0.29670202284921404  0.30427273745364425  0.31194449656934636  0.31985352816323998
  0.32794965899108047  0.33619869206349257  0.34456859519303712  0.35297328886045309
  0.36142162786449578  0.37005195640849808  0.37891352294574759  0.38788345012488112
  0.39695435166943943  0.40618406643447996  0.41549943119692212  0.42489281741749008
  0.43439547918733612  0.44409648828873727  0.45405455769249659  0.46418666771239148
  0.47452654540018441  0.48503515605832126  0.49567840521143613  0.50658547435478485
  0.51785125843861590  0.52935978380542603  0.54103642868777824  0.55304905572618779
  0.56533836807380566  0.57783589227212129  0.59068609860230292  0.60398149415002533
  0.61747181731541601  0.63154630725538441  0.64648627222214949  0.66215021108770356
  0.67835511272647275  0.69530660680278311  0.71319775539474239  0.73224968174465221
  0.75252031270926734  0.77431284917567345  0.79793748852128943  0.82370405602227248
  0.85273945515490734  0.88733938082188468  0.93336816342618900  1.00000000000000000
 -0.00240064260297600  0.00919550705868646  0.01959663871275658  0.03034002115983573
  0.04116357991562833  0.05178610308494521  0.06240588428294822  0.07295180830031735
  0.08367280614682937  0.09435860089360042  0.10502500574679219  0.11565716738958920
  0.12637512748714749  0.13713410329154557  0.14777690011002079  0.15827280791894890
  0.16880282919300146  0.17943477259278495  0.19001453181037523  0.20057483057553818
  0.21109314560792278  0.22155643785513870  0.23194662806255220  0.24220418613359707
  0.25246160798856088  0.26278591906963833  0.27329428125266469  0.28379958918202136
  0.29423521827653787  0.30458839138089788  0.31519004219950381  0.32594184548408284
  0.33651469809875179  0.34688661933279913  0.35722840157590607  0.36768631627743387
  0.37819038693288953  0.38841307303439909  0.39896143486079205  0.40963259287596299
  0.42040265261278953  0.43085243924490885  0.44120359386688679  0.45154259505697952
  0.46208026326145696  0.47273685980193358  0.48350549531553061  0.49399846550702825
  0.50463592195017692  0.51523686181562056  0.52605852163112954  0.53677562925649180
  0.54739025528446739  0.55779292516405143  0.56820596322791461  0.57843836143199512
  0.58880361275052051  0.59901489942098241  0.60935745955773157  0.61981087570556459
  0.63027068875300940  0.64096878223765641  0.65169077136477216  0.66219708361664076
  0.67278475292643314  0.68342659800140715  0.69400016139989729  0.70429390122703650
  0.71469134511937682  0.72491373986523278  0.73536188560983451  0.74565658609865837
  0.75620030408565275  0.76694791564476683  0.77745897830027844  0.78793766397289366
  0.79843760993947699  0.80917126127908989  0.81976118675443366  0.83038621615659225
  0.84098502561567900  0.85167565581801707  0.86233053671138649  0.87281737358277833
  0.88345056441809788  0.89409798900385684  0.90472969745054410  0.91535872400139839
  0.92604123103442593  0.93689018543109648  0.94767669927552711  0.95832069436571321
  0.96885720682035503  0.97911420300507723  0.98954296573405154  1.00000000000000000
 -0.01429646782369082  0.06386020675477289  0.10922563796412231  0.14409641061967696
  0.17380146731560900  0.20020155925030367  0.22397806125975103  0.24573683088856632
  0.26600977063779746  0.28523202254060714  0.30318631369156535  0.31982764674673225
  0.33558629075047486  0.35083209120781861  0.36565345121658288  0.37992739519684710
  0.39369247044181332  0.40718060261391043  0.42044631466924892  0.43329591632360831
  0.44579838730150467  0.45801624324319401  0.46987225577775765  0.48141861058302404
  0.49272107062176229  0.50388823861750365  0.51483532845931534  0.52549321350639289
  0.53572567245964497  0.54561511437316101  0.55520876740634528  0.56470699187367357
  0.57414515971638092  0.58354181835491148  0.59270519985488190  0.60163766908661831
  0.61039836026742711  0.61908829156546286  0.62769175043559999  0.63623563122841598
  0.64471169567195330  0.65327926582097284  0.66184732158746218  0.67020334289261307
  0.67829772753410722  0.68621381642101442  0.69403182013042097  0.70181439708302151
  0.70945127547597098  0.71699259507277335  0.72446379740921218  0.73188578915478253
  0.73926113754199441  0.74652314444431045  0.75372311390046098  0.76090091143479965
  0.76803480856478046  0.77505302421495892  0.78196929831086559  0.78882481573066465
  0.79562080248996192  0.80233727854379067  0.80893990302422503  0.81544314792712647
  0.82188963720174324  0.82833114055679857  0.83475272401906275  0.84115637820547995
  0.84751465314053331  0.85376659043573366  0.85990790495000125  0.86598222478786691
  0.87200964994026609  0.87799195739866931  0.88393311547173192  0.88983440234133204
  0.89571022396652678  0.90155207894254807  0.90736267868152498  0.91316655405549652
  0.91898856125134121  0.92482210950752963  0.93060391884392546  0.93627806614192122
  0.94184001543259632  0.94735462012558935  0.95283597726594116  0.95824465743269716
  0.96355853941683145  0.96883318519003381  0.97409465723957489  0.97938774806566176
  0.98463445993457333  0.98976888157601306  0.99493938538472448  1.00000000000000000
 -0.00228064203766244  0.00908491935526247  0.01856995592656679  0.02908323874922683
  0.03937746193980331  0.04980986166668722  0.06059090720243122  0.07140020757646180
  0.08219043243225035  0.09283510065537443  0.10345372043865325  0.11406824702233861
  0.12466599350733006  0.13514635551987139  0.14586247346494904  0.15644971983053563
  0.16708523528299979  0.17765976498986844  0.18831277534270011  0.19896551752326500
  0.20959504083580827  0.22018568916969766  0.23096118429268322  0.24156730088433798
  0.25214023383581241  0.26262363267847544  0.27308708470677329  0.28365881474436194
  0.29421738224380461  0.30482896405259347  0.31535598616760041  0.32592599695910518
  0.33663752129357033  0.34731633159426567  0.35797197987164259  0.36861633516874570
  0.37931086948116438  0.39003721643284356  0.40072513302871854  0.41164485837562337
  0.42243624312813671  0.43310660794994210  0.44369304348420063  0.45428420242178713
  0.46486975505960210  0.47537278802851740  0.48599989427066653  0.49666613248827851
  0.50733795286445804  0.51799481788976764  0.52863230978462961  0.53920293278714881
  0.54967329151713751  0.56018557778184175  0.57083541637831448  0.58148366292573950
  0.59202791742947825  0.60247132377200996  0.61300776817858671  0.62362873009375730
  0.63407197179651420  0.64450014576863135  0.65483279174553077  0.66523797021375386
  0.67557729964197433  0.68598774043042177  0.69660202711280195  0.70719422792095799
  0.71773858740439556  0.72821937464938113  0.73884241015008434  0.74931692070170297
  0.75960549323130344  0.76984140434269965  0.78014667617957378  0.79044824576279549
  0.80071222877491888  0.81078726526976785  0.82134821593391272  0.83202636008102993
  0.84224126984808401  0.85261865717287921  0.86302348561441222  0.87346617388418890
  0.88379882751424255  0.89414087728585057  0.90458236155401350  0.91522453099318735
  0.92570636895544678  0.93630291606770144  0.94697956769730718  0.95779194843426474
  0.96826390551737962  0.97895723931096179  0.98942104401003528  1.00000000000000000
 -0.00228110748833169  0.00899780522731906  0.01904919012706102  0.02972463141758181
  0.04032695961540760  0.05109385365377106  0.06165793183582643  0.07225391933869812
  0.08269041442573447  0.09273197978063819  0.10301557644094513  0.11329740765897482
  0.12365179949749669  0.13400544050932675  0.14435594588463460  0.15490988564707883
  0.16570312724829311  0.17634858413780818  0.18699558193747998  0.19764088193868987
  0.20820130233605866  0.21864058675786222  0.22907452301834094  0.23976404579133812
  0.25062250614912640  0.26143486181062831  0.27222395443553732  0.28281495698895642
  0.29334848918807638  0.30398150390719553  0.31470896278172367  0.32537804533635301
  0.33594728013137065  0.34642141806561982  0.35697185051295621  0.36773750586272952
  0.37835226335090361  0.38886397921296290  0.39927692046398500  0.40972458186195937
  0.42037234612148738  0.43104261262442850  0.44174898186422856  0.45250303454284202
  0.46316474841003530  0.47383651525661047  0.48424511320888569  0.49464289733663264
  0.50518147268827607  0.51587384052326390  0.52647086732219917  0.53701297558535077
  0.54764413099779707  0.55830095829977144  0.56904100475568864  0.57953218374407522
  0.59015231607505281  0.60053603879699557  0.61132435052023670  0.62210930629317251
  0.63278451499928090  0.64346879287632075  0.65397193186026725  0.66449375881324202
  0.67497602573460824  0.68544427865065272  0.69570195389378553  0.70601967961022849
  0.71643469270550775  0.72695041007253125  0.73732625787397166  0.74762842392425999
  0.75814027382678228  0.76855635980104942  0.77912561234448863  0.78965685051014978
  0.80028490916372275  0.81087044701093047  0.82141988962811285  0.83207919273859432
  0.84278174432066055  0.85356269033383247  0.86429213659716642  0.87489110963284056
  0.88506836313654558  0.89530237163807347  0.90563796194399637  0.91619941136643424
  0.92651539276289252  0.93653363828004266  0.94710640511988908  0.95789083161700572
  0.96841825586740715  0.97914432760485692  0.98951062192590844  1.00000000000000000
   6.6846056449794354E-008  -1.0000000000000000     
 F F F F F F F F F F F F F F F F F F F F F F F F F F F F F F F F F F F F F F F F F F F F F F F F F F F F F F F F F F F F F F F F F F F F F F F F F F F F F F F F F F F F F F F F F F F F F F F F F F F F F F F F F F F F F F F F F F F F F F F F F F F F F F F F
  <DiscreteSampler_grid>
  grouped_processes
  1 # 1 for a reference and 2 for a running grid.
  10 # Attribute 'min_bin_probing_points' of the grid.
  1 # Attribute 'grid_mode' of the grid. 1=='default',2=='initialization'
  0.0000000000000000 # Attribute 'small_contrib_threshold' of the grid.
  0.5000000000000000 # Attribute 'damping_power' of the grid.
 # binID   n_entries weight   weight_sqr   abs_weight
    10   10   1.012752604413509E+005   8.765315310301181E+010   1.012752604413509E+005
  </DiscreteSampler_grid>
