  0.00227298353920052  0.01653756221006468  0.03041008757407182  0.04259505334243449
  0.05422997765954418  0.06573541681216638  0.07715384975563662  0.08863622228759074
  0.10018488990548789  0.11149336815944423  0.12263802468624592  0.13376477610406926
  0.14499681288229427  0.15600101397243252  0.16679274163405777  0.17768984524189396
  0.18873734204100698  0.19962964807061323  0.21029968233014482  0.22093921728649354
  0.23149067899320358  0.24216542449506501  0.25287523608061746  0.26363000842897277
  0.27433069634909624  0.28494974847310467  0.29541951471984174  0.30577488153388355
  0.31618280099888896  0.32673299085721269  0.33730184552574927  0.34790100720197514
  0.35856959700144192  0.36929783085214019  0.38009386400481554  0.39080177439785563
  0.40145812348382304  0.41196397907992882  0.42239804472848042  0.43286336294261069
  0.44338828905786704  0.45403726441056580  0.46469510470858827  0.47530294029457038
  0.48580079823710165  0.49620449948195811  0.50659390982002306  0.51704867779714092
  0.52762707127030617  0.53820325761820575  0.54863636839342400  0.55887751558505305
  0.56911222154721719  0.57935779451844793  0.58957960178360702  0.59975321811369642
  0.61009392221311320  0.62069884099219519  0.63130616936620754  0.64180874469249616
  0.65218240749714840  0.66255495165627099  0.67292438682435662  0.68334157126124362
  0.69383986935875763  0.70430653488866313  0.71470377384747608  0.72506018811639450
  0.73552188327751122  0.74602661259294811  0.75646394803744199  0.76682018553671838
  0.77721069673196008  0.78761304098447948  0.79804957510796937  0.80852160033551601
  0.81900565509133594  0.82941405330062956  0.83967947303979562  0.84990024324244706
  0.86011002765428124  0.87029785274245341  0.88049259480083508  0.89063720348761877
  0.90067888962448117  0.91038878644622789  0.92012883900267495  0.92988573059169766
  0.93960460918493582  0.94914903746218859  0.95854300773202461  0.96781244877377925
  0.97680494102837745  0.98509546920293745  0.99352287323274702  1.00000000000000000
  0.00221733531494727  0.01668543211168314  0.03080898890409656  0.04318325899560536
  0.05508443628067085  0.06646876398727361  0.07728658290208108  0.08816410776506588
  0.09908305438970108  0.11006913251597299  0.12099419173379776  0.13195609632274491
  0.14293992023894528  0.15390117591612018  0.16501323527317233  0.17606184053447591
  0.18703354035814548  0.19777152095681197  0.20852998380497065  0.21931121512379140
  0.23004340221997321  0.24061841801350928  0.25109912437988935  0.26167390159396259
  0.27229927679142663  0.28284993324785257  0.29341312709456180  0.30406387808511409
  0.31479714709732193  0.32553832368416746  0.33621283157663850  0.34674510942060849
  0.35727438649939008  0.36791330911778969  0.37856814046683818  0.38908004900528825
  0.39960652734243118  0.40999719664783846  0.42030202139404499  0.43062204349984168
  0.44119360978650801  0.45192824111587554  0.46260683535529690  0.47316710447943977
  0.48371350362634163  0.49424458367369989  0.50476362838299615  0.51508697082195321
  0.52546301170582110  0.53585489971660194  0.54623673001827167  0.55661482437930143
  0.56703599961043250  0.57762822372291667  0.58812508816465858  0.59843393515098631
  0.60872749874306253  0.61920111240491182  0.62981443771698919  0.64041659386337502
  0.65100373360769659  0.66163086575338248  0.67224323694586807  0.68277752196871733
  0.69325739196671254  0.70380851663204558  0.71424091623718544  0.72476547353906617
  0.73526156414484667  0.74580601259261126  0.75617698094709829  0.76646050176512881
  0.77671604284196050  0.78714645015980167  0.79752525548865050  0.80776077868417440
  0.81789737085058289  0.82811220264670216  0.83840340683177250  0.84860171553196340
  0.85878229009298801  0.86902294241236788  0.87923420783250394  0.88928535863941083
  0.89926792270327016  0.90918763771759825  0.91901349884857675  0.92880068002432270
  0.93845819674285647  0.94795451402880537  0.95739763628438579  0.96657479243181121
  0.97546352917172141  0.98373262869816491  0.99191575505432727  1.00000000000000000
  0.00825796071863873  0.00962529603635089  0.01059882526847027  0.01159403736176300
  0.01265962094493200  0.01378531905662525  0.01496026077015992  0.01616629513582616
  0.01735600538763140  0.01856140016187728  0.01978530811942218  0.02103502290166677
  0.02228039250675347  0.02349927782064331  0.02471820338049915  0.02588078214654728
  0.02687971913034790  0.02792371205590756  0.02912413209953549  0.03036785516168638
  0.03161936489968056  0.03289197232526381  0.03420131414098507  0.03554979123266271
  0.03692113139732801  0.03830326134559146  0.03971310646504526  0.04117257915179925
  0.04269156062413659  0.04426223741593463  0.04588496309463071  0.04756861337534462
  0.04930416230856223  0.05109332554280261  0.05294210534700221  0.05485826451396025
  0.05684075450609954  0.05888796708460386  0.06100889315115045  0.06320534995581864
  0.06547019507335107  0.06780196964129052  0.07021866459935121  0.07273454031618683
  0.07534587995355943  0.07803633076936273  0.08081020080729777  0.08369416718499935
  0.08669981793398987  0.08981342095121785  0.09303468736574538  0.09641202038670847
  0.09997536678041799  0.10370009040671219  0.10757083690147991  0.11158536461138611
  0.11576927285974720  0.12009125196799905  0.12456611921393133  0.12924391256449438
  0.13422790051630948  0.13949500077748012  0.14499913155231284  0.15066524416287980
  0.15658419596765091  0.16280119894848541  0.16936049270868372  0.17626050631349785
  0.18350917641663836  0.19110533781515190  0.19912020357799742  0.20763569987232941
  0.21664538111901549  0.22605982358408902  0.23601661643843189  0.24674524972065773
  0.25824535970702533  0.27042556173341187  0.28343930622584068  0.29748876427546117
  0.31255113296315629  0.32868329027767218  0.34607391216051220  0.36508279136935090
  0.38579198534678216  0.40847743659628094  0.43348441576675983  0.46123224681974456
  0.49227382182279539  0.52767355949999506  0.56913812928963348  0.61961067690471383
  0.68771321422811926  0.78736878926005760  0.85590460917455413  1.00000000000000000
 -0.00102434303670711  0.00395632510609554  0.00909988900071940  0.01429426715198299
  0.01957181801648112  0.02487785718738070  0.03014039080060638  0.03540477408881528
  0.04074336889459781  0.04622470611922763  0.05180431811483989  0.05736725029329542
  0.06292639630756908  0.06850589687556011  0.07412060553347220  0.07978219293092213
  0.08547877160650820  0.09122743791716421  0.09702861815680551  0.10288921863307551
  0.10882825387354926  0.11483074921194558  0.12086395686827234  0.12692577886500161
  0.13304010717275333  0.13921564138892828  0.14543539377209641  0.15168169899977244
  0.15796394085853649  0.16429775836979627  0.17071142336590861  0.17719751920854510
  0.18369982515016858  0.19026707152268993  0.19688215925270572  0.20354894387623576
  0.21032451012985356  0.21720777590511714  0.22417711879311247  0.23125218136559295
  0.23844702898313194  0.24569906082907356  0.25297302451941789  0.26030509231256554
  0.26763690504187904  0.27500133034836982  0.28241583283973803  0.28998725245565682
  0.29767228691807252  0.30545903558550441  0.31330719669460710  0.32108033921060919
  0.32897428156812791  0.33705714821648819  0.34531268513458646  0.35367687385710478
  0.36214176826984762  0.37075425950322077  0.37953920532422314  0.38838771734555999
  0.39726815724977910  0.40621856136142021  0.41530892270310832  0.42447654943838636
  0.43382323702139097  0.44346477889761687  0.45342664693551887  0.46364337664806327
  0.47407011526887050  0.48468377913441840  0.49542068822644647  0.50623902145986621
  0.51721100652767449  0.52849830087338179  0.54032414421377251  0.55254736884891986
  0.56495502506035489  0.57746765644450115  0.59048250095961796  0.60394945419262713
  0.61767188744952684  0.63176114325805599  0.64651058930992356  0.66184564680689317
  0.67795893303825649  0.69502404787955252  0.71305472583353613  0.73211088410052627
  0.75242845964552740  0.77421920019120316  0.79776375126445409  0.82361760682196372
  0.85289486209617660  0.88754293980989674  0.93337875140356963  1.00000000000000000
 -0.00233788109757520  0.00910816512339117  0.01895121384647344  0.02942057796669989
  0.03972333991350167  0.05031010260601428  0.06087991372470546  0.07138022808114933
  0.08181627578120014  0.09251467189709796  0.10351460426502092  0.11388611233313668
  0.12450894098130401  0.13489459201841247  0.14533576386920993  0.15579193915752643
  0.16626868821719229  0.17695018331412368  0.18767109200930301  0.19830459010724524
  0.20917101677852540  0.21986569996336755  0.23048327473750610  0.24099692685425184
  0.25155383331442832  0.26215202887129851  0.27275619608118296  0.28339175756508156
  0.29404558696132516  0.30466383041292611  0.31509869405835361  0.32559210401731520
  0.33615902109189327  0.34679149736371234  0.35758499833031943  0.36839476268106336
  0.37904345965040726  0.38946014492035685  0.39982460021171284  0.41010852202845544
  0.42048135221740524  0.43084661119977202  0.44145844005607421  0.45232851179519207
  0.46290145942773270  0.47354033020471381  0.48412197592199996  0.49471921060655549
  0.50525402525494867  0.51571714430980076  0.52608510930786467  0.53631232111862581
  0.54663613886539186  0.55685049052894231  0.56707156729840380  0.57704908158577672
  0.58726440684371839  0.59778417513066073  0.60844206312764171  0.61892557211984511
  0.62924281199212606  0.63956223448964555  0.65001504745910188  0.66044249936900523
  0.67080668300102542  0.68120856573904220  0.69167530987948411  0.70227753374763280
  0.71292440851507788  0.72367754388731420  0.73442550377554094  0.74513721858173698
  0.75573891414297178  0.76633116620882757  0.77699629715820639  0.78770283098208760
  0.79840546693855918  0.80899920818376958  0.81952089256715377  0.83020702560565540
  0.84107753306256927  0.85177110526737454  0.86246529655831594  0.87299420795894478
  0.88355586065822311  0.89408014745992470  0.90462405250071365  0.91528618848286403
  0.92593637631526138  0.93671833557227568  0.94716916591640965  0.95776179352726143
  0.96798165729273600  0.97871923593321020  0.98912174580974077  1.00000000000000000
 -0.01449671454928168  0.06409101184060539  0.11041228281886639  0.14603063152868950
  0.17556733432704777  0.20143557257366401  0.22496961847330632  0.24657917273279181
  0.26661170536447215  0.28553504057696122  0.30336809772788154  0.32021308666006176
  0.33632090863288000  0.35178453537816290  0.36680368740805652  0.38111118416836737
  0.39467572419653280  0.40780398538502405  0.42068016281293241  0.43319388978950318
  0.44550126848078242  0.45767515174394569  0.46961820415569200  0.48123173617184473
  0.49246744816250815  0.50335749309618394  0.51406895444012735  0.52456260824359213
  0.53483811148180349  0.54488695038968094  0.55472813626552042  0.56440192670803546
  0.57397805526810219  0.58343659501358602  0.59273825475376729  0.60189462591298559
  0.61084577601368883  0.61967943036315576  0.62842026189254385  0.63700867053963262
  0.64544561550746393  0.65371653609209601  0.66190610222832236  0.67002545026584936
  0.67808457790136145  0.68607721984651948  0.69393051657699689  0.70160218913018424
  0.70923731747428054  0.71676998479804965  0.72426316766507681  0.73170650301351092
  0.73908602056381834  0.74635864811963382  0.75351419278267395  0.76058868948523572
  0.76758770550062005  0.77453017460700624  0.78143222903660015  0.78828202050855345
  0.79505965085649888  0.80172090921751715  0.80828278627616201  0.81480351956162100
  0.82136220176854624  0.82789310542803918  0.83438132172213708  0.84075287432015744
  0.84700267952653352  0.85322674717268299  0.85945390965078672  0.86568211377674098
  0.87184746336040730  0.87791009545963505  0.88387097603659148  0.88975098632617999
  0.89554835432832691  0.90124157554873985  0.90689073168367995  0.91254207365927686
  0.91818304183211163  0.92379522447352524  0.92940594932064891  0.93500328391738052
  0.94056219624264203  0.94606428748730964  0.95151611809572723  0.95695470157721463
  0.96241989624801427  0.96787794398948257  0.97328655370852390  0.97864867858868154
  0.98399842083182343  0.98933992514342384  0.99466348264218862  1.00000000000000000
 -0.00239298531558402  0.00915400708667481  0.01941222576251463  0.02992526499076810
  0.04056977762937675  0.05107422298188175  0.06170616021523381  0.07200367636308146
  0.08261295969676900  0.09318129429665793  0.10371154580061415  0.11402918802743864
  0.12425965761386316  0.13497057287192549  0.14574226790194383  0.15637459505379059
  0.16708666530895694  0.17760805777020383  0.18834383252648418  0.19887104475312800
  0.20941623663474235  0.21983551342696686  0.23039012813333881  0.24097028183269756
  0.25162183300639385  0.26221282676210061  0.27281308940616905  0.28339845843924105
  0.29408049158056343  0.30467894492889186  0.31518301921164860  0.32575964640140770
  0.33641099282753933  0.34717598077025386  0.35784167355326224  0.36851017643248907
  0.37901455561070679  0.38974384096439268  0.40043090631457229  0.41129884611083561
  0.42212227168373273  0.43291138222979730  0.44360657592894753  0.45419271342775341
  0.46461497481412617  0.47507177644734788  0.48558041987545442  0.49628367707782312
  0.50686512207680934  0.51751137396451852  0.52815348620930125  0.53871751011199565
  0.54914259992508041  0.55945584513850544  0.56982444219614803  0.58024844811615095
  0.59089248297377273  0.60142622730470729  0.61200804167119482  0.62264465180096351
  0.63317250518341517  0.64361607799899601  0.65401901468948942  0.66441670457679003
  0.67490821982440630  0.68547304991857461  0.69621826944186627  0.70704448262901520
  0.71774909887839788  0.72836835921527943  0.73890172734782789  0.74935291007227178
  0.76011631759825493  0.77064771461180159  0.78107839339630214  0.79132011834337523
  0.80171181305464156  0.81206531805186710  0.82235250335065513  0.83236741837462636
  0.84300363948628243  0.85348634830636982  0.86399029938868488  0.87426923173295001
  0.88474444845654399  0.89514912205171193  0.90559249092960226  0.91616429684571632
  0.92685302554663496  0.93738240714220367  0.94763417396732008  0.95798836319916814
  0.96867303897262358  0.97923064823648287  0.98969750546520463  1.00000000000000000
 -0.00230649053669511  0.00919008004443298  0.01910280926286699  0.02980242578678121
  0.04059227048828572  0.05099910422620423  0.06162124172311900  0.07194245488258592
  0.08247372071924366  0.09284506161801824  0.10298658317332056  0.11381125700780749
  0.12448888952407290  0.13519399973406590  0.14585702533850173  0.15641645975184998
  0.16699975833362046  0.17755175007110932  0.18806940643832365  0.19853939864310985
  0.20901863809648319  0.21960786989123771  0.23035029605733742  0.24092423536317306
  0.25159053844539020  0.26149972672937838  0.27170928813839140  0.28195886400566811
  0.29239584344015224  0.30284083870270057  0.31315756674214390  0.32374471528128979
  0.33459339465992599  0.34546855273464089  0.35617796206289132  0.36651828574867423
  0.37694624944840277  0.38729211413251546  0.39790101364788083  0.40846718457539849
  0.41910027710023723  0.42976935081702700  0.44026094557597817  0.45115470937273833
  0.46181101570010702  0.47248827080017342  0.48323407360296383  0.49418994077976403
  0.50492108525270007  0.51563119737064733  0.52617912951878110  0.53672109127352452
  0.54713507506321302  0.55771152294714088  0.56819090442414544  0.57872420215318576
  0.58907986914047117  0.59954043131419121  0.60989747918623538  0.62020149131715707
  0.63042864163061219  0.64077900932570198  0.65108285692818146  0.66185163221712773
  0.67225627998429560  0.68289253264399929  0.69327616531374192  0.70382071820138703
  0.71430486632467238  0.72483363378409349  0.73541474650565819  0.74606048380797019
  0.75666172707598900  0.76727944937689341  0.77788803720325761  0.78880699885991790
  0.79940589572937526  0.80991087371028891  0.82060863978524223  0.83122604373558850
  0.84192061869630963  0.85233285981459339  0.86283799757388868  0.87334293737342950
  0.88377700037307860  0.89435010224060341  0.90474569508022984  0.91540905501904779
  0.92609301071059191  0.93685624148500934  0.94738613215695389  0.95802540628157540
  0.96850626389191530  0.97916246829400411  0.98945175611177127  1.00000000000000000
   6.6638272672208376E-008  -1.0000000000000000     
 F F F F F F F F F F F F F F F F F F F F F F F F F F F F F F F F F F F F F F F F F F F F F F F F F F F F F F F F F F F F F F F F F F F F F F F F F F F F F F F F F F F F F F F F F F F F F F F F F F F F F F F F F F F F F F F F F F F F F F F F F F F F F F F F
  <DiscreteSampler_grid>
  grouped_processes
  1 # 1 for a reference and 2 for a running grid.
  10 # Attribute 'min_bin_probing_points' of the grid.
  1 # Attribute 'grid_mode' of the grid. 1=='default',2=='initialization'
  0.0000000000000000 # Attribute 'small_contrib_threshold' of the grid.
  0.5000000000000000 # Attribute 'damping_power' of the grid.
 # binID   n_entries weight   weight_sqr   abs_weight
    10   10   8.996874104068197E+004   3.463452568096446E+010   8.996874104068197E+004
  </DiscreteSampler_grid>
