  0.00235307854169792  0.01645748193632191  0.03027880228536459  0.04226337944969736
  0.05415264261891904  0.06582029335728573  0.07691190341237658  0.08777601674480578
  0.09869437138193314  0.10963325047368039  0.12049162513508521  0.13125705073500088
  0.14203156298012035  0.15283710928796132  0.16371143707026309  0.17469238901723441
  0.18546143379448352  0.19610022692173448  0.20675586940973437  0.21756066002547020
  0.22839437472016733  0.23917107807407922  0.24994923629824398  0.26076387853325184
  0.27161065183161065  0.28250782762557475  0.29335463007831680  0.30400754982583023
  0.31466054385272585  0.32511865936274487  0.33565058429589933  0.34620980079502056
  0.35671368194142611  0.36723673009632368  0.37766366102864596  0.38804521970730671
  0.39836714453084804  0.40871344608479748  0.41917148294397394  0.42972085131793769
  0.44029441208577302  0.45083646928956467  0.46128443314196960  0.47157743710731836
  0.48183590726525599  0.49215306417958193  0.50248363972065024  0.51277993789044862
  0.52310381769547132  0.53355024520371952  0.54401446496810513  0.55445820736997076
  0.56491184923611348  0.57544772465757521  0.58606092290893652  0.59669596615899934
  0.60724868741080518  0.61768333031582479  0.62803026162488673  0.63839464494350817
  0.64872793637127046  0.65903847513175406  0.66932077536726398  0.67960127847631835
  0.68982268463234386  0.70008565134453038  0.71046339029556016  0.72097879817626753
  0.73150559192488962  0.74194941859835606  0.75231224973923938  0.76260118308284519
  0.77274774567817162  0.78283337040138645  0.79297971401409084  0.80317790827736280
  0.81328169099380143  0.82330272375132751  0.83336876218930156  0.84356910237297822
  0.85379357698983116  0.86391254088662095  0.87398924793054078  0.88408933698751901
  0.89416009142262576  0.90423320694495046  0.91420244508531390  0.92403537324493390
  0.93366899681734383  0.94326821334443989  0.95266726845363559  0.96183346294334193
  0.97066469176147918  0.97889000028848405  0.98715156706736729  1.00000000000000000
  0.00215318486104969  0.01694838192670320  0.03051875377941107  0.04248819319230451
  0.05391139354009870  0.06540377074198669  0.07675637881172999  0.08808636679864115
  0.09950275756199981  0.11073557100639601  0.12171068111093300  0.13256637366559465
  0.14328897230981627  0.15397572742827734  0.16472233699638331  0.17546411940464604
  0.18629258201768348  0.19713423198112620  0.20811807494055171  0.21846403747355778
  0.22866388635260895  0.23893999564994764  0.24922459947295525  0.25953083479478173
  0.26984993953581987  0.28043984542884420  0.29118477886668070  0.30197032515525324
  0.31274093801208352  0.32346434883454034  0.33417145526786557  0.34485782581364344
  0.35561476970082434  0.36641297338179446  0.37714313523022508  0.38785528842868605
  0.39842152988411444  0.40891966336970376  0.41942851490762106  0.42993444184911045
  0.44046561294498365  0.45094694163760868  0.46149516299447629  0.47208290226638783
  0.48260666652988155  0.49298172576668869  0.50336829416047979  0.51378919349746288
  0.52416912672520377  0.53453073427856723  0.54490181990691500  0.55538566996968897
  0.56589699397390258  0.57632689721953279  0.58659257802596088  0.59664131026175748
  0.60670241780187606  0.61690667664214660  0.62713648716163073  0.63734882672469317
  0.64763184291142606  0.65806094698781525  0.66844625608088648  0.67875196671445015
  0.68898591385095842  0.69923794731839628  0.70949549140880297  0.71972765154572005
  0.72997456115527370  0.74020395113130277  0.75038653481891127  0.76053376920794102
  0.77066682394207853  0.78083493006813331  0.79099242653375890  0.80110634278921367
  0.81121221361500973  0.82132226698480371  0.83137194700976613  0.84136152851933532
  0.85138069839296660  0.86154456198020291  0.87183470102460703  0.88214503722828552
  0.89237632826334612  0.90252628650361533  0.91256398004880213  0.92250388284571994
  0.93229057065443743  0.94194974198059944  0.95147241043611996  0.96086300227871191
  0.96993179905587068  0.97833536607027916  0.98672520946101372  1.00000000000000000
  0.00661934143740961  0.00905476506209198  0.01046358610272952  0.01145599243134723
  0.01245038181536775  0.01352222000157696  0.01466024679679234  0.01584211238919894
  0.01703596221065888  0.01819770564340415  0.01941481828063795  0.02066567938281724
  0.02191834597258101  0.02315992575042954  0.02440165633211510  0.02559584005306943
  0.02662633482938814  0.02764370981133278  0.02882302872444654  0.03007659178192935
  0.03133644219120335  0.03260732220428090  0.03390829541550820  0.03524909812668250
  0.03661705810633489  0.03800841366142151  0.03943377882777774  0.04090720254321754
  0.04243255027068787  0.04399100763413621  0.04558530875110039  0.04722443714842312
  0.04892816486480832  0.05069503775765472  0.05251027529796801  0.05439533865564987
  0.05635709142187202  0.05838016017423194  0.06047904693829104  0.06265253377343910
  0.06491790435075313  0.06724253487422709  0.06963306303875751  0.07210814445788077
  0.07468427271399336  0.07735237646242396  0.08011203251952664  0.08296475117605051
  0.08593338744914054  0.08901693310489585  0.09221794754241656  0.09553723676204164
  0.09896398446311280  0.10251090737103537  0.10622117100430276  0.11013114854984843
  0.11423754221578822  0.11851982271506128  0.12298888416734413  0.12766595996514671
  0.13255238663469071  0.13764233212903587  0.14294217395137970  0.14848167030024281
  0.15428427549419146  0.16038973219653713  0.16686429067113248  0.17369513436996692
  0.18086773066377981  0.18838369780540296  0.19627800480480742  0.20456612708907868
  0.21327416101253741  0.22256958770177174  0.23244949367272166  0.24292701145556903
  0.25396991563252064  0.26579089913298570  0.27843647036067487  0.29205228670701555
  0.30659141519521133  0.32221302779435312  0.33907306776702772  0.35735572559154016
  0.37714550517378287  0.39877834009607377  0.42266225336262675  0.44905762476519573
  0.47826385465911425  0.51144205772459550  0.54998561026892412  0.59637806400490112
  0.65506474228706124  0.74328846996512010  0.85623258009446768  1.00000000000000000
 -0.00100482931103605  0.00391437281956301  0.00918756653103667  0.01443671138707571
  0.01980253210333610  0.02527685498857798  0.03079088459123135  0.03631764456794576
  0.04187332572824135  0.04750377803466135  0.05321156348218620  0.05897013872424325
  0.06472822275185389  0.07044780138885957  0.07613924191435759  0.08187361983619700
  0.08762729206313749  0.09342491127825693  0.09927607320528184  0.10510827507957175
  0.11095398439132181  0.11687185336564788  0.12283842267190552  0.12883892857262455
  0.13486123647015635  0.14088735420241244  0.14694272658929217  0.15306029732079532
  0.15921510977275569  0.16544146433749862  0.17184475936727542  0.17832642137690419
  0.18481048788699192  0.19132967312659302  0.19793183139825798  0.20461896645325661
  0.21138284113089345  0.21821577476356271  0.22509827371861743  0.23205957908772590
  0.23907722892778652  0.24612769224888803  0.25324125614120913  0.26047228003363082
  0.26784018236417045  0.27532552330118065  0.28287836320892873  0.29040599858117710
  0.29788540719878764  0.30534941745342215  0.31298936090435298  0.32074169514375084
  0.32852386914377518  0.33640120155384934  0.34441096072913141  0.35265365515549379
  0.36107791578125303  0.36968603620463730  0.37834488609384803  0.38713828431889030
  0.39605189122230794  0.40510143769941681  0.41426529523557204  0.42362475910932945
  0.43324209228817900  0.44312028094312467  0.45313562157884740  0.46325267980914653
  0.47349803756676229  0.48403100596065884  0.49490296273671858  0.50600800640492083
  0.51725682033444498  0.52872210582211598  0.54047724030720024  0.55270948794322527
  0.56524735379556734  0.57810155904921501  0.59115383188992887  0.60453373724088555
  0.61834865705169162  0.63287299428715804  0.64792647146032567  0.66339260788154608
  0.67936376252566810  0.69612106837850907  0.71383236839924835  0.73251580324409005
  0.75237052376149893  0.77373297982326672  0.79698208367971135  0.82280946484907413
  0.85218866599800414  0.88681688936069814  0.93271528847913332  1.00000000000000000
 -0.00235726326928927  0.00943653022925652  0.01899323222615560  0.02976835180185655
  0.04019156949275254  0.05064233800096525  0.06084919896318029  0.07113921802565543
  0.08162681140571203  0.09209605606383822  0.10258671516999297  0.11299080103706641
  0.12343389661391557  0.13411295010557497  0.14476524376595865  0.15530841560037340
  0.16580486081721907  0.17658597689835503  0.18734471737859273  0.19773554536116603
  0.20803287165439505  0.21838724273840771  0.22878978607094294  0.23926870253138535
  0.24982592665811915  0.26038314855995953  0.27092369913534670  0.28144886158537058
  0.29187461174763529  0.30221949922005598  0.31253367623989908  0.32291933371062170
  0.33345032373374484  0.34389710010165081  0.35434815201095810  0.36488782022646049
  0.37554310621285225  0.38625912686740399  0.39696974121916256  0.40767484027131068
  0.41842086038338211  0.42916118302579570  0.43978208418498521  0.45060289350363347
  0.46121495522471434  0.47188958880505294  0.48250883927827976  0.49277332217171604
  0.50328006835923755  0.51357303980033520  0.52397976481592579  0.53440606174248650
  0.54481745286608740  0.55542839873953598  0.56595104528585483  0.57649919413242645
  0.58696931014119691  0.59741359963668039  0.60789232003574678  0.61836408034003465
  0.62877533553101406  0.63923384249625936  0.64981797901977334  0.66052010741389278
  0.67124974662002068  0.68199269739486079  0.69273060622726668  0.70347291385223631
  0.71414996518646989  0.72497270105721412  0.73576798943280686  0.74650145384693400
  0.75716922633717909  0.76774555135526079  0.77838971400951751  0.78890454644324182
  0.79936983265826167  0.80977320476378645  0.82030673006874388  0.83097856249703672
  0.84151479856517231  0.85202516423315944  0.86259286373240385  0.87342718669936714
  0.88377836703682278  0.89412081393341036  0.90435986802539658  0.91481600643291927
  0.92527214589001472  0.93587352453224359  0.94656928477689206  0.95723895917341550
  0.96785156385095394  0.97862049856261935  0.98925809844420154  1.00000000000000000
 -0.01409220772821792  0.06361236501385309  0.10949900982485006  0.14448688219292213
  0.17442324656254427  0.20081954829962750  0.22436837762983164  0.24589071104019300
  0.26610140064906568  0.28533051049679259  0.30338768009337880  0.32036524133109034
  0.33646406374460286  0.35187748979219746  0.36685744621070765  0.38136403328884472
  0.39530668214475340  0.40879632027315127  0.42190433355892526  0.43461436529739755
  0.44688831203251944  0.45875883257546746  0.47041859494705518  0.48189114087990242
  0.49315970765513989  0.50416079529997315  0.51464072931232518  0.52494037580174346
  0.53485851201516832  0.54480532930108860  0.55449563474255492  0.56394362013030030
  0.57320775862147599  0.58240647439717819  0.59159934196891695  0.60073758242978825
  0.60977625165261973  0.61879735751611853  0.62766997998995844  0.63641801408699272
  0.64505130090526563  0.65357681514708066  0.66194208121356835  0.67014071269433462
  0.67813548051468220  0.68612635920112230  0.69401332289491469  0.70189029397746960
  0.70965217577609063  0.71731743243301238  0.72489547825579781  0.73228719724432956
  0.73951257607149101  0.74664465057917684  0.75371694320139027  0.76072980131477530
  0.76768059726831450  0.77456271923645204  0.78142439207479164  0.78827470058560656
  0.79518381758988255  0.80212153445808332  0.80897951212086283  0.81569940005047437
  0.82227952039762509  0.82879404073295915  0.83520253936781952  0.84149458757580997
  0.84772488525050593  0.85389548665419834  0.85999773380823374  0.86602305575700822
  0.87202103216347937  0.87802451112383539  0.88402645405644342  0.88998616411206977
  0.89586954855810019  0.90167884800490750  0.90742782022593194  0.91314047814772425
  0.91882633934896396  0.92448274718861845  0.93010800078882649  0.93570038952496892
  0.94128528680305013  0.94680493649085851  0.95226090210228598  0.95765199790513578
  0.96300573696870007  0.96834379997924325  0.97371178283605697  0.97906973498763628
  0.98441577889523535  0.98967628213448222  0.99487724336846184  1.00000000000000000
 -0.00221664854386979  0.00873945874696330  0.01895292398792419  0.02944818344412997
  0.04023491110152413  0.05071988087876195  0.06141348432386888  0.07209781085772457
  0.08279941096620440  0.09354247766937883  0.10424534906683151  0.11475460663873088
  0.12532191472293264  0.13578153325317713  0.14632679159112427  0.15675073330358980
  0.16726680294391544  0.17795440553294933  0.18854240937168612  0.19912968035919992
  0.20962771064384328  0.22030090779025627  0.23090591179511077  0.24181452990562660
  0.25247498907441990  0.26303732064938051  0.27353634963727885  0.28426412042812454
  0.29523375161990345  0.30629414240333908  0.31702795017271346  0.32747633166434703
  0.33783944300468982  0.34816519270874696  0.35865452651211188  0.36911565439995125
  0.37986149442312411  0.39067407239342505  0.40144957241796086  0.41215089270612348
  0.42288645021702215  0.43346620385647716  0.44392973814865433  0.45428716171940797
  0.46479334915013520  0.47538215184623678  0.48595742080535353  0.49657543104905960
  0.50720433034072676  0.51789036925993659  0.52860461131207748  0.53937160172665355
  0.55000376924346883  0.56059685103693402  0.57124365973194202  0.58198263905274172
  0.59272032649252904  0.60340657445877821  0.61403804853938326  0.62465472416824297
  0.63526713131297541  0.64586758488113694  0.65644766729832238  0.66692590115862749
  0.67735660461835068  0.68776170752927634  0.69830708815257658  0.70902085313449703
  0.71974558809956768  0.73035597460887203  0.74086697456710504  0.75135662004114168
  0.76193852447670463  0.77261194899919228  0.78327873458683217  0.79376080398126048
  0.80404351328309964  0.81439151393490861  0.82475758457222015  0.83503952285811567
  0.84521267499494446  0.85545920320122504  0.86581781490562704  0.87622148357641139
  0.88664898665851888  0.89712303458191256  0.90771216256116560  0.91815052302892219
  0.92826647513539828  0.93843408228485958  0.94863305849547330  0.95884231244543816
  0.96899543052382264  0.97883350111826095  0.98965231461461112  1.00000000000000000
 -0.00230063400686949  0.00898623197869897  0.01906790700560499  0.02952027810214538
  0.04028643456607732  0.05082864794867038  0.06136681362179785  0.07175250467015620
  0.08224949001299690  0.09287184902219112  0.10329531636469590  0.11418115837640265
  0.12493358038830273  0.13528607351951147  0.14596821766116758  0.15626047710488308
  0.16660090503586453  0.17667673841528780  0.18675626620092570  0.19704810811988169
  0.20728952681864907  0.21810813730098288  0.22877518891215104  0.23936294302752723
  0.24984651650003639  0.26053902091342518  0.27127357098806731  0.28199692723769409
  0.29262634048267699  0.30304552314482514  0.31358420608972654  0.32410165037695637
  0.33471684358819653  0.34525238544721742  0.35580173223168809  0.36653432951574438
  0.37722425578615559  0.38795109624777624  0.39882440488794768  0.40965761710710880
  0.42042310993028476  0.43126132435550657  0.44203763612512509  0.45276471411817054
  0.46335866011202165  0.47386817087929717  0.48426673288725774  0.49477644814173644
  0.50543641414122753  0.51615081592006185  0.52681270435901373  0.53748686728212591
  0.54817644618525774  0.55887204878759267  0.56949538776636199  0.58010462003877716
  0.59062184066658185  0.60112246901254707  0.61159382538638785  0.62207391055081718
  0.63263060441529118  0.64307585522042165  0.65326608638946138  0.66344112977995462
  0.67372299934574642  0.68416112806872853  0.69456718173678378  0.70483594133078620
  0.71553879360984318  0.72626014132543082  0.73699132611127516  0.74767182522728448
  0.75839460846711026  0.76910076033264707  0.77974542175386208  0.79039826275995162
  0.80108405109180891  0.81181690238436865  0.82242112127423150  0.83295574262688021
  0.84349129929104127  0.85409231152862675  0.86471017048944998  0.87540486256122574
  0.88615250235383181  0.89675887887618488  0.90718143058073997  0.91755628922792110
  0.92793420405885385  0.93821577439359005  0.94841931421186509  0.95868496032831862
  0.96918696957114481  0.97946798321505701  0.98980364239233232  1.00000000000000000
   6.6762509794968750E-008  -1.0000000000000000     
 F F F F F F F F F F F F F F F F F F F F F F F F F F F F F F F F F F F F F F F F F F F F F F F F F F F F F F F F F F F F F F F F F F F F F F F F F F F F F F F F F F F F F F F F F F F F F F F F F F F F F F F F F F F F F F F F F F F F F F F F F F F F F F F F
  <DiscreteSampler_grid>
  grouped_processes
  1 # 1 for a reference and 2 for a running grid.
  10 # Attribute 'min_bin_probing_points' of the grid.
  1 # Attribute 'grid_mode' of the grid. 1=='default',2=='initialization'
  0.0000000000000000 # Attribute 'small_contrib_threshold' of the grid.
  0.5000000000000000 # Attribute 'damping_power' of the grid.
 # binID   n_entries weight   weight_sqr   abs_weight
    10   10   3.224395399098101E+005   5.740198286934084E+011   3.224395399098101E+005
  </DiscreteSampler_grid>
