  0.00311309633345903  0.01617310317312220  0.02898881508633944  0.04239929624284663
  0.05455460113056519  0.06607284316846374  0.07684527738879730  0.08762653361520571
  0.09797944006333097  0.10827501608173702  0.11889764716655925  0.12974604881236793
  0.14020625898817884  0.15029092918840831  0.16016221463601632  0.17022159194439618
  0.18058391870579329  0.19093194844127234  0.20125000451571901  0.21160507054738595
  0.22228910386916190  0.23322009328273213  0.24374970241014157  0.25410023974283757
  0.26439244997360123  0.27505779015165654  0.28602562263445763  0.29693215148476865
  0.30753939436256444  0.31722963311176067  0.32686522793799422  0.33651740942255698
  0.34699390989453649  0.35776629293992057  0.36883148509782682  0.37955939325818666
  0.39063552511469624  0.40134606413819501  0.41210761938355145  0.42267202480248439
  0.43330211215511100  0.44436002075723008  0.45598404792891262  0.46847506560370306
  0.48117898181850172  0.49315986230295800  0.50424455669695978  0.51479668670248901
  0.52518170940433218  0.53561753212357566  0.54590506163033592  0.55621279655982503
  0.56711631800113471  0.57828912206892247  0.58885128869406389  0.59851527930181492
  0.60845009522590254  0.61893619490440666  0.62924284046698209  0.63926184540368036
  0.64938354352534622  0.66020973925638471  0.67148355960732586  0.68256651773300403
  0.69316269728711000  0.70321753093249939  0.71328508473478902  0.72324419557693398
  0.73296647821978445  0.74246294187249062  0.75194340735038367  0.76173633350189529
  0.77203954463528146  0.78277657826039371  0.79372128506362338  0.80476929464588687
  0.81599086904596674  0.82743307269989919  0.83852564360810877  0.84925732895376482
  0.86009674105446809  0.87103435706900756  0.88175140493715298  0.89211334939459597
  0.90225598702631649  0.91233685870652292  0.92241562009163236  0.93214201468681668
  0.94188582626641160  0.95172581397193901  0.96131528463259708  0.97050214669856083
  0.97945253091085926  0.98705760723633273  0.99326197159020613  1.00000000000000000
  0.00249032995287440  0.01622151409015560  0.02999022776105550  0.04249128463760830
  0.05386453445357340  0.06470815436757416  0.07517707057801611  0.08573054726882183
  0.09621699672567885  0.10707833603595071  0.11849747237757556  0.13036302550916190
  0.14185958061098450  0.15268758560944140  0.16295181017452373  0.17323179002228217
  0.18374971125703229  0.19456042622467828  0.20557467404488899  0.21664069714347009
  0.22773701448107495  0.23881041135666073  0.24983363259626581  0.26086327493696287
  0.27199417991544661  0.28296901238227873  0.29363376974266775  0.30366976805692930
  0.31401942700823310  0.32463432693914607  0.33516546920639367  0.34575869788341607
  0.35644848150395075  0.36712315967117493  0.37765472830679481  0.38808132999806050
  0.39898978093364851  0.40951559109833613  0.42010526813658111  0.43103027742443961
  0.44225495406486265  0.45347173940505692  0.46574092552772489  0.47809857085274293
  0.48996211860426570  0.50160225619883159  0.51308988185513504  0.52395027919214177
  0.53405473379158808  0.54368049762945481  0.55308591106531158  0.56254473437579644
  0.57233072678869967  0.58228612572464389  0.59218800280556028  0.60226005588940434
  0.61283647186619428  0.62393932074993308  0.63480208723643416  0.64523735658985326
  0.65561398406293780  0.66631238108115298  0.67735534805140774  0.68826752924581236
  0.69877884811252611  0.70886924659622241  0.71862789490656886  0.72838867445547117
  0.73840485980699377  0.74868188731417940  0.75880982491637927  0.76896350860970364
  0.77936113883224878  0.78944659598393574  0.79932418773730851  0.80894418409439361
  0.81856132902039214  0.82827816335999926  0.83798335767422616  0.84771045861942618
  0.85699814388899875  0.86603469827769641  0.87530768634747225  0.88477063472088269
  0.89434137998695262  0.90387661123345664  0.91328155097856256  0.92278865585837222
  0.93251811217793223  0.94199815020758026  0.95099516022229402  0.95960935538076875
  0.96812863377903935  0.97648631769294669  0.98461924542225043  1.00000000000000000
 -0.01736765671510389  0.05360792714696898  0.10146981615871944  0.12777706252058943
  0.14016673197786306  0.15059788115149889  0.15984272268946559  0.16946228248585779
  0.17944719497275924  0.18978672032583993  0.19966071606952268  0.20900613467303358
  0.21842440473170638  0.22823713772399437  0.23800032458697645  0.24771243930101916
  0.25788970145231416  0.26770196863606743  0.27682955446984980  0.28567158188669595
  0.29473601032546010  0.30480788232546840  0.31605385903567035  0.32765134814212266
  0.33896893080317531  0.34949486355715392  0.35915187669229232  0.36890124338598090
  0.37877883035335080  0.38844644127814454  0.39759241979069887  0.40649903607779575
  0.41524411479631951  0.42404676872520319  0.43301499603256921  0.44205924594752222
  0.45100837718923481  0.46019268761956211  0.46982201698433707  0.47935895218266644
  0.48847951876016588  0.49735482611258669  0.50643550958782368  0.51560501518059687
  0.52515620871972357  0.53474222434732821  0.54452382580457581  0.55464074392792839
  0.56470665962271471  0.57434054031614956  0.58350796308582054  0.59275393428075285
  0.60206554145813873  0.61174998109645251  0.62174352356086338  0.63162353584805553
  0.64129994360638676  0.65076411113755905  0.65966539534141699  0.66821223843853572
  0.67699291898239655  0.68593841868839744  0.69512753011052442  0.70488570652387506
  0.71475602411559991  0.72476610321010226  0.73351558938935024  0.74198266672064961
  0.75057857478306655  0.75911331473133070  0.76753633297161550  0.77623348482522370
  0.78621995724623439  0.79624004706508711  0.80605953090321281  0.81542887608082770
  0.82445170596730366  0.83318659781724302  0.84183366040362062  0.85065376537598614
  0.85969751251625448  0.86915021611935017  0.87889836206834260  0.88863793585706063
  0.89835798171002423  0.90813269495013083  0.91792893029605749  0.92762722777797424
  0.93719177936237041  0.94627004927176916  0.95495166443559998  0.96353008887943881
  0.97220398291816579  0.98113622068631123  0.99042633236088351  1.00000000000000000
 -0.00245810191221469  0.00862187350355363  0.01895508075889803  0.02914605681050555
  0.03925316304020370  0.04971193874254344  0.06038673485773170  0.07115683711809760
  0.08138578629190162  0.09165914837099459  0.10209148484989215  0.11275930317318111
  0.12393526459935197  0.13552138005995981  0.14673946828276499  0.15714709851596495
  0.16736695660254669  0.17777865447724220  0.18839849607533846  0.19928670082010558
  0.21041720704871344  0.22184809660070090  0.23320150544803100  0.24414824991318940
  0.25490334010733190  0.26559149662389747  0.27604776767024941  0.28599312284065015
  0.29612642602171396  0.30613310281327571  0.31569395984998960  0.32489662742712544
  0.33439223778207045  0.34440790886002337  0.35469169009224238  0.36508650821656430
  0.37555474856132548  0.38618187723828046  0.39712239992772563  0.40840192997593988
  0.41972156681285389  0.43092133695695745  0.44203267602992496  0.45309359007676853
  0.46392496051095350  0.47436476052898385  0.48459819621292166  0.49438819081692431
  0.50424371955750258  0.51397801214182048  0.52413968778294728  0.53449608334271936
  0.54491493118906564  0.55554395908310161  0.56626128509951790  0.57701486802379520
  0.58728950843806615  0.59737084380131200  0.60745728020249667  0.61769805806930145
  0.62766337095673663  0.63817952846304149  0.64872110514659920  0.65948195866787451
  0.66977954118829197  0.68022602903194573  0.69059524344123568  0.70063880922957511
  0.71016203961639124  0.71970941278120115  0.72926742285132884  0.73887788118097575
  0.74895328021632523  0.75943486431455975  0.77003347653961951  0.78031146452127931
  0.79035519728103287  0.80065400785331475  0.81123997019867256  0.82225048193974970
  0.83331766985101074  0.84359349181078480  0.85367163452180395  0.86345482441697996
  0.87371994640959294  0.88402831587015651  0.89464898087990019  0.90665722162567464
  0.91835968287888037  0.92978953426334698  0.94097267868904821  0.95247894949001022
  0.96507742324034285  0.97683525031708485  0.98880340044200898  1.00000000000000000
 -0.00137103951035261  0.00631638939537447  0.01384117656928623  0.02156686900504680
  0.02939751870230140  0.03700208400613984  0.04445382275763754  0.05193777604520693
  0.05961579269744745  0.06737411427937212  0.07494901007717845  0.08235534322207588
  0.08995067702892787  0.09781783959223037  0.10578328145077451  0.11387925688280735
  0.12197337464682557  0.12993499443008250  0.13797495011983099  0.14600880175356637
  0.15417474354549290  0.16245764079712613  0.17081342898649110  0.17937565246979612
  0.18790197203281742  0.19638096467545130  0.20455420204483732  0.21248678362987672
  0.22022458048588869  0.22795795396727569  0.23565094198607645  0.24361608943286231
  0.25157687584735322  0.25984077872692452  0.26804240509524968  0.27635626253542811
  0.28477146306600509  0.29360728619330773  0.30277470152937264  0.31173566264940789
  0.32029185678393973  0.32869550948063259  0.33720513825847165  0.34592686034856707
  0.35469112106282541  0.36317949368235863  0.37144224346255172  0.37965393564588701
  0.38797178554492956  0.39664091385610167  0.40544339011875308  0.41414315154873815
  0.42307303491246923  0.43244258299733718  0.44247171214409348  0.45305474487595804
  0.46331116241464770  0.47290365758145320  0.48216058810533707  0.49134737698060976
  0.50078624519095694  0.51048703862313949  0.52021546897512849  0.52980025509745221
  0.53908825657745751  0.54879891417340643  0.55912983079725043  0.56988357040549220
  0.58092132126113882  0.59216804752730001  0.60360572482148034  0.61511417893873632
  0.62655211066091820  0.63812285779975986  0.65022491336974975  0.66294481440553654
  0.67609159457444534  0.68931958693340911  0.70286440380436643  0.71700438261936594
  0.73127494074240973  0.74514839138732203  0.75869295640078771  0.77219564915791572
  0.78647829497887767  0.80138222947288396  0.81648866308738521  0.83237963839374152
  0.84841487394599147  0.86619256544030887  0.88504901581936046  0.90417881916796539
  0.92511106954439193  0.94770346329058619  0.97218342507669586  1.00000000000000000
 -0.00249674030282021  0.00928523145893946  0.01975439027763123  0.03038333016575215
  0.04124990994487374  0.05173713129256423  0.06208697903949459  0.07209297776560661
  0.08205086669541015  0.09177860773965631  0.10126655790572900  0.11088230732181756
  0.12049267525497442  0.13052567158061662  0.14075228690480504  0.15126446126516446
  0.16225201189940852  0.17347739908284648  0.18468444563170613  0.19528709518061479
  0.20574140053912771  0.21634558630790635  0.22690867622577540  0.23724987175011356
  0.24786914464119647  0.25894050831036802  0.26984319358095782  0.27945017359081692
  0.28918388672523154  0.29893517211726844  0.30900455762184442  0.31916953356775618
  0.33029627482965263  0.34135259852980482  0.35257516117524745  0.36346326959191860
  0.37436150976722132  0.38551323293008982  0.39661109661071192  0.40723027013153779
  0.41808401677409229  0.42923277056956705  0.44003104660164827  0.45059479567661925
  0.46049986958242689  0.47099532280596862  0.48102553648672541  0.49134468116791313
  0.50193193191359564  0.51307221140725812  0.52426685745584534  0.53529012561675349
  0.54625922880052136  0.55705802870870924  0.56848937978117942  0.58013572733425822
  0.59219531190717811  0.60363441274319107  0.61442377004378890  0.62458667870995088
  0.63431279365973503  0.64422290888045630  0.65450797264370475  0.66468430761671815
  0.67513476119511739  0.68559640854134596  0.69630573893236969  0.70748563180866331
  0.71928501636990627  0.73136342626245698  0.74279678428014084  0.75376620044298748
  0.76508907832968831  0.77582399199701058  0.78654279583054543  0.79728770162635410
  0.80842186676210515  0.81899207457346113  0.82908875772464874  0.83899445412259144
  0.84884315733923943  0.85885218184323175  0.86879255191763283  0.87928549250693588
  0.89005950636702991  0.90127867995361699  0.91266981453813945  0.92279282986170075
  0.93257903360010652  0.94199133249636002  0.95192656077201754  0.96163599494591356
  0.97112770193467091  0.98080430415886299  0.99044415113058415  1.00000000000000000
 -0.01850897792527482  0.12915278011895140  0.18655823464674323  0.22671450732629689
  0.25856790077953312  0.28496921612781206  0.30825993795920908  0.32947862815206741
  0.34915147879658120  0.36685266853323167  0.38345056393529969  0.39885833284819505
  0.41289605207419577  0.42608128901305981  0.43855742284150656  0.45108909487496646
  0.46356986061810213  0.47541826585573205  0.48569794162786645  0.49524111271927673
  0.50504733413110747  0.51527561283855750  0.52498851914016575  0.53383175213947076
  0.54259629474601268  0.55114552883190271  0.56009585543584639  0.56855539358370177
  0.57687805913157175  0.58477626898345081  0.59366812470766273  0.60254770413642622
  0.61182509373497096  0.62028368819651447  0.62833684501550502  0.63619396300000897
  0.64388567111121553  0.65093265248181043  0.65777185946392669  0.66452560174628783
  0.67114665871924029  0.67777030963229623  0.68446673142074343  0.69136150990897483
  0.69813612106701750  0.70459743613238246  0.71084146302651074  0.71714414681819205
  0.72338663019946536  0.72961851474478345  0.73603093553249621  0.74267150481184718
  0.74913571975428306  0.75532173345614639  0.76091356832401502  0.76651344603655247
  0.77209380195231136  0.77767686419438431  0.78317294886405975  0.78866260058083526
  0.79424979798774953  0.79997942399860433  0.80569790620179449  0.81135238824122602
  0.81716943910063067  0.82311768046787415  0.82890060572873159  0.83462446599694085
  0.84043268251460623  0.84645021751335525  0.85254447301661851  0.85899362040127270
  0.86528151762329086  0.87144110546743259  0.87757278661888294  0.88374379205100384
  0.88997991688505007  0.89618855225200167  0.90223859864325007  0.90821211404282609
  0.91413752065303067  0.91973805116002794  0.92522449744716750  0.93081793155531090
  0.93653167825520189  0.94221314993721639  0.94777751290769652  0.95336944984475092
  0.95895049735263971  0.96460804458923255  0.97032230846924938  0.97610446672260576
  0.98204748330710867  0.98813130804626792  0.99412239706022787  1.00000000000000000
 -0.00253193416825252  0.00953710956929498  0.01986166395450432  0.03054777593697421
  0.04086115837467653  0.05132118244277215  0.06189423206663747  0.07269860892143393
  0.08366448324268773  0.09385067543548668  0.10408363954703193  0.11425216970562722
  0.12464611318913571  0.13509400106549629  0.14564792992172498  0.15712526573100963
  0.16801925261376077  0.17832127313004872  0.18847302858713508  0.19883549342489401
  0.20894269341589569  0.21948821321320514  0.23060586149652146  0.24213149483376020
  0.25343173243573930  0.26482113356201176  0.27580432530881166  0.28655050972902557
  0.29727061307128949  0.30761232342098077  0.31780440154876249  0.32786305573864599
  0.33839606983001030  0.34903307169838721  0.35955353385285688  0.37015102279836881
  0.38093148698038476  0.39103443590044190  0.40111603108244664  0.41119353621194310
  0.42101650331831170  0.43002614104629422  0.43925368086719352  0.44904439754498043
  0.45925940515892166  0.46957626206717018  0.47970608985828550  0.48986998812492805
  0.50034314121430623  0.51109755694990022  0.52172351977606968  0.53233307527400375
  0.54339999264085781  0.55498869837000808  0.56686670806807882  0.57867837545609024
  0.59006163099270847  0.60081759816962277  0.61160709724094753  0.62227621043971804
  0.63255577096149018  0.64274044105163175  0.65337014920114445  0.66496115869771610
  0.67603301541008376  0.68715656195837416  0.69818919044860450  0.70882945440820344
  0.71964682207434305  0.73041404236769991  0.74248980114184981  0.75325618430639674
  0.76419433882640475  0.77470062174390109  0.78578539908492306  0.79662103411416796
  0.80765723998640571  0.81828593381645520  0.82856229602968301  0.83819998386381778
  0.84799882057223341  0.85822239022850721  0.86872760229254153  0.87931851758088997
  0.89059915737532036  0.90153910320848185  0.91254839867562143  0.92332489823965180
  0.93432175939258355  0.94422976051727181  0.95343823788893722  0.96227361515401799
  0.97146494056012300  0.98127249757191082  0.99074242458524686  1.00000000000000000
   4.7069604357437260E-008  -1.0000000000000000     
 F F F F F F F F F F F F F F F F F F F F F F F F F F F F F F F F F F F F F F F F F F F F F F F F F F F F F F F F F F F F F F F F F F F F F F F F F F F F F F F F F F F F F F F F F F F F F F F F F F F F F F F F F F F F F F F F F F F F F F F F F F F F F F F F
  <DiscreteSampler_grid>
  grouped_processes
  1 # 1 for a reference and 2 for a running grid.
  10 # Attribute 'min_bin_probing_points' of the grid.
  1 # Attribute 'grid_mode' of the grid. 1=='default',2=='initialization'
  0.0000000000000000 # Attribute 'small_contrib_threshold' of the grid.
  0.5000000000000000 # Attribute 'damping_power' of the grid.
 # binID   n_entries weight   weight_sqr   abs_weight
    10   10   1.313470335970382E+002   1.026190604252433E+005   1.313470335970382E+002
  </DiscreteSampler_grid>
