  0.00244258970417032  0.01617938435462523  0.02962291964051191  0.04159911204131204
  0.05334999582799273  0.06490864179090125  0.07613341459055782  0.08722786602175610
  0.09827671013953283  0.10923825973043415  0.12023390474709872  0.13121708404517729
  0.14217372968428349  0.15302710364834565  0.16387948746078965  0.17488133216735133
  0.18589593981807809  0.19667206531216644  0.20712297439339356  0.21769747869460651
  0.22827139046073339  0.23877953084812259  0.24928303232737561  0.25995592291964209
  0.27079394501529852  0.28156200880095672  0.29234937467607247  0.30288449491467023
  0.31339296662139082  0.32388198362665038  0.33448162304897411  0.34500531335824081
  0.35554968705586032  0.36620978011995348  0.37689200972430326  0.38749149288648349
  0.39811360291288600  0.40877695245217788  0.41948556878396920  0.43011753931326707
  0.44077309890812943  0.45143444224832263  0.46210940885468643  0.47274415494397926
  0.48337184046228338  0.49403604239075943  0.50459710466780605  0.51503926741698525
  0.52539495903513189  0.53577091749768180  0.54612435013330507  0.55643841419298312
  0.56676265449619101  0.57716455505147735  0.58758326036223263  0.59795432200940923
  0.60820219416373544  0.61839524378102051  0.62861429869057417  0.63884009657968011
  0.64906341249332067  0.65933674386291807  0.66972765473202456  0.68017445647807984
  0.69056366926951895  0.70090205710389752  0.71129941337134883  0.72173433214261418
  0.73208810136309188  0.74236407827294926  0.75262846335552791  0.76295105951746878
  0.77329392350703052  0.78366271645695351  0.79402562712869607  0.80427303391965443
  0.81440451344803877  0.82452426432988002  0.83467764618069817  0.84491995914221496
  0.85517347932317900  0.86541693887339166  0.87555095357936008  0.88552993558602211
  0.89535326536593718  0.90521326885844799  0.91500313932980926  0.92474469938153125
  0.93444433538276694  0.94407746941541326  0.95366615856676828  0.96302328222676170
  0.97194483456442893  0.98019659377315671  0.98847908623976466  1.00000000000000000
  0.00228051887605026  0.01658600601292153  0.03038966977797910  0.04265623293488179
  0.05465844893248371  0.06637374242998632  0.07788114449512687  0.08918017086260994
  0.10042046336298366  0.11152386480767965  0.12253280158401680  0.13338360116568906
  0.14409727341116077  0.15479803980320633  0.16545188186826310  0.17618740040066189
  0.18697829161437890  0.19784379152054044  0.20873406208717582  0.21950278518849634
  0.23022552663778101  0.24096182493460727  0.25175380094765287  0.26261643085557096
  0.27342359790680060  0.28415363577001057  0.29483135140045497  0.30547659373890657
  0.31620245670337760  0.32695671133504811  0.33768287587078338  0.34844561909696853
  0.35924020813961377  0.37001180272028450  0.38067140629300389  0.39123410242141493
  0.40175152740247272  0.41223107618960453  0.42281914020146089  0.43341199954447046
  0.44392738580771035  0.45445480742209526  0.46506810728603659  0.47579471129309148
  0.48633210212197991  0.49686397166104018  0.50745761558594338  0.51798608266518698
  0.52847766138561414  0.53900916420741807  0.54960646867615348  0.56017305661560701
  0.57059242001088328  0.58115404095250423  0.59169637086374594  0.60223139920742463
  0.61277663727825138  0.62332389849669156  0.63404455108362512  0.64472723236083562
  0.65535213527672243  0.66590477866484454  0.67641953440215619  0.68696326073711123
  0.69738425691284478  0.70773560698456983  0.71814971837780284  0.72852947909712340
  0.73890090182539014  0.74925754378196230  0.75969383922769373  0.77019698559491689
  0.78066536106718398  0.79114724530275859  0.80169490347122785  0.81229818755908290
  0.82286871226465230  0.83333029201893605  0.84369463707164338  0.85394950206420395
  0.86425545820167138  0.87462570091746117  0.88509444791043257  0.89540039356530221
  0.90530906881788331  0.91505821138362609  0.92483620487436080  0.93451743718972757
  0.94421333480498482  0.95360155889846077  0.96271039115210166  0.97140630143142592
  0.97998421948320136  0.98723457284559402  0.99319812591084622  1.00000000000000000
  0.00792938029717734  0.00950106726347160  0.01057696938886211  0.01157158497296771
  0.01258765751352769  0.01367369039560242  0.01484430622933499  0.01605414478088178
  0.01723156952986999  0.01843406464723233  0.01965663726682574  0.02091225176439724
  0.02216938658604202  0.02340376109681577  0.02462188630304598  0.02576566105438668
  0.02677382904457096  0.02780534114854582  0.02897378601130595  0.03019851831921489
  0.03144656685507171  0.03272540780042866  0.03402443030008732  0.03534335203869825
  0.03668629739102958  0.03806588871204106  0.03949218889639023  0.04097133190193159
  0.04250279463149496  0.04407555914086176  0.04569435115820954  0.04736244771781351
  0.04908332671774008  0.05084813645955454  0.05265734463323037  0.05453227717968343
  0.05648098708835072  0.05850575543991868  0.06060300597007994  0.06276480478795446
  0.06500003876552349  0.06730381720540804  0.06968692914467674  0.07214513082275094
  0.07469066400251979  0.07732757028063506  0.08009190097741592  0.08298122204927215
  0.08598738098464311  0.08912351034450314  0.09240433255544864  0.09580841343954574
  0.09930480409169731  0.10289734322227981  0.10664555955973178  0.11058524860245572
  0.11471864435846957  0.11904040098520882  0.12350569840391790  0.12813633077551478
  0.13296085401668717  0.13802178868597470  0.14334274208137557  0.14888225684521927
  0.15462797880800919  0.16062560190493896  0.16697672229414257  0.17373559302032099
  0.18086548713648312  0.18843722182790495  0.19644583981932898  0.20484720208203519
  0.21366592569314766  0.22296218328114784  0.23281597529629930  0.24339502622104509
  0.25467713266124664  0.26662025843733450  0.27927360423287317  0.29274716284103025
  0.30720605892703490  0.32282083457919686  0.33965694212998815  0.35783221638896145
  0.37752167674781278  0.39905108141332951  0.42281507394084544  0.44922171689707935
  0.47889881833258974  0.51270200118871634  0.55182168944244514  0.59836783397972171
  0.65696823411084915  0.74657771837104225  0.84623250670047279  1.00000000000000000
 -0.00107759815360464  0.00406379024826134  0.00935738462425902  0.01460587211295280
  0.01986560194377577  0.02515214951537106  0.03046621590187755  0.03584519771384380
  0.04128091980706927  0.04675032238504522  0.05221649726551446  0.05768717646833618
  0.06316195270067972  0.06863387735221406  0.07413567863744988  0.07969642652394822
  0.08536737353462870  0.09118633372705108  0.09708568256268536  0.10301385086219553
  0.10894819923699074  0.11486806409044073  0.12081325980443731  0.12683154021318480
  0.13290921412656836  0.13901973072082982  0.14516759720802333  0.15138038347361540
  0.15768028616387633  0.16401778564142175  0.17035929444888648  0.17674613774428111
  0.18320934925863436  0.18979063584369593  0.19648430925731544  0.20324517204268613
  0.21006191569769256  0.21697429884662411  0.22394727426300912  0.23094766152809315
  0.23795710746779872  0.24499578265002325  0.25208049900731133  0.25929047392717458
  0.26664295963397444  0.27411601708384370  0.28155319018064462  0.28901701191885698
  0.29647938112769062  0.30404972164799393  0.31169359354615783  0.31961632084304253
  0.32767615532180394  0.33584347721437663  0.34424376356043601  0.35281777257947211
  0.36153034513166826  0.37037857346896896  0.37926588812963824  0.38819291606883216
  0.39722108796647115  0.40641453584380743  0.41585366325378825  0.42542951023617709
  0.43513580427338633  0.44496736662734560  0.45497104801363020  0.46502010088019247
  0.47514280651777141  0.48538946992728194  0.49588925258469030  0.50663363950425910
  0.51762485998070407  0.52900118182679934  0.54076180991546352  0.55285689203113064
  0.56523011174406634  0.57791650709131992  0.59111193966220599  0.60465851708861862
  0.61836936477936177  0.63258522485419855  0.64738424111389226  0.66260215866152650
  0.67869612945294544  0.69558652711644220  0.71315713333794950  0.73166540254180101
  0.75140297032261594  0.77289335431713424  0.79651035535994530  0.82277537513904186
  0.85231481355954275  0.88687592045448393  0.93271734769074643  1.00000000000000000
 -0.00235166490544430  0.00931408317270630  0.01899091454233794  0.02974938606627006
  0.04019641746283031  0.05068523252190969  0.06092207361464486  0.07175731621256437
  0.08243053080672169  0.09298095149992515  0.10358294839837133  0.11426850064510195
  0.12499358132631895  0.13572199243144364  0.14641410140125286  0.15730890314348220
  0.16795195190209478  0.17857649638926837  0.18915896505868166  0.19987286916633215
  0.21042682875128052  0.22058275111663300  0.23073761231076967  0.24088105785341571
  0.25114345873840183  0.26151573786860488  0.27189758155288296  0.28254580940791768
  0.29308889601039417  0.30343055780341521  0.31411639064219971  0.32473815557266145
  0.33560775532937709  0.34620167496114979  0.35709140322122601  0.36805545248514643
  0.37886677182114126  0.38959688427635808  0.40025499319415903  0.41085551272934434
  0.42139151248058893  0.43185782766470920  0.44241332008061823  0.45295271604957582
  0.46360841570600902  0.47429021956776046  0.48482431849455493  0.49532654433364820
  0.50595422475606255  0.51660687296194885  0.52740962623183318  0.53808590971303460
  0.54870187319209618  0.55910937970526975  0.56953653304560459  0.58005220422018744
  0.59068531012585512  0.60133139422725279  0.61202474036434795  0.62258253045164247
  0.63318930974072085  0.64377127866175476  0.65443140813737821  0.66505663737013931
  0.67560047115486221  0.68608567103239160  0.69654811312906073  0.70694668647452130
  0.71733206076623435  0.72770225249482667  0.73814912148688328  0.74867446559990058
  0.75913643876424963  0.76964595732343033  0.78016918920934863  0.79074488985522795
  0.80158906621352555  0.81234122227483696  0.82315169596808990  0.83361168605470981
  0.84380540888477629  0.85408279864937886  0.86440997344015702  0.87477877251320557
  0.88490147508936956  0.89473099736069861  0.90518928565632473  0.91544978594616200
  0.92595144799304285  0.93630751903140963  0.94703109239839323  0.95771234243109216
  0.96838852274771037  0.97908939675737872  0.98963844109920862  1.00000000000000000
 -0.01428853059247670  0.06402782348733127  0.10975121970709585  0.14490150235877944
  0.17500497494572664  0.20152827255513484  0.22517085406988618  0.24690604419914555
  0.26710439412291098  0.28593916264279884  0.30374951179447274  0.32057709219304675
  0.33655984462568367  0.35197720326260534  0.36677673992284138  0.38106926550429038
  0.39491952020879578  0.40778998625632135  0.42033865544045329  0.43281794250291172
  0.44503003696931992  0.45689171908590570  0.46849355766640843  0.47984230152644036
  0.49094439289996300  0.50177589134437006  0.51230904883898976  0.52269343417284864
  0.53294986119051568  0.54298762509683740  0.55274030587319689  0.56233310561940564
  0.57183770524072697  0.58116564014072969  0.59029071664798449  0.59929598200882461
  0.60831917366484745  0.61735008000302471  0.62624024751500873  0.63496540955298619
  0.64358261254614646  0.65201661893397622  0.66028841380712833  0.66841880340029547
  0.67650288024023375  0.68449783667365016  0.69237309719615148  0.70004879600160241
  0.70756562756889607  0.71508709006143079  0.72266284749498255  0.73013503841754201
  0.73750355967289705  0.74480570999379858  0.75206967752564724  0.75929408640678031
  0.76642407582633187  0.77343307962475916  0.78031293348281960  0.78719307817844320
  0.79398143885951022  0.80069454471181822  0.80734612713488196  0.81394712756890664
  0.82049473890124291  0.82695695941322478  0.83338413708753334  0.83982790411638875
  0.84626731374966713  0.85260998524697706  0.85886050889259269  0.86505580542934324
  0.87122293741680379  0.87736486630483479  0.88344956671422070  0.88946330217220193
  0.89539998551684374  0.90126468030932760  0.90707818432690335  0.91285049152275366
  0.91858508076053635  0.92430251812491937  0.92999382133695219  0.93562800263403145
  0.94120200821419198  0.94673319039397608  0.95224398022306322  0.95771031222153424
  0.96312110480566571  0.96845059136225187  0.97377459831535895  0.97912315533219874
  0.98442661691696909  0.98963353115101949  0.99482501098579079  1.00000000000000000
 -0.00227093294886680  0.00910623340659394  0.01888158322068464  0.02947156200598728
  0.04012919450070791  0.05076665510955537  0.06148042269548241  0.07217772295832457
  0.08288154933833816  0.09339225868440165  0.10382548471118390  0.11451236013690168
  0.12516916447004978  0.13568178736028089  0.14624999570332348  0.15681344899902158
  0.16727803020859222  0.17770687884775568  0.18811261689668871  0.19899183783175511
  0.20974475722812813  0.22035750320711797  0.23096972250190714  0.24141108315336468
  0.25174629406394661  0.26207874729860081  0.27259077463717302  0.28343719238864751
  0.29410895034028528  0.30468904953870957  0.31525898381222767  0.32576787031864118
  0.33620776618506920  0.34659184118426062  0.35696148557950019  0.36746853988218853
  0.37788599609701667  0.38853802197995219  0.39900594328932409  0.40930074689833013
  0.41973433045504455  0.43013382155317431  0.44053302660298349  0.45077870217197524
  0.46100626400192868  0.47149733290267420  0.48207254752502593  0.49276614654855810
  0.50347615879771890  0.51408285769494522  0.52458243172597652  0.53491950770048502
  0.54536231386828771  0.55576163808528356  0.56629992102895577  0.57679591290504284
  0.58742309853313723  0.59821562987303911  0.60893815791126604  0.61958147382939321
  0.63035712072837835  0.64104347575213994  0.65164267739884774  0.66214016579407831
  0.67247741158131502  0.68277225609808601  0.69316744545503883  0.70368991173841677
  0.71416674455957441  0.72461459688856655  0.73501123382405675  0.74542703114400988
  0.75588703846798477  0.76641904435816943  0.77694225055680588  0.78736164703846123
  0.79791354850745966  0.80856762304811369  0.81904965611822966  0.82954454238387176
  0.84004397187333590  0.85090181902792739  0.86121640243483566  0.87168298494945107
  0.88228839881194676  0.89319134307434733  0.90370055168873309  0.91404466391757366
  0.92462406249998796  0.93540607893395500  0.94629709953497609  0.95695245084148151
  0.96764819743578379  0.97828905796036991  0.98917311634653815  1.00000000000000000
 -0.00233162918168604  0.00917857992054252  0.01908618577235014  0.02986887787859775
  0.04066693909781507  0.05110993918609052  0.06172253079980898  0.07202700740831505
  0.08242289269031790  0.09291869331067222  0.10334709668376979  0.11398736976343932
  0.12454503076922958  0.13483066896187590  0.14538389145310857  0.15589459716476517
  0.16638996093116207  0.17711124274502801  0.18757447475600164  0.19864024911338035
  0.20938463773872171  0.22037861533562864  0.23100412870168568  0.24167035822283175
  0.25209581625903471  0.26251614511372556  0.27297124539297341  0.28345114272875499
  0.29400155468243855  0.30462869869332715  0.31518708124256317  0.32602576513199083
  0.33628357191846570  0.34651762009672155  0.35694129113475215  0.36721601500034690
  0.37746878778004095  0.38773041842742684  0.39796036523825573  0.40873201749624166
  0.41917987818078961  0.42977511800268214  0.44045229235500455  0.45066760208717666
  0.46124649886862407  0.47170875496403097  0.48233979018625767  0.49273479792809927
  0.50330423227058863  0.51420516343625855  0.52504579311653432  0.53581708636549163
  0.54645863073011747  0.55707217113442509  0.56760271551879760  0.57820972876218157
  0.58853585314959245  0.59894498045403677  0.60942085115108902  0.61987332385410410
  0.63018165476958954  0.64036878160631361  0.65082362049153430  0.66141974692387528
  0.67194492997618915  0.68251067229212947  0.69310340253271840  0.70367564077649536
  0.71441785439931949  0.72504093045122175  0.73551473866587247  0.74611544890346482
  0.75665712023829534  0.76742591268785276  0.77812452896101769  0.78876770990870615
  0.79921863930489079  0.80963244869686035  0.82030992468883246  0.83081906460471733
  0.84149704971384010  0.85208525538704560  0.86272803791523345  0.87316678767864464
  0.88397518681802945  0.89463170502851663  0.90533436481755347  0.91593162571042763
  0.92647450918748719  0.93700532550110305  0.94750152295650303  0.95798530240117141
  0.96835475348814126  0.97856672070866402  0.98926671471354000  1.00000000000000000
   6.6550313832301318E-008  -1.0000000000000000     
 F F F F F F F F F F F F F F F F F F F F F F F F F F F F F F F F F F F F F F F F F F F F F F F F F F F F F F F F F F F F F F F F F F F F F F F F F F F F F F F F F F F F F F F F F F F F F F F F F F F F F F F F F F F F F F F F F F F F F F F F F F F F F F F F
  <DiscreteSampler_grid>
  grouped_processes
  1 # 1 for a reference and 2 for a running grid.
  10 # Attribute 'min_bin_probing_points' of the grid.
  1 # Attribute 'grid_mode' of the grid. 1=='default',2=='initialization'
  0.0000000000000000 # Attribute 'small_contrib_threshold' of the grid.
  0.5000000000000000 # Attribute 'damping_power' of the grid.
 # binID   n_entries weight   weight_sqr   abs_weight
    10   10   8.436647137688060E+003   1.463153962098211E+008   8.436647137688060E+003
  </DiscreteSampler_grid>
