  0.00238480395302831  0.01636334894961186  0.02998138242072498  0.04204403428556772
  0.05386181218424368  0.06552534709403687  0.07711320833799049  0.08859758942801332
  0.09994179052885507  0.11092089398278027  0.12152269671829230  0.13216884769299755
  0.14252973280529938  0.15313497421335268  0.16377848187291788  0.17449023655788740
  0.18521478413751219  0.19599143719887052  0.20694369250220021  0.21792395302959022
  0.22884367244394085  0.23957192650612064  0.25019873104070572  0.26084084439341010
  0.27147963577118939  0.28212969019063483  0.29283388119620235  0.30368426941918442
  0.31456573418700606  0.32536873041653214  0.33620094988825616  0.34709360872968048
  0.35784414575359180  0.36846776098642287  0.37898492387156629  0.38958013228104832
  0.40017210682354998  0.41081683594043816  0.42146574332405246  0.43211139065945198
  0.44288010169904557  0.45368525936061582  0.46439822002999487  0.47493444161270193
  0.48547703505022211  0.49609143571455461  0.50671494573936959  0.51733949997689810
  0.52807881531184075  0.53890507675201493  0.54962967465512824  0.56035656601977446
  0.57111628935526548  0.58191434264503028  0.59229991571617080  0.60263150779722874
  0.61306167329780070  0.62354683899476382  0.63403243184816693  0.64428730835461923
  0.65480974458629881  0.66535410776284831  0.67598362402944512  0.68645140136280614
  0.69692452069106225  0.70733479478770267  0.71780849968516869  0.72829861576731869
  0.73874293772519828  0.74915543639539273  0.75952481752818646  0.76989839508360203
  0.78032796809453409  0.79085689203710718  0.80153250267422971  0.81212384302022644
  0.82262850881016214  0.83301221009029291  0.84344441993616481  0.85370285948220537
  0.86400081956483654  0.87422999501718934  0.88451513954782113  0.89463172576137584
  0.90466011646196121  0.91505943153429903  0.92459778756175248  0.93428728210455814
  0.94365400634440277  0.95290232292564869  0.96206671749310835  0.97083614969349574
  0.97911442205815447  0.98650192492423228  0.99342474088031762  1.00000000000000000
  0.00228353899491681  0.01664340351233400  0.03045916445859169  0.04279889535639723
  0.05473064522687611  0.06647118741178949  0.07792073351575748  0.08927525071176588
  0.10055644411036750  0.11178072569037248  0.12280969961447588  0.13380245775879918
  0.14476011631049510  0.15586279748182663  0.16676886714801833  0.17773714196769974
  0.18849282825086702  0.19928255671515521  0.21021394697882223  0.22129527781732686
  0.23234581638243998  0.24265048859859895  0.25337579154252504  0.26384660775020358
  0.27433161605475520  0.28450750400830943  0.29490234936994836  0.30554478806096669
  0.31616821085245816  0.32681159957771377  0.33733763404204736  0.34804941214596130
  0.35879489976081952  0.36936567479762372  0.37991898933712354  0.39054093417465113
  0.40117927172037199  0.41141775439635253  0.42188947108334618  0.43230857597943434
  0.44277399789031113  0.45323069729901777  0.46378477016889597  0.47441826315051427
  0.48507318600660398  0.49569961655538314  0.50632175934484602  0.51684043307329974
  0.52733768661829628  0.53786462901877130  0.54849586879258594  0.55907308960415825
  0.56966702400722158  0.58028022855063155  0.59094248494631263  0.60170333132617615
  0.61224701222722078  0.62251111320078245  0.63274068107019366  0.64300416290630791
  0.65337592442322179  0.66376650421547012  0.67413616730885173  0.68461552293691341
  0.69506792300502973  0.70553952997404512  0.71608293748537855  0.72675127018263297
  0.73750140207109394  0.74816283682835527  0.75871346901398318  0.76919138316570668
  0.77961776782343539  0.79004420042186219  0.80055216182411382  0.81103759326531177
  0.82159731496991828  0.83202013771924399  0.84244720103721482  0.85289977301028275
  0.86329760918711396  0.87364746393687964  0.88391764943464968  0.89422828462947546
  0.90402535119478111  0.91378113491341784  0.92366182715851619  0.93353128302659927
  0.94328940494891389  0.95296393946221336  0.96225843205186945  0.97084797122317334
  0.97941188019253933  0.98705216144452512  0.99326318697608751  1.00000000000000000
  0.00906604656295403  0.01053234944277677  0.01142806341088832  0.01236070813120976
  0.01340769930554065  0.01452601565285365  0.01566499796941449  0.01679742395492952
  0.01793651328397552  0.01912911580793299  0.02033254187789005  0.02154063452109942
  0.02277690510866667  0.02404241761705846  0.02524344372966513  0.02627954216501571
  0.02725767801173807  0.02836477931719425  0.02958404880695136  0.03083141825153792
  0.03209178906916538  0.03337039956260671  0.03467748638492661  0.03601346214484053
  0.03737900520843639  0.03877495741544613  0.04020726539681648  0.04168395363968971
  0.04320353090039587  0.04476161137115556  0.04635811957543058  0.04800860105171880
  0.04972966705587263  0.05152296400733130  0.05337520700074518  0.05528933063106330
  0.05726972889176040  0.05932270149583112  0.06143064040448846  0.06359526288580625
  0.06583488579269289  0.06816243515945915  0.07056778317972792  0.07304740135150084
  0.07562941337624997  0.07833057846857136  0.08114108527019608  0.08405788447727718
  0.08707025778219032  0.09019569285169989  0.09342839765698252  0.09679076369492431
  0.10030040896940517  0.10397878157307193  0.10780752930570499  0.11178005924215417
  0.11590217068715700  0.12019879662619647  0.12467842748891411  0.12933914240678260
  0.13419211518278590  0.13928440863326280  0.14464038031776225  0.15025373304543288
  0.15612748548518837  0.16232412155454676  0.16881812239319643  0.17561111076937769
  0.18273249658252377  0.19031443589570315  0.19833868008888805  0.20679251219277853
  0.21566999161712988  0.22502846933013609  0.23490435523370554  0.24534716167733411
  0.25646409906687540  0.26836945890592723  0.28123625097155769  0.29494441945440530
  0.30957314378994483  0.32529763376350035  0.34244535748750798  0.36096946216052367
  0.38102937431757616  0.40280458024670751  0.42698776980433240  0.45410914637778799
  0.48455570091402878  0.51884330939034218  0.55838892504778637  0.60627615274291069
  0.66917393645695467  0.77270513914892058  0.87579614734199995  1.00000000000000000
 -0.00106892639663895  0.00406048808576293  0.00929435614150644  0.01450671549132674
  0.01973970315107071  0.02505524267790941  0.03039589334993303  0.03575193514999875
  0.04114770245669641  0.04653858456252084  0.05194094611891723  0.05738096181606486
  0.06288681475714608  0.06848147494559571  0.07411866352795853  0.07976391796969361
  0.08544654012562829  0.09118138129602149  0.09695022684195859  0.10279456686540486
  0.10876955458805092  0.11480996072613828  0.12085523782850853  0.12691673417985300
  0.13303414635454078  0.13923115716520562  0.14545653856971508  0.15165117927024485
  0.15785091031843670  0.16411319245814712  0.17038996000775172  0.17667597775051200
  0.18311406101174774  0.18966017641396213  0.19625426567673981  0.20286710325222174
  0.20953163523660023  0.21626574493050574  0.22305707929178922  0.22993076634220183
  0.23693322993870528  0.24403188222023270  0.25122648017200128  0.25850428889165200
  0.26585882707772485  0.27328783295764630  0.28085186887867669  0.28851016047637651
  0.29617344564439696  0.30384186472457825  0.31160839922144018  0.31934144011054011
  0.32713267925155021  0.33505883979235379  0.34309012809538264  0.35118693057387329
  0.35941529386190169  0.36782112672279665  0.37641470469898436  0.38527054047395759
  0.39433287919684884  0.40364888953855110  0.41316607217790968  0.42281925833162259
  0.43267034381018998  0.44259491283395191  0.45267653756693083  0.46282331175864305
  0.47302761306362939  0.48341615086569306  0.49409069005511436  0.50507076869744627
  0.51628035765493152  0.52762285339102588  0.53923518372855961  0.55117554393994161
  0.56343914839613807  0.57602604311756711  0.58906222897916916  0.60274784962750172
  0.61682140957318898  0.63125637695351766  0.64614179458471843  0.66166858717193433
  0.67778112927461454  0.69461295857039496  0.71227123096206890  0.73093894699087436
  0.75097462551548455  0.77256715636726081  0.79606684895281898  0.82220870765496146
  0.85177001082849380  0.88610487803347904  0.93191923981448987  1.00000000000000000
 -0.00233148510811593  0.00931783531903885  0.01881823723192085  0.02937864037066832
  0.03948146321695794  0.05002463810544465  0.06082512457609934  0.07168708094301063
  0.08245093645186685  0.09259329799203513  0.10273457899391648  0.11302661350619951
  0.12341709526252516  0.13385437952534995  0.14417202423895878  0.15461366915925348
  0.16517851099275171  0.17569366330833988  0.18623913886463497  0.19675614177665265
  0.20726084728394778  0.21790272026050528  0.22857254180839287  0.23920601260436500
  0.24974817132184962  0.26028965375382046  0.27086553417202452  0.28150825797628404
  0.29204256717840660  0.30249472371607417  0.31288920018708555  0.32333710079645789
  0.33391400016163736  0.34452645002356957  0.35520398186052066  0.36581491334662819
  0.37636830632346535  0.38683775978949148  0.39733915901288624  0.40790483875748285
  0.41848669176678771  0.42903792311666095  0.43968900737622468  0.45058575582303034
  0.46151706026264222  0.47216400343109438  0.48281517796936230  0.49353823847449685
  0.50429854838188326  0.51481945590118439  0.52533237375154429  0.53556223523612467
  0.54586918315370270  0.55596389831041504  0.56614578827712447  0.57662470534967902
  0.58717903438452124  0.59789867344798509  0.60836513701636841  0.61875146682722271
  0.62909845934635344  0.63937560440641150  0.64951415467194928  0.65977153601134575
  0.67027706299443401  0.68098650942937478  0.69173523806313475  0.70247173020774600
  0.71319839768458759  0.72389426078384489  0.73450056308183231  0.74507949182464484
  0.75569395992510491  0.76633309643616632  0.77694308188860184  0.78744912091876906
  0.79790598685714875  0.80836532912862036  0.81885001320727779  0.82938677331715882
  0.84000353670091499  0.85064388479464148  0.86128181488958289  0.87188258911934291
  0.88258822583535490  0.89327191254638416  0.90393162223560886  0.91456876399607823
  0.92526721568860149  0.93595783669636945  0.94675327371895401  0.95743075759728236
  0.96807565311863886  0.97862466183990482  0.98930192485443047  1.00000000000000000
 -0.01432096863442438  0.06420712326208400  0.10957270462675660  0.14483889946007630
  0.17448387788049857  0.20062422179227574  0.22408097086647052  0.24558486404987295
  0.26578504574239836  0.28478189446274360  0.30279132850181356  0.32007726120318336
  0.33647560478773553  0.35202852596228340  0.36696811509787242  0.38148987410444835
  0.39563416846868249  0.40926112882100968  0.42238091574981640  0.43504536824770557
  0.44745252642752326  0.45935365040512427  0.47071719739602974  0.48183193211387648
  0.49281174579801457  0.50353853420075234  0.51401109799805234  0.52433302182995023
  0.53456881588316407  0.54461063701243906  0.55445853541516110  0.56419162265902745
  0.57385227505046854  0.58341498258255498  0.59280443415886952  0.60202836650209346
  0.61107784554852396  0.61998676210773351  0.62878133283242343  0.63735940430931004
  0.64582586184725399  0.65410559104090693  0.66230022221511786  0.67049384954414004
  0.67866714246184134  0.68679604665186778  0.69484073757579135  0.70273383540424239
  0.71045930594321038  0.71801547011307798  0.72548035352368256  0.73290591831124174
  0.74035859113901492  0.74777544999394052  0.75502943916744347  0.76205950747831097
  0.76897537137417982  0.77577460092446227  0.78248763030326518  0.78915792425863418
  0.79573475811923988  0.80218430441831046  0.80855953517824275  0.81498620262733135
  0.82148231502179259  0.82796421172879031  0.83427495763039983  0.84043513814594439
  0.84654821585880469  0.85267144305416143  0.85882365976792563  0.86494106747026334
  0.87101224315401893  0.87702318576951899  0.88296719028912651  0.88883543180842228
  0.89463690949589436  0.90047517884401074  0.90633365690864476  0.91214174225724809
  0.91790467755990268  0.92363243881779289  0.92932806736672346  0.93499043280837590
  0.94062071555998994  0.94620310477408709  0.95176737819546653  0.95729571957548165
  0.96278730016872083  0.96824915099154363  0.97365913294005701  0.97898649456582421
  0.98430083506868971  0.98954776926336030  0.99476522369413389  1.00000000000000000
 -0.00224949695158316  0.00896605859752574  0.01906179787072890  0.02972108615132699
  0.04041033411399226  0.05093418496674536  0.06153810018665465  0.07214258342866037
  0.08277851644263357  0.09351432783339035  0.10415562175158438  0.11446330067526560
  0.12481344786628346  0.13516440985005576  0.14567394693248986  0.15603907806732645
  0.16615849208993094  0.17673203210399427  0.18717947205454585  0.19788289722043167
  0.20855787212376525  0.21943071535928443  0.23013363009575880  0.24064840597304338
  0.25107576405707049  0.26178427988500108  0.27249318936743383  0.28320451383052936
  0.29366028194267868  0.30416313303213244  0.31472280428692678  0.32531586393979584
  0.33591179802291998  0.34644346393364372  0.35697853373562560  0.36767571220985518
  0.37813232475068376  0.38861095318895444  0.39901701578638721  0.40930737967230174
  0.41962020178756698  0.42994263359271950  0.44016540480789895  0.45035920458245704
  0.46056363176079002  0.47110225509480191  0.48150895207155819  0.49174047990166819
  0.50210618002036600  0.51249577858593809  0.52295886214581566  0.53338499541115980
  0.54380875441921384  0.55420418540436545  0.56471135658668881  0.57542702288291014
  0.58618088371306420  0.59691029238203297  0.60759549418914682  0.61825519223831049
  0.62883231579399235  0.63944115357618658  0.65010758930640711  0.66080279379808338
  0.67155041366022206  0.68231522766347785  0.69292277777642741  0.70342636219396526
  0.71387854292777342  0.72447219308542143  0.73507383154033001  0.74575275781277117
  0.75635188594801761  0.76692530658396885  0.77758390709601344  0.78833888227392346
  0.79899114545708361  0.80965767405171474  0.82036076318361328  0.83122175852447000
  0.84200132116028026  0.85267955160773901  0.86360962779963590  0.87446467409583706
  0.88505871406047620  0.89538325553034814  0.90584047901428122  0.91633225534768303
  0.92660013778744510  0.93683770969774804  0.94728239584805340  0.95781068432548910
  0.96831739484629253  0.97855253503644624  0.98942238802342031  1.00000000000000000
 -0.00235355591454851  0.00927661296319201  0.01958785390823148  0.02979407148252706
  0.04014241992273138  0.05050941073103443  0.06095960924334902  0.07109918680031770
  0.08130625491724242  0.09169783510425220  0.10261013407306858  0.11320600809296007
  0.12383256267586829  0.13440542407254896  0.14504799440988128  0.15568884876311223
  0.16619728126175012  0.17669339214731170  0.18714490572858258  0.19764853079359976
  0.20826357883197136  0.21879213041307100  0.22964432566122003  0.23980862272812659
  0.25049040840525039  0.26040905192588631  0.27068744349149743  0.28100755264460253
  0.29128216488708009  0.30170650114590913  0.31225267135632928  0.32304002495131012
  0.33406735004683491  0.34488877238773141  0.35577966330347149  0.36647795844773112
  0.37713468870168870  0.38750112614098231  0.39789487190622780  0.40832380654844924
  0.41885327956128204  0.42954418489624985  0.43995838233125550  0.45036421928825687
  0.46082529615294043  0.47143471636601531  0.48200387136029754  0.49257501075331783
  0.50309774456525969  0.51382654348665302  0.52427176111796192  0.53404060685653199
  0.54439406871352625  0.55447509465227962  0.56454728744886806  0.57456090570712681
  0.58464789626654445  0.59501391362521372  0.60560121705516312  0.61628687256669390
  0.62700389748789553  0.63770736032357145  0.64838133910884077  0.65913965272128350
  0.66987481619872113  0.68063046985101139  0.69129108337089729  0.70197590106384389
  0.71268157657777387  0.72351412806804827  0.73432412091653376  0.74504939285634919
  0.75571665800283849  0.76640382071701252  0.77716244799678402  0.78792875191250500
  0.79858203529627636  0.80917630179575750  0.81986285010317772  0.83049649669898662
  0.84113642697734181  0.85153120865065679  0.86207318329781524  0.87260683136183370
  0.88315048926707618  0.89373008642567964  0.90424659652174300  0.91484966655474331
  0.92530845865693057  0.93590832343340946  0.94664019947405798  0.95737196649426271
  0.96814064473592587  0.97864125418451231  0.98951297873569843  1.00000000000000000
   6.6700949785733593E-008  -1.0000000000000000     
 F F F F F F F F F F F F F F F F F F F F F F F F F F F F F F F F F F F F F F F F F F F F F F F F F F F F F F F F F F F F F F F F F F F F F F F F F F F F F F F F F F F F F F F F F F F F F F F F F F F F F F F F F F F F F F F F F F F F F F F F F F F F F F F F
  <DiscreteSampler_grid>
  grouped_processes
  1 # 1 for a reference and 2 for a running grid.
  10 # Attribute 'min_bin_probing_points' of the grid.
  1 # Attribute 'grid_mode' of the grid. 1=='default',2=='initialization'
  0.0000000000000000 # Attribute 'small_contrib_threshold' of the grid.
  0.5000000000000000 # Attribute 'damping_power' of the grid.
 # binID   n_entries weight   weight_sqr   abs_weight
    10   10   2.100293620701354E+004   1.031002200747384E+009   2.100293620701354E+004
  </DiscreteSampler_grid>
