  0.00237515853808420  0.01636916996617412  0.03047711314164723  0.04295157688137793
  0.05480097011787006  0.06625608963492478  0.07739890061899597  0.08830990495113816
  0.09923094819859270  0.11009984990502933  0.12077173146267686  0.13156786990209138
  0.14233120863470131  0.15317036749268903  0.16401292226031136  0.17484162327255237
  0.18571001864566053  0.19643492699584317  0.20719905934440874  0.21816231834922750
  0.22896628786238440  0.23973638871156172  0.25027138285507811  0.26086575547735336
  0.27158880751269954  0.28256314003093724  0.29349068453184041  0.30420860699194430
  0.31490412050266631  0.32568194587437693  0.33645759147423832  0.34714374074843346
  0.35779688319925312  0.36843586590095639  0.37904151498063882  0.38955761586031007
  0.40000721193999839  0.41040597170997561  0.42084257416453313  0.43137477285261228
  0.44200775310976864  0.45271049625387594  0.46348577285697684  0.47429821756420210
  0.48505555977769949  0.49570517280158649  0.50628089654064412  0.51687989792858746
  0.52753356838124010  0.53821962512834187  0.54890598453387318  0.55960105437661745
  0.57029002634025705  0.58088728776101595  0.59136377732567991  0.60183434041401851
  0.61240537160107211  0.62302707862795770  0.63375159466290787  0.64443035286507289
  0.65480644934695265  0.66502974532640036  0.67535531636887636  0.68566257363499417
  0.69587040310194104  0.70604221342895856  0.71640300248209965  0.72698183937452920
  0.73762369855692345  0.74827672392259459  0.75884729319412503  0.76925489932418256
  0.77962344459100619  0.78999073721929447  0.80050099399007313  0.81099760865742132
  0.82140790346829418  0.83172459292836642  0.84204849701711915  0.85236842252816092
  0.86260520927649675  0.87274206569358082  0.88290937640952505  0.89308090510359706
  0.90326312187180169  0.91337385951423256  0.92337434975832000  0.93308761836152254
  0.94273189301466842  0.95210209403891544  0.96134994121982609  0.97023799896856178
  0.97864772797869493  0.98605711808991192  0.99356094971257969  1.00000000000000000
  0.00237258146214919  0.01613817358761327  0.03022797276682766  0.04261094659985567
  0.05432357062415825  0.06565194180723422  0.07683531082728490  0.08813998451945797
  0.09938091305082640  0.11056165736443131  0.12146649409125375  0.13253418099361536
  0.14361704055317637  0.15462898764633509  0.16535463400749834  0.17625788655015814
  0.18710677291379160  0.19786503472752953  0.20852294138087607  0.21930066105444607
  0.23015822546708056  0.24097148738172283  0.25174316638330718  0.26245721703603231
  0.27309260411159608  0.28371916881538750  0.29440147138152806  0.30513789822384385
  0.31579125461427682  0.32647032981582158  0.33715346709944510  0.34779688205614301
  0.35854972231740417  0.36921369738086302  0.37978447278342242  0.39023468302036918
  0.40066296736381457  0.41118927750180112  0.42165428200219707  0.43214324474761040
  0.44272132736759179  0.45344620806599001  0.46411166372328078  0.47465232322913137
  0.48507383329154313  0.49549251361427782  0.50593417671143626  0.51627290820645533
  0.52647964982929674  0.53659056855436416  0.54676075921436318  0.55706208262817314
  0.56744271167374616  0.57780938505014579  0.58813019188878168  0.59840230860136256
  0.60860203042405892  0.61871690821146519  0.62883221807535694  0.63901770893957510
  0.64927334196413677  0.65962415005070074  0.67002014112108221  0.68041098700113112
  0.69079771409971136  0.70117156828315963  0.71147147579670911  0.72175192009908518
  0.73202943176011515  0.74231769812452342  0.75247366237215330  0.76250708937995249
  0.77254604483530376  0.78267375853238208  0.79278683074957623  0.80290301832215694
  0.81305810997732875  0.82324918618622522  0.83345027712935948  0.84361903378077741
  0.85370946393672420  0.86368978283691544  0.87360753778616118  0.88354034030136330
  0.89349343608377374  0.90341501693504522  0.91322434764263383  0.92298680899461361
  0.93273533795461272  0.94250334516849577  0.95217483235102252  0.96154998282554049
  0.97050792569500333  0.97880657218772071  0.98704145734206594  1.00000000000000000
  0.00705835660252613  0.00811463687360403  0.00922960262318348  0.01031967620842195
  0.01140835777149780  0.01251576087551026  0.01364535431574183  0.01479510763390413
  0.01596687680627376  0.01715988714391382  0.01835614658035461  0.01959203599576272
  0.02088950857259727  0.02220716713302286  0.02347569509446185  0.02468242178069919
  0.02582868530213936  0.02685387653991117  0.02789408258021617  0.02913383584017654
  0.03042520789466148  0.03170718429812186  0.03303007191550353  0.03438472227222605
  0.03576758829948191  0.03717835495035626  0.03861255789034197  0.04007496490153906
  0.04157239317879991  0.04311417880018907  0.04469440229502097  0.04631963012456401
  0.04800251353122335  0.04975567608466078  0.05157050133166083  0.05345233085282768
  0.05540792428077149  0.05743594454112100  0.05953783011342596  0.06170047589636459
  0.06392795121543975  0.06621119563233643  0.06856895586178488  0.07101320171803106
  0.07355563357134776  0.07617581765078967  0.07887937469507851  0.08170922264182676
  0.08467518976521778  0.08775373917572904  0.09091148466928524  0.09421244755634886
  0.09766453718681110  0.10125475439303520  0.10498023913689385  0.10886854307082507
  0.11291484694204514  0.11710003122479024  0.12145486845401526  0.12604099034957525
  0.13086687838781658  0.13588889326768835  0.14112004342880549  0.14661719707209686
  0.15242905348820521  0.15853049308994996  0.16491864226268810  0.17160646252410469
  0.17863987068995646  0.18599908879879060  0.19378910431665675  0.20213165435185257
  0.21101856913136610  0.22034864077073060  0.23010671261138468  0.24044492740700832
  0.25144466886431499  0.26320820397336431  0.27583761572132548  0.28942900218371725
  0.30399198378744663  0.31955303435479232  0.33619139771438228  0.35432428643177655
  0.37412315943035801  0.39574954701910470  0.41949289572860710  0.44585108548572672
  0.47536996315586150  0.50870266488976190  0.54709345077975235  0.59323275005757803
  0.65196284690712891  0.73184048180348071  0.86582080555615715  1.00000000000000000
 -0.00106496025799329  0.00402288403598450  0.00940263743243251  0.01471589558051822
  0.02003911481109667  0.02537237784579397  0.03072322785665194  0.03612606520543395
  0.04153864511995968  0.04692663881712188  0.05234254679471393  0.05783041085257037
  0.06337581157838255  0.06896815526348288  0.07458103467216297  0.08021683026500961
  0.08589027232274703  0.09158965652979074  0.09732683498363037  0.10312201986872065
  0.10897786310506755  0.11489981736273722  0.12090090792027387  0.12702095293567525
  0.13325691270639550  0.13956400005114220  0.14590118635756225  0.15226984024488069
  0.15867659463334605  0.16509706775788946  0.17153329928588359  0.17799955151053062
  0.18450745499291832  0.19105533566775046  0.19762854659768353  0.20428271113121116
  0.21101339731915336  0.21784641074057207  0.22473604929222196  0.23170559313372799
  0.23875522072792629  0.24594125016611942  0.25326079290594822  0.26068888378883087
  0.26818225441585103  0.27578931939143680  0.28349152076898443  0.29121623749384712
  0.29894668551624159  0.30670564363835767  0.31449520714280882  0.32233131363140999
  0.33034578126382974  0.33858937669739986  0.34693185125947873  0.35531786262415455
  0.36373602511985681  0.37224871768904444  0.38092193221294646  0.38980802489844713
  0.39876377941194013  0.40782129769964215  0.41703322376836149  0.42645067612787313
  0.43600458450251839  0.44570542885055198  0.45559552996030345  0.46573617531004363
  0.47610652948313498  0.48658007364614653  0.49714660111944603  0.50797255124539253
  0.51916761412197454  0.53086752652160851  0.54288782916821610  0.55519201073066238
  0.56757999846006668  0.58006119276542834  0.59285092778301385  0.60593978279646588
  0.61928996976037054  0.63325587520472770  0.64787153927292929  0.66324757948429780
  0.67913988132489278  0.69582121551780962  0.71343646826731522  0.73192378722475460
  0.75134303706445615  0.77228404009431850  0.79562267662395370  0.82194726362704551
  0.85165414622692692  0.88674674990026525  0.93294560661554327  1.00000000000000000
 -0.00224039854389303  0.00883973577953353  0.01896324421612145  0.02950371810855796
  0.04017655872148406  0.05068890027484957  0.06136104909808235  0.07187321545477481
  0.08256980688811930  0.09321679908689370  0.10367362242305561  0.11410683011740708
  0.12462864297996949  0.13533158128783579  0.14596239053235760  0.15645490278523294
  0.16707330457354733  0.17743234473137195  0.18785976068139401  0.19812772274384394
  0.20862515947879332  0.21912801532286347  0.22916043523522608  0.23981366920540551
  0.25020620903019830  0.26096171919236705  0.27170022668246990  0.28214235525590170
  0.29251241849412524  0.30278822808145189  0.31306498225382812  0.32351632379614015
  0.33396015789316191  0.34460796822406048  0.35514476464898320  0.36567579816672080
  0.37623246492841705  0.38676680799518792  0.39730285006415139  0.40806345383208853
  0.41865431946388343  0.42920751022178733  0.43975624288022036  0.45033846922015380
  0.46100207867684956  0.47151544787478794  0.48214894661233076  0.49280043643044569
  0.50336361614802938  0.51369883328670007  0.52410810499197336  0.53461587088511231
  0.54532520077421420  0.55608000711729022  0.56672544437813466  0.57750879708771174
  0.58815437218471434  0.59871823038954686  0.60939465305091745  0.61997064783676559
  0.63051227108354935  0.64107911201972312  0.65159448629663042  0.66232201678973446
  0.67259203215687302  0.68295432996705485  0.69357575072993827  0.70406695099221361
  0.71459657559228384  0.72494449268093397  0.73540581557910323  0.74605699721441754
  0.75665415036047112  0.76750318559428254  0.77793747922768375  0.78852053464136418
  0.79917196549804637  0.80972464384169140  0.82028067759788814  0.83057404001410950
  0.84122293912222523  0.85188681098030827  0.86251915293492054  0.87328344191015805
  0.88389338733865430  0.89467785635236141  0.90494322740992073  0.91547753330715198
  0.92631648169359748  0.93696933049617448  0.94741220642789203  0.95771753096364054
  0.96845365989423260  0.97920655067577456  0.98962447533992215  1.00000000000000000
 -0.01395112661780782  0.06313357330884845  0.10937198327937797  0.14502495668818627
  0.17469802220462535  0.20051134363024939  0.22419053082780357  0.24617486796052304
  0.26657459280705942  0.28551917376442765  0.30333542388658991  0.32038846359390682
  0.33665670844041518  0.35214044469384942  0.36703737152074994  0.38139076622394991
  0.39522922341469441  0.40867558230461742  0.42162442705284864  0.43419472943402715
  0.44633533151089111  0.45819457809148800  0.46976730612017986  0.48115383821340257
  0.49239759385973714  0.50330478752076069  0.51402942744080093  0.52449465721562460
  0.53467842494430196  0.54452792931773353  0.55409256991271216  0.56365464650726171
  0.57315154336168750  0.58240602843935174  0.59129441401715455  0.59997629372013761
  0.60864298386705751  0.61726604075358715  0.62573789293896387  0.63414682614004747
  0.64258593977699663  0.65107162380617400  0.65945826362439142  0.66769440673096725
  0.67571720881675801  0.68355436943495274  0.69124818876931238  0.69884114566046329
  0.70643137080716034  0.71400961633665816  0.72159125727959816  0.72914670003811699
  0.73649252258581754  0.74360084567573603  0.75062559973986531  0.75752167571316698
  0.76444754660550618  0.77131073725504207  0.77812019950346945  0.78486912068516013
  0.79165884903384309  0.79848700610656698  0.80524099472960342  0.81189870262741182
  0.81846463172394057  0.82500724189089236  0.83155404461751770  0.83810007933114827
  0.84457112293713932  0.85093559528161122  0.85715192367021931  0.86326465609741165
  0.86934890917070617  0.87543549925545716  0.88153737417217393  0.88761227996097536
  0.89364388677197548  0.89957962089159071  0.90542259406461301  0.91120585417366196
  0.91695513153260555  0.92269737191628864  0.92842557710241636  0.93412669300711348
  0.93981006083818530  0.94548550594247116  0.95113604858277667  0.95674901668044010
  0.96231678904592333  0.96783831186172331  0.97329518220002365  0.97869622473578666
  0.98405946116610532  0.98941422892105546  0.99467437260848646  1.00000000000000000
 -0.00228673653494292  0.00908861491110740  0.01898074821395953  0.02930700253713379
  0.03983052417192715  0.05008165638713813  0.06038411772863637  0.07088601091440369
  0.08127433025825694  0.09176809937008187  0.10207293387765953  0.11276877326612370
  0.12364520701324673  0.13436321956287930  0.14493993228345889  0.15546151074112924
  0.16622019060028384  0.17697902262992346  0.18771557899718846  0.19829071984434626
  0.20902332805391985  0.21967772973533178  0.23036270777238599  0.24064252919915299
  0.25094593953566602  0.26141050212199762  0.27183614548905960  0.28245468310843169
  0.29296360806218513  0.30378446353427369  0.31451272504533578  0.32516963262234611
  0.33590409983298924  0.34656885095629758  0.35723043948019084  0.36797040786778190
  0.37856316050345007  0.38924906145719290  0.39978550330934171  0.41038166473668786
  0.42088881066242290  0.43143572112205925  0.44197247496622760  0.45243062246908167
  0.46269554683251940  0.47313511582482254  0.48346626237619378  0.49435557422955195
  0.50475698641384092  0.51544584125563153  0.52563635159505395  0.53622412689713184
  0.54675154266850479  0.55730116687571329  0.56793979967429797  0.57831320832619759
  0.58896018479843248  0.59938015239277354  0.61014018875529263  0.62084947171199967
  0.63175144244861892  0.64257028036558617  0.65328850942037531  0.66383818355566493
  0.67443945032559394  0.68495561833807950  0.69537450172389303  0.70561303820751076
  0.71588949675357871  0.72630168457243527  0.73672746458731520  0.74727272397891797
  0.75808496706212769  0.76871853406358182  0.77924367568061126  0.78975841218378828
  0.80039360490784461  0.81097549512563982  0.82141561459007761  0.83186388907570352
  0.84240070044429372  0.85291258867520603  0.86366599756144002  0.87422498816314109
  0.88465853501385994  0.89512080092116786  0.90570154245264656  0.91635189848428322
  0.92678355563288395  0.93732257991639756  0.94784520703482189  0.95861574575238484
  0.96898636259542570  0.97938700823022051  0.98950752413489440  1.00000000000000000
 -0.00229746074962002  0.00915026665454410  0.01890125896323481  0.02966649889041778
  0.04016797048374385  0.05098729217405490  0.06163549663048097  0.07216636638991933
  0.08260739517204435  0.09316826763190222  0.10368218494923524  0.11394592117272881
  0.12419732298326497  0.13461704635231833  0.14526052002520770  0.15586500523849728
  0.16655537611493385  0.17713731019909726  0.18778241055202022  0.19847265703885830
  0.20905387452538399  0.21945942779063271  0.22979438761182772  0.24031119689700753
  0.25092810735479115  0.26149046364417461  0.27202228929595729  0.28261786578769688
  0.29332620212086918  0.30389242367473046  0.31454789343362066  0.32508852162517826
  0.33553115671855810  0.34570583336415672  0.35608928363265674  0.36674900139722444
  0.37723535602469316  0.38751027215988032  0.39763635535545988  0.40833886447967110
  0.41903756551324672  0.42953402438491645  0.43986572270753743  0.45031581735169873
  0.46091400827448414  0.47161467594325068  0.48223523943963259  0.49285295606190416
  0.50340572466308720  0.51407333079299811  0.52464369737866456  0.53533923370242709
  0.54604068204373979  0.55681438675549388  0.56755399421744657  0.57816386325514246
  0.58872480561990426  0.59937768336934705  0.60999768201448401  0.62057118056349014
  0.63096114363319167  0.64131607244500188  0.65178450490454753  0.66217348257628461
  0.67285647057193299  0.68363881226100176  0.69434427510623820  0.70501078743255807
  0.71554674618398462  0.72580882944223091  0.73609869155893537  0.74641232568559635
  0.75675749804362280  0.76722492413508625  0.77777297652320987  0.78855488825865538
  0.79920455261368883  0.80961729829644569  0.81997141307661847  0.83017141190197197
  0.84060748466976720  0.85107297097365742  0.86164238071932431  0.87223730559718271
  0.88285857478901941  0.89361147496431637  0.90422642595693725  0.91482280773162561
  0.92543887563587668  0.93595093298728083  0.94674077583415994  0.95735453721359853
  0.96806239197113486  0.97861555973563985  0.98943374855615718  1.00000000000000000
   6.6699509132314342E-008  -1.0000000000000000     
 F F F F F F F F F F F F F F F F F F F F F F F F F F F F F F F F F F F F F F F F F F F F F F F F F F F F F F F F F F F F F F F F F F F F F F F F F F F F F F F F F F F F F F F F F F F F F F F F F F F F F F F F F F F F F F F F F F F F F F F F F F F F F F F F
  <DiscreteSampler_grid>
  grouped_processes
  1 # 1 for a reference and 2 for a running grid.
  10 # Attribute 'min_bin_probing_points' of the grid.
  1 # Attribute 'grid_mode' of the grid. 1=='default',2=='initialization'
  0.0000000000000000 # Attribute 'small_contrib_threshold' of the grid.
  0.5000000000000000 # Attribute 'damping_power' of the grid.
 # binID   n_entries weight   weight_sqr   abs_weight
    10   10   2.898797753944096E+004   4.443710954918393E+009   2.898797753944096E+004
  </DiscreteSampler_grid>
