  0.00244358395955898  0.01623790841689957  0.02996376391068754  0.04216712923685025
  0.05385594305592191  0.06546430005958374  0.07699432749730092  0.08827896977942465
  0.09911810035638091  0.11005623709117218  0.12099017585043653  0.13200894206791297
  0.14301081517184305  0.15397688523866324  0.16490138864892201  0.17573592364962456
  0.18656043214557883  0.19722013771266558  0.20770689952585059  0.21813442719126411
  0.22870387359646502  0.23939107628683254  0.25019099455343002  0.26085399678201548
  0.27156198780459162  0.28211803836634231  0.29269649753079940  0.30328054874545118
  0.31399697842166907  0.32475749003290588  0.33545832752188187  0.34604311929391335
  0.35658788880988690  0.36728200079198392  0.37789751021400125  0.38858865295898171
  0.39924175740826945  0.40989720223269460  0.42052001538675204  0.43112179179573201
  0.44170970949608163  0.45225060313264770  0.46273127788864732  0.47327228892424250
  0.48388805399051887  0.49461950322319292  0.50535606871742900  0.51604041466336381
  0.52653163593910368  0.53697708177139691  0.54754491096648594  0.55820638933005917
  0.56877661312439731  0.57923709467412909  0.58964619437799293  0.60022005475172024
  0.61088513751100959  0.62157552591421794  0.63205108089584849  0.64239123800002873
  0.65275335607239737  0.66326498644320497  0.67376986336582512  0.68413545774020235
  0.69443149981321883  0.70465483996075551  0.71485247798645846  0.72492409233900035
  0.73494156141953004  0.74486721025174041  0.75483030302045762  0.76486584610682384
  0.77497423263538945  0.78516433678517938  0.79538471589157411  0.80544773535187941
  0.81543813057034531  0.82535026646831688  0.83526569605269374  0.84525627676570059
  0.85522270243550413  0.86517036195229935  0.87514459563300007  0.88514622679253607
  0.89518602270268022  0.90516909611400076  0.91512408995856132  0.92503646326986733
  0.93488112479469321  0.94457412832147247  0.95406777811521015  0.96331856519756220
  0.97215850139127113  0.98029548696856750  0.98848478178819787  1.00000000000000000
  0.00239369290088657  0.01602726990387863  0.02957042874037171  0.04150338080549343
  0.05310194712032324  0.06459355742128706  0.07581425951466679  0.08707072653021848
  0.09814760193796543  0.10924848359134670  0.12001707614871261  0.13081657903889338
  0.14139637847368786  0.15207407777482468  0.16268840179955046  0.17347560321677916
  0.18442268804101608  0.19536395100282039  0.20627383396256063  0.21695636405783059
  0.22796348896939139  0.23844595760879528  0.24919696902710414  0.25973184780918168
  0.27017051245914475  0.28037227468793169  0.29050098185320139  0.30076403578741012
  0.31104102259555477  0.32127040490503789  0.33155096783048055  0.34191588738358414
  0.35234692010845869  0.36280399658579199  0.37316895157297042  0.38352245082573938
  0.39391657422738585  0.40454287172613224  0.41528849555436509  0.42602549063280043
  0.43667817565231981  0.44734255409647816  0.45792908117641495  0.46846341926945934
  0.47890324868909445  0.48931346116785784  0.49974429249800983  0.51024584367674686
  0.52081026092320648  0.53137741090614188  0.54191012418826368  0.55240875141218737
  0.56288914169439752  0.57331579159349033  0.58368559056850911  0.59400150892060077
  0.60429812265920435  0.61457057670427861  0.62479339869965922  0.63501615826499425
  0.64530645046464363  0.65570826080130562  0.66613488078865557  0.67647937081231602
  0.68674227027037060  0.69701316719548168  0.70735486485710020  0.71771583454266275
  0.72799986966852392  0.73819379396563400  0.74844085611914701  0.75883928684663549
  0.76927688665089755  0.77957516960204520  0.78974972306443891  0.79995239760901171
  0.81018581247713739  0.82032748434896374  0.83036060268455314  0.84042105336517781
  0.85055709354357023  0.86077195405973117  0.87086482377783425  0.88081257564488014
  0.89061050294773880  0.90034458689798214  0.91010279633377478  0.91988233614598336
  0.92964138633987037  0.93937629170436743  0.94893355941755031  0.95831837633560812
  0.96749379603166519  0.97622204923681777  0.98450330154118493  1.00000000000000000
  0.00766224193418746  0.00875292042045223  0.00955655163335539  0.01034916464961316
  0.01125689756484861  0.01228972255490145  0.01340121607865373  0.01454294097177588
  0.01568343814443127  0.01685091167723016  0.01808214203133497  0.01932688286616455
  0.02063446495063938  0.02203136077934512  0.02333386975293406  0.02454180328557780
  0.02569512705825625  0.02675111491691136  0.02783234047605511  0.02904876711742054
  0.03032194684359095  0.03160059560152632  0.03290052345826223  0.03422504371820990
  0.03557870251886592  0.03696489139901213  0.03838906957543018  0.03985057235020382
  0.04136136471324934  0.04292121363947454  0.04452797620512597  0.04617601399755868
  0.04787184625560983  0.04962583597916267  0.05144320039327707  0.05332780935738275
  0.05527118073163045  0.05728158713474667  0.05937664585671862  0.06156374159586284
  0.06382169025701206  0.06613356227967099  0.06849509393731237  0.07094905578484444
  0.07352673007790267  0.07622837873305856  0.07902988955806084  0.08191268426298662
  0.08489542926994836  0.08799244195345354  0.09122692667118934  0.09458542388752651
  0.09807956591211214  0.10169867291051915  0.10545379363503268  0.10934323762514567
  0.11342718355767444  0.11773388768014142  0.12223518106482911  0.12693055659715730
  0.13182934077140165  0.13693181318881031  0.14222133579761967  0.14773183666213091
  0.15356779246626578  0.15972564271168260  0.16617500302464383  0.17289376109296492
  0.17997333232092833  0.18747502056525320  0.19542276141473108  0.20381851569264867
  0.21262194296231871  0.22191252197513647  0.23179854982511239  0.24240687545551048
  0.25370874339425853  0.26569222041544488  0.27840435522428092  0.29198025345791229
  0.30664433895000331  0.32251522278341843  0.33957183794083901  0.35795079572408356
  0.37787820740711658  0.39974972462423147  0.42390545398398438  0.45069978851644160
  0.48067359510389779  0.51476122819493086  0.55411889358910260  0.60196015393128832
  0.66410137256065815  0.75451915993700069  0.88695015995653470  1.00000000000000000
 -0.00100015083391309  0.00392805726039224  0.00917069451539139  0.01438052090235234
  0.01965581430748664  0.02504704412444929  0.03047610860183334  0.03590038187801895
  0.04138250045121622  0.04691210557417216  0.05251387379959446  0.05814950553706017
  0.06381877691740830  0.06952219088233126  0.07524347680219244  0.08099089671245067
  0.08676652716716601  0.09255827644320998  0.09841221458990301  0.10435349052361315
  0.11036843025334779  0.11641547679197380  0.12246106180866839  0.12852992422387619
  0.13466471848213388  0.14090662348633956  0.14720563383209753  0.15346030081111295
  0.15971215768554378  0.16596647096048145  0.17225312384711775  0.17862432756367996
  0.18508468731526301  0.19156958290687173  0.19810312979863590  0.20472395053513906
  0.21146607545557516  0.21831994192169368  0.22519955918321702  0.23214091804437023
  0.23921180335249118  0.24636358684189036  0.25357867189941646  0.26084671801590348
  0.26818545959820428  0.27555502715273944  0.28300700012235186  0.29050468219125192
  0.29813604066206723  0.30587219043349484  0.31371326822665502  0.32167961863852895
  0.32977636839290320  0.33790420912112756  0.34613972018442035  0.35444595815356039
  0.36287769682898863  0.37147665613737602  0.38021071405499329  0.38909628289549009
  0.39815266707534097  0.40725614507061997  0.41647844430811953  0.42587434477843311
  0.43548988812793299  0.44531438762119863  0.45526284773531528  0.46548053475385864
  0.47593550971782977  0.48654692217854073  0.49722594219951005  0.50807842336542131
  0.51930292113828713  0.53081014537832460  0.54253242320798034  0.55445168478694051
  0.56676120721390455  0.57953816394222568  0.59262099216665609  0.60590579097284580
  0.61962389186639588  0.63375946168460362  0.64867039592341791  0.66424179590131605
  0.68038544707482007  0.69722223422230778  0.71490851248337828  0.73351059848802835
  0.75340602893565622  0.77486222017270867  0.79808921838688518  0.82391665649842638
  0.85339903540142348  0.88797290757162772  0.93333401367870805  1.00000000000000000
 -0.00228205383318137  0.00904877282587822  0.01900421915436127  0.02991487937210864
  0.04066021068145197  0.05119390602611527  0.06157081734367729  0.07233691250100599
  0.08315459522061444  0.09390341173287944  0.10469757906359113  0.11548203895217865
  0.12619831236462239  0.13671888375996291  0.14721719988807341  0.15771739967628431
  0.16827055322280041  0.17869595743219524  0.18905661294132042  0.19940335427262015
  0.20993231434501350  0.22051254618507504  0.23104519614255406  0.24159265699512320
  0.25220918047023977  0.26273196064123738  0.27311284832961069  0.28342055665985250
  0.29405124588459214  0.30480861107275636  0.31543862871136563  0.32609344166678150
  0.33654456549706702  0.34683636046629568  0.35699510522318118  0.36697852221321808
  0.37721694412746559  0.38745372909030612  0.39768564014376956  0.40840252129796850
  0.41856659387706602  0.42908544694842082  0.43947317349395437  0.44959909933841569
  0.45988431352187581  0.47023229771927061  0.48072162718823475  0.49122460601073537
  0.50182038035966869  0.51246071808005467  0.52309789952205910  0.53357852226095992
  0.54410901294172087  0.55471661237747394  0.56545068829627299  0.57612979777397388
  0.58675349218499639  0.59734443712435570  0.60808606642176144  0.61873640886596071
  0.62954146896533658  0.64009283236331815  0.65075379262328437  0.66123724158714892
  0.67182528813312603  0.68249137477242650  0.69300882386306184  0.70357201108418055
  0.71416379605848779  0.72497962163681529  0.73578471930658529  0.74651005433941298
  0.75717543446139701  0.76780305607022703  0.77836452586670024  0.78901108028376088
  0.79961329092889433  0.81037200007190957  0.82103459544583135  0.83137340087594114
  0.84172055278043934  0.85229655736429666  0.86301521458676644  0.87387470657629274
  0.88423898718410299  0.89475274849987640  0.90519238598124174  0.91568528701269436
  0.92606763861719310  0.93647018293123896  0.94709440256439059  0.95776676014794304
  0.96834273789375491  0.97884593500935646  0.98940572529519588  1.00000000000000000
 -0.01418815559630814  0.06336460608529998  0.10905157366499882  0.14448507895764190
  0.17413041892390038  0.20042568305000805  0.22415285848582689  0.24574059954192767
  0.26570360099267759  0.28451232246799002  0.30234167337433310  0.31919603979212141
  0.33535127685122718  0.35079779403741884  0.36539063720224396  0.37941872233773716
  0.39325283012923856  0.40665605535056093  0.41956052400422128  0.43215011874247411
  0.44443259298033966  0.45641235565753824  0.46810021267616264  0.47951440185468491
  0.49064175206368571  0.50156224817545447  0.51234891506194147  0.52305575681168204
  0.53357448356456127  0.54391649251193064  0.55411463772664193  0.56404981880303828
  0.57367237481953770  0.58301737339977422  0.59226422388777344  0.60138546611437427
  0.61029899317481873  0.61912518542523476  0.62785317686312070  0.63656453177790984
  0.64497700593702767  0.65333583514117088  0.66162012356875843  0.66982712570830305
  0.67794859036688571  0.68595627706731477  0.69390557750319692  0.70173645137632512
  0.70941795518994133  0.71698606477882898  0.72443259666519433  0.73178073138824407
  0.73904429587157583  0.74624669483332029  0.75337111073799734  0.76042605630193139
  0.76740728915657808  0.77429441050191805  0.78112528217570820  0.78789006432582098
  0.79458838192342396  0.80117183610796983  0.80767671107262562  0.81409202647464507
  0.82043358742960004  0.82670538397911253  0.83298081334974783  0.83933456216848989
  0.84565573332391764  0.85188242896567345  0.85800603908859596  0.86405371924990748
  0.87004434888821913  0.87604758098018221  0.88206706556505432  0.88807695342148152
  0.89405219750462561  0.89994596757850942  0.90578560999272628  0.91161581285837479
  0.91741503412171488  0.92315481102298702  0.92883736789833538  0.93449972413355775
  0.94017318578246500  0.94584316358936638  0.95146343942781908  0.95701651787190145
  0.96249608302080858  0.96791238725907291  0.97331409403788838  0.97871512325740306
  0.98408100097257500  0.98938858607174596  0.99469460428443335  1.00000000000000000
 -0.00230258664934167  0.00915551808525572  0.01932895823808938  0.02998824864453350
  0.04068218521996955  0.05098423874873206  0.06158018581443605  0.07188188474850833
  0.08242202079101242  0.09270544374091841  0.10301267897313771  0.11362013127765384
  0.12445102327285999  0.13517957278975090  0.14615245675751945  0.15670095853030022
  0.16754289411357237  0.17813947469384045  0.18887777517758231  0.19929989924804567
  0.20966359708250171  0.22011070850533826  0.23059034203927847  0.24120603144197472
  0.25165047995433176  0.26215971439535662  0.27267696489711329  0.28322450464310883
  0.29407881920791806  0.30494475564755485  0.31577709080249045  0.32637662349160523
  0.33679195301625930  0.34714608679827108  0.35791829792507124  0.36866343085651404
  0.37930305294698297  0.38970452607378231  0.40018983022537075  0.41071852408454973
  0.42117790460268834  0.43187134679492234  0.44255922968503197  0.45303113685404783
  0.46351213476527714  0.47405964860000749  0.48461196030065506  0.49512386428479627
  0.50574861797478698  0.51636979057340371  0.52694201398688290  0.53743665171841493
  0.54788436428058396  0.55833274366872998  0.56879322503961316  0.57944094936035317
  0.59008103253194655  0.60079748541288880  0.61148251716277591  0.62210278290259946
  0.63270216058532069  0.64326866195437460  0.65381145918066574  0.66437159124134582
  0.67504192219057491  0.68566035887727206  0.69596920196999035  0.70613582855413493
  0.71646633383410652  0.72702947676046303  0.73752389171792887  0.74786349242628858
  0.75830403720576289  0.76888446484835871  0.77955392130441881  0.79015954836053492
  0.80076456322490963  0.81132436215901094  0.82182408513027394  0.83239154445263230
  0.84297632869883687  0.85367381903195461  0.86440048795275803  0.87499673776138487
  0.88531579039125263  0.89575638273093694  0.90630273412267826  0.91687097424635311
  0.92729628943930742  0.93765618858818800  0.94810491623447768  0.95866470995866992
  0.96894320397573941  0.97920751511587190  0.98947284072265718  1.00000000000000000
 -0.00231969961853635  0.00918458638573092  0.01924681871408777  0.02992230212604401
  0.04062967353902513  0.05097915924284879  0.06135929162454534  0.07214294200172182
  0.08261411364652473  0.09323134794016964  0.10342899943689465  0.11426073176473632
  0.12489958091227525  0.13551120151182666  0.14629088823732367  0.15674545640049045
  0.16730985561090683  0.17775071661053166  0.18836869504863990  0.19888033075500250
  0.20942088721694271  0.22013407675799440  0.23091706046213983  0.24149491299720144
  0.25210866125161702  0.26287483821704261  0.27352772989352925  0.28426342417760209
  0.29501336826082536  0.30592240314490965  0.31647343632192504  0.32698933412290765
  0.33759501876927656  0.34816264867533331  0.35880120111654884  0.36917505368160763
  0.37982328077753791  0.39030794761286119  0.40113953014722170  0.41210791793228113
  0.42303168369460065  0.43378802158113938  0.44451139087723102  0.45514181016142957
  0.46566701908037156  0.47614707914572174  0.48649643931290987  0.49699899225288369
  0.50742019808477545  0.51781288757657906  0.52798748998851230  0.53810672651905533
  0.54837589176713364  0.55872885490547608  0.56929973673294365  0.57994939679664570
  0.59051808181456367  0.60110737770265821  0.61173813938282318  0.62250799703119475
  0.63318835288246367  0.64383981965319936  0.65444688934086115  0.66503445618684365
  0.67557550069637207  0.68610740352411281  0.69668852465451470  0.70729954132801542
  0.71770718357989194  0.72796117499969981  0.73812965737923419  0.74838746865984651
  0.75871477060734005  0.76915316657921373  0.77965842379881645  0.79012155099125314
  0.80065656223361559  0.81133918541455685  0.82209092208778090  0.83260675155377362
  0.84277793265222989  0.85301542405911179  0.86328958917739229  0.87343045653853846
  0.88373513048370500  0.89383445769099568  0.90438503077066379  0.91510594978558213
  0.92584654792804644  0.93672071786278388  0.94753963847453926  0.95801016416336338
  0.96862433557115013  0.97899411797065816  0.98949658709954713  1.00000000000000000
   6.6441781306872579E-008  -1.0000000000000000     
 F F F F F F F F F F F F F F F F F F F F F F F F F F F F F F F F F F F F F F F F F F F F F F F F F F F F F F F F F F F F F F F F F F F F F F F F F F F F F F F F F F F F F F F F F F F F F F F F F F F F F F F F F F F F F F F F F F F F F F F F F F F F F F F F
  <DiscreteSampler_grid>
  grouped_processes
  1 # 1 for a reference and 2 for a running grid.
  10 # Attribute 'min_bin_probing_points' of the grid.
  1 # Attribute 'grid_mode' of the grid. 1=='default',2=='initialization'
  0.0000000000000000 # Attribute 'small_contrib_threshold' of the grid.
  0.5000000000000000 # Attribute 'damping_power' of the grid.
 # binID   n_entries weight   weight_sqr   abs_weight
    10   10   5.091928838044553E+004   1.854253242564243E+010   5.091928838044553E+004
  </DiscreteSampler_grid>
