  0.00292394224051259  0.01568063319806587  0.02895419277110677  0.04147976859864116
  0.05285387984615716  0.06372304379794307  0.07448753552755948  0.08528605473022847
  0.09606781642505069  0.10659500892810785  0.11699910518554330  0.12771010410141445
  0.13885461057843165  0.15003471750336764  0.16092115861680129  0.17174243834830061
  0.18274563509458405  0.19372388304747354  0.20452725711661340  0.21526945715817486
  0.22606620969484217  0.23708183490807447  0.24809793376081585  0.25908466859896517
  0.26994979265089086  0.28064307275228328  0.29102354731112745  0.30125054873414869
  0.31141378339017922  0.32162055100531889  0.33176358236717773  0.34204368643951444
  0.35247301748042231  0.36315661250218956  0.37386701012077522  0.38448860692646508
  0.39499665147164637  0.40526779837265892  0.41531017069437476  0.42525442292507681
  0.43501151099887964  0.44508110860127370  0.45550673990990259  0.46613812499280033
  0.47668851001544976  0.48703137508457794  0.49709696452610291  0.50695638482203398
  0.51646384100255294  0.52626986967117484  0.53639324062908544  0.54693920983995037
  0.55779851669559311  0.56881626682267006  0.57977802786579502  0.59053029096518150
  0.60078188810312927  0.61105627391313655  0.62148985747451080  0.63170637642411887
  0.64174445183818296  0.65169292915764876  0.66185340623205313  0.67217437861138374
  0.68246177459125912  0.69279378092027921  0.70296305316238938  0.71305163807701732
  0.72322490508650872  0.73324109320528463  0.74331207446010850  0.75345294359349968
  0.76357375785272752  0.77376085847998211  0.78354187613932025  0.79334475775335533
  0.80334350465523163  0.81363138969315807  0.82385616021564800  0.83393347394403505
  0.84398810050817941  0.85438546747320432  0.86527797033164411  0.87650452017686586
  0.88751622371666372  0.89822740895832975  0.90871695355351467  0.91895032089954443
  0.92903408992353886  0.93894035009974819  0.94850619040157380  0.95790796813805779
  0.96715751017230944  0.97617558874208665  0.98462166375655358  1.00000000000000000
  0.00288363476440659  0.01634231729028248  0.02987752410175121  0.04230342170071216
  0.05405228803624382  0.06561117769504382  0.07728326592037517  0.08870951451109618
  0.09983596194225688  0.11097974025998238  0.12217063663930068  0.13323417637254956
  0.14420865250490975  0.15499986684010725  0.16571811980889692  0.17656873388459707
  0.18733620886423188  0.19806476347386162  0.20868305388760366  0.21937318790719817
  0.23013807265803499  0.24079161108575822  0.25150203434080293  0.26206420327147223
  0.27301954708392945  0.28387688773698755  0.29458409517683631  0.30512927290614739
  0.31585430019803379  0.32678440046975493  0.33771837021867868  0.34853468328438209
  0.35908137605102969  0.36937737771729656  0.37960933897475935  0.38994452105870619
  0.40056116025070598  0.41143186816939442  0.42219830027171790  0.43265342601284917
  0.44332434223560796  0.45448224820868388  0.46568672022086022  0.47677628440589592
  0.48792120907366332  0.49923241086127845  0.51064266849212969  0.52167387567474288
  0.53215076804725336  0.54246671247645317  0.55272855772457308  0.56292227245084159
  0.57303738176395280  0.58327619567311462  0.59388864870955971  0.60469225381718084
  0.61534327000215672  0.62580446241756982  0.63608515165057811  0.64643060314894862
  0.65671668640063330  0.66693227739414551  0.67708882043805263  0.68724523745920196
  0.69751320665811078  0.70776048007303383  0.71780771985918757  0.72782343817904493
  0.73767646848284452  0.74761384799685882  0.75775197569839170  0.76811937642186978
  0.77887964378484542  0.78940069400915747  0.79968567297568816  0.81000883506993260
  0.82042213300464184  0.83106757768209782  0.84147026868091968  0.85178919418381271
  0.86196215272650245  0.87215902161926928  0.88220361478414933  0.89198280440335342
  0.90170819510885092  0.91126724366356782  0.92092742372893699  0.93083258085721932
  0.94087416174323413  0.95094021297735998  0.96036631332542377  0.96935238443497562
  0.97804879539928746  0.98598070010080274  0.99340018211426573  1.00000000000000000
 -0.01441388676858727  0.04020895965709322  0.08775692626843756  0.12072255236499210
  0.13431226201206967  0.14374273283633995  0.15392044112351425  0.16426994738945735
  0.17387366288329376  0.18358711081188733  0.19326986481453617  0.20314362040290687
  0.21299591763676115  0.22314054211673598  0.23330588745060951  0.24350499782889123
  0.25360275214305805  0.26364584712707878  0.27349071852081980  0.28333587130370191
  0.29379966535933677  0.30406502073377273  0.31409969846212532  0.32396173254248511
  0.33357108582473854  0.34286060247093092  0.35225244967051922  0.36219281301013556
  0.37236362209488560  0.38278456971148977  0.39340152570778686  0.40384070908254360
  0.41380299831764600  0.42356646494246020  0.43338253625973805  0.44321107348297517
  0.45302155481133571  0.46276488453239861  0.47225972555634738  0.48158032089104647
  0.49076462879037086  0.49995099511786983  0.50900358222434217  0.51789932018656792
  0.52675556667736434  0.53569337516439275  0.54473436306615552  0.55367059595914703
  0.56247056487126512  0.57131236547275999  0.58011722794212739  0.58904308738560740
  0.59816380872521602  0.60713818176747858  0.61616026308760485  0.62535358548808184
  0.63478850744333781  0.64440405313394722  0.65414549079006323  0.66389215812704827
  0.67356665577918795  0.68295215726428449  0.69231035749712433  0.70143936585254685
  0.71045821003731457  0.71924890468575808  0.72796813495248514  0.73689108790059399
  0.74612359066775258  0.75561329963621926  0.76506211014674907  0.77424212963335459
  0.78391211468862820  0.79352918641828241  0.80307341462881887  0.81272904197493290
  0.82250364863137126  0.83217798993495373  0.84141734536138524  0.85070238596584091
  0.85985519728860571  0.86881152328621614  0.87787132353410136  0.88722296103448306
  0.89681968353579467  0.90647420059381778  0.91610287912470778  0.92572826899683969
  0.93522502639860050  0.94455705207510432  0.95377306681945118  0.96301702788844512
  0.97228818493009317  0.98153893936141079  0.99079498883124351  1.00000000000000000
 -0.00242752887396081  0.00952270856368756  0.01923824493721425  0.02915119249495266
  0.03925052057465706  0.04964899852045656  0.06034906682391288  0.07111044547120678
  0.08198361627938475  0.09291027849674993  0.10385532449767501  0.11444207464217218
  0.12501868341456557  0.13546928956872781  0.14596710808494318  0.15663981168677940
  0.16730931887180250  0.17841243973107698  0.18938779206134873  0.20035138542140393
  0.21083317226648368  0.22121490627674553  0.23187833684719897  0.24276060820858836
  0.25376369557801060  0.26482724572712213  0.27610146619728360  0.28730551737383209
  0.29804272889264161  0.30881116582668278  0.31965232581790365  0.33045496714100275
  0.34073180724207669  0.35074653643150688  0.36090891940765596  0.37141171093780045
  0.38207841290607364  0.39254342778154461  0.40307290578534838  0.41363626268592452
  0.42440902674835118  0.43493770517380387  0.44538762386988862  0.45585390058762099
  0.46629712350929131  0.47672438557056518  0.48682841630865292  0.49671327965397827
  0.50645907669176637  0.51627100195018116  0.52629484182448250  0.53660026160685814
  0.54693096933950858  0.55743471948980372  0.56787006770565263  0.57831833372767494
  0.58862120261902884  0.59917086837538458  0.61040571766087093  0.62175221066437869
  0.63283443933419381  0.64361739304288101  0.65438431196356583  0.66460431804019593
  0.67439129702530665  0.68390415687703232  0.69379062840717887  0.70396915283733819
  0.71425793912501268  0.72460458510471470  0.73483442492518669  0.74537714592097848
  0.75614834570999112  0.76733184650769415  0.77849601377822741  0.78950323515456056
  0.80027815090943677  0.81050714546592084  0.82069124033096874  0.83095298675955231
  0.84170464077674001  0.85282128720974193  0.86338998954284096  0.87452678887410695
  0.88514763575608135  0.89607198320809212  0.90666635796250894  0.91754753977258563
  0.92840513055456142  0.93918102644889345  0.94957938885423787  0.95997642467052646
  0.97018236463786278  0.98031446604392725  0.99030504903334626  1.00000000000000000
 -0.00198718597128447  0.00652053388475635  0.01429508843514561  0.02181165602852743
  0.02938127162710859  0.03700028129882721  0.04472520908568098  0.05263208397196181
  0.06049961210662672  0.06821696846220295  0.07579781537597657  0.08358771802292819
  0.09169255581476790  0.09978000981250573  0.10777224085181819  0.11580431337031838
  0.12393508211692750  0.13211507576973650  0.14036041968294152  0.14867676728021509
  0.15692279562683134  0.16508386623424401  0.17296561396518198  0.18098480509391421
  0.18907200360860246  0.19781199991884918  0.20676739762875918  0.21560058465148363
  0.22414663720011252  0.23243080694565743  0.24067869949114032  0.24908867255361250
  0.25754887970220386  0.26607216518234506  0.27461384692222940  0.28330075092237544
  0.29196604596583903  0.30050407251927880  0.30911801565449754  0.31795133700127953
  0.32696850477056449  0.33603191855173670  0.34498014243212888  0.35397595479396016
  0.36315818539585387  0.37240053632103587  0.38140190476695435  0.39031983833791295
  0.39941002004257775  0.40880924207855290  0.41826500877915990  0.42753859390618615
  0.43647045009561686  0.44540853128758506  0.45441914313468040  0.46357227869289941
  0.47277278537364825  0.48208933116523889  0.49143385132716622  0.50087613854424551
  0.51036197083125456  0.51995650353269429  0.52981191724760246  0.53980901893681710
  0.55014233469695772  0.56074649875972138  0.57151520521278931  0.58255017555421640
  0.59372477663103751  0.60447905998929663  0.61510175539735257  0.62572475812192574
  0.63684650981664781  0.64804668652212671  0.65982206178370473  0.67176916358309946
  0.68396447657518666  0.69584791660063561  0.70803218202936091  0.72094295750622461
  0.73394296319213215  0.74712474697055609  0.76071936021346864  0.77450678335077905
  0.78873471042675314  0.80381701943693873  0.81917991456144013  0.83476299339053506
  0.85085748758274160  0.86830235222720820  0.88654432981678066  0.90578987516794796
  0.92606230241887966  0.94836858147625525  0.97303825875309080  1.00000000000000000
 -0.00243031597461857  0.00982078472079044  0.01973838444613677  0.03017564571562430
  0.04069941216487225  0.05142572703429979  0.06179036072097040  0.07238379984666270
  0.08310587042103214  0.09376713710863792  0.10432683219567813  0.11421087353108801
  0.12394735235178658  0.13383800867176801  0.14397654165602494  0.15451386883186732
  0.16528240545972334  0.17634666940914265  0.18753998364302035  0.19822694919612160
  0.20857085809181411  0.21859652068136182  0.22868234109723545  0.23885448339532064
  0.24899072743707265  0.25899563386441299  0.26901593547314867  0.27915522459975289
  0.28946011936031385  0.29995967686637981  0.31033876908929842  0.32079714734779630
  0.33152982913501738  0.34264784590531439  0.35355277159522730  0.36407062043494759
  0.37478510774967155  0.38584388874779230  0.39670240175585664  0.40722465077776737
  0.41772971567747957  0.42848344078505846  0.43954774432501237  0.45062227804414490
  0.46132417271843201  0.47141239121525402  0.48110276697845211  0.49064009317356688
  0.50029096979716214  0.51007460608786703  0.51987923538149661  0.53001640237795322
  0.54048390757012954  0.55113631039278588  0.56203506646426882  0.57318935057785170
  0.58448378476543250  0.59529951939180714  0.60584165650026578  0.61616778543429929
  0.62667278796025205  0.63735684313575813  0.64809683320692368  0.65904921235074299
  0.66999004042683274  0.68084735279123787  0.69135582767394710  0.70176650918796490
  0.71236026741075475  0.72325333372873768  0.73420639740365978  0.74514437375131004
  0.75608602288611193  0.76730948005924215  0.77864948535584899  0.78983770489786798
  0.80081616200079275  0.81164051277955140  0.82219675159949557  0.83272880066290855
  0.84333262210313664  0.85381994142655782  0.86408471324385649  0.87429338889897301
  0.88453758895545453  0.89497151699586541  0.90564011801822752  0.91648582366419340
  0.92745414910776514  0.93833165210766301  0.94912119028433439  0.95958817677390407
  0.96968481908652615  0.97970394491628388  0.98978266169641205  1.00000000000000000
 -0.01892518735721018  0.12570291977647102  0.18205671129634238  0.22197220006344115
  0.25206352661207826  0.27866562571727804  0.30241786877260934  0.32425100550141966
  0.34463104226375629  0.36321189804264659  0.37970221585594655  0.39541436909329136
  0.41032952794768512  0.42427944596006067  0.43736860922056819  0.44995185223798329
  0.46179691031673276  0.47331586083767430  0.48431462507769851  0.49503684006685372
  0.50549271082428660  0.51559488975543755  0.52559575394222613  0.53544425300397325
  0.54524050201280039  0.55479452211277824  0.56383127652059573  0.57239003166848335
  0.58080069081028030  0.58906760206228737  0.59707050838816866  0.60493024715073052
  0.61265303669834947  0.62052855837544763  0.62804731893801524  0.63540437901470259
  0.64268745278766104  0.64983200434854205  0.65687871706655676  0.66388473736631148
  0.67069415649960085  0.67731286672591384  0.68384911012105010  0.69030311758716834
  0.69673402199765277  0.70310342148338378  0.70944243423564868  0.71584896882143767
  0.72218481331986661  0.72843115936001723  0.73467777435957338  0.74090577905566435
  0.74711585829131810  0.75328454211416751  0.75956507473851897  0.76566659178135832
  0.77188697809835061  0.77775387368282523  0.78362194398396745  0.78954830051909675
  0.79551660762872145  0.80147275625164571  0.80735048941913157  0.81312244777967879
  0.81885572670658879  0.82464118715020229  0.83045787587781572  0.83622787648979513
  0.84195931741186003  0.84773299847259520  0.85346041905670011  0.85893581153314458
  0.86447908941175333  0.87011862606712898  0.87589987394913893  0.88182186101008464
  0.88765119406458071  0.89330470422916819  0.89886836863391195  0.90439526902645095
  0.90994096823698956  0.91560543515743298  0.92137882847005492  0.92735096935716799
  0.93342138633400040  0.93948327747539928  0.94542248535470708  0.95129648599561856
  0.95719356920588827  0.96316914425304190  0.96922564161984248  0.97534301309136695
  0.98148205108252262  0.98759802224063076  0.99383329965599199  1.00000000000000000
 -0.00250659287775985  0.00994592483922434  0.01944888134508158  0.02954020905375997
  0.03953118626868445  0.05017247644027945  0.06119160170256426  0.07168855376793826
  0.08250780197920748  0.09249513058841125  0.10276633928956048  0.11302695514237203
  0.12352334377487367  0.13394718306679260  0.14457106335516731  0.15499593832721240
  0.16534051903220512  0.17557822414449387  0.18611641831391079  0.19721865092802610
  0.20864144105499624  0.21993837910637817  0.23116267438781113  0.24212817102349532
  0.25268269761162698  0.26279748805399000  0.27310443886272218  0.28370851386082008
  0.29423013291472266  0.30437445311558164  0.31441680731705129  0.32482667767765444
  0.33571051367385646  0.34681418210242193  0.35792196380029806  0.36878182178427699
  0.37923092337447961  0.38961584721333847  0.40017333227560253  0.41094859794191346
  0.42154811890667998  0.43203246662749578  0.44231470237920956  0.45230778305922847
  0.46210224302139341  0.47193355524228853  0.48189101688191366  0.49214224728141426
  0.50237820804728117  0.51271962745323740  0.52326862273952823  0.53402918748219519
  0.54465784705158493  0.55470890745250712  0.56472107908827729  0.57457003335519996
  0.58477502171894391  0.59502512702279886  0.60539708170737550  0.61605095397456522
  0.62668416114026615  0.63768644764889149  0.64860587761708843  0.65972521506129767
  0.67056713487568720  0.68149027895737813  0.69260626414479320  0.70364911139036868
  0.71431481485030901  0.72463723732297591  0.73486718628587955  0.74508708773189003
  0.75544007705649763  0.76616468739701304  0.77697666619663497  0.78760815145745577
  0.79803403717234955  0.80846083774504829  0.81912258057189968  0.83027173448940417
  0.84132977020933086  0.85222573566380988  0.86301252207660650  0.87379391428597342
  0.88448819221179942  0.89491256958729259  0.90536610908252779  0.91583687226236143
  0.92687437694312980  0.93821080694750136  0.94947877202141917  0.96034180916504197
  0.97057608130200390  0.98076728055372198  0.99052621636574567  1.00000000000000000
   1.1233541394253448E-008  -1.0000000000000000     
 F F F F F F F F F F F F F F F F F F F F F F F F F F F F F F F F F F F F F F F F F F F F F F F F F F F F F F F F F F F F F F F F F F F F F F F F F F F F F F F F F F F F F F F F F F F F F F F F F F F F F F F F F F F F F F F F F F F F F F F F F F F F F F F F
  <DiscreteSampler_grid>
  grouped_processes
  1 # 1 for a reference and 2 for a running grid.
  10 # Attribute 'min_bin_probing_points' of the grid.
  1 # Attribute 'grid_mode' of the grid. 1=='default',2=='initialization'
  0.0000000000000000 # Attribute 'small_contrib_threshold' of the grid.
  0.5000000000000000 # Attribute 'damping_power' of the grid.
 # binID   n_entries weight   weight_sqr   abs_weight
    10   10   2.041755667558452E+002   1.386947781137363E+005   2.041755667558452E+002
  </DiscreteSampler_grid>
