  0.00234070878500745  0.01648732154112306  0.02971947206130778  0.04157460973068028
  0.05302635157764776  0.06441609286767985  0.07580032911063828  0.08713368039821953
  0.09816196290364410  0.10916481174744132  0.12019018354527804  0.13133008819671060
  0.14233708339849521  0.15329459456750796  0.16419731937116225  0.17511053731945203
  0.18589627455490171  0.19647562130301219  0.20695196326697735  0.21752497851094821
  0.22816531121109185  0.23880568033400726  0.24930027210805727  0.25982795098827172
  0.27041168338869542  0.28099949956281239  0.29163509113845121  0.30232270891169616
  0.31298173408706509  0.32344797634793399  0.33380877169391665  0.34429588743055844
  0.35481226766864843  0.36530264194881690  0.37571256002450898  0.38638356757656928
  0.39705505120238471  0.40759135127807555  0.41799144749456629  0.42834352141836607
  0.43864708422159981  0.44898868620047511  0.45936548488890999  0.46984094685580569
  0.48029194681672549  0.49074909329664096  0.50122768102508730  0.51149049899658316
  0.52157159557559651  0.53165324831569150  0.54181272804858338  0.55200669698523785
  0.56227266650433072  0.57277950384909160  0.58342806158144134  0.59394487275388164
  0.60429652564819092  0.61458246432853947  0.62490873470079988  0.63526455344646704
  0.64552008812538730  0.65567812735415532  0.66584294261408472  0.67605198751444329
  0.68625132598090077  0.69642728021347400  0.70658300835498933  0.71675413220913253
  0.72702275074933420  0.73744500695725568  0.74797154249473263  0.75843754309642852
  0.76881913022174420  0.77921712796812037  0.78959891912807967  0.79991589668555929
  0.81024226719160486  0.82064449732911826  0.83108870238800248  0.84145272276672656
  0.85167186599675893  0.86182661740158850  0.87193918287029493  0.88200046777332408
  0.89204243304274278  0.90208391980009139  0.91205946211882705  0.92197264288986336
  0.93165347181788594  0.94129773573996478  0.95084758385843193  0.96022568984670553
  0.96927561068700374  0.97783394539133928  0.98584164665894869  1.00000000000000000
  0.00241229694667781  0.01635808250135910  0.03044111745861621  0.04306641166371451
  0.05527107756003048  0.06707597739838297  0.07824461152407140  0.08940777026739519
  0.10009765362177757  0.11087467872356355  0.12169115922237672  0.13273061306709541
  0.14368242494972891  0.15452334502886733  0.16547716160048909  0.17651726348315966
  0.18752225072859388  0.19833515073618183  0.20914005506397462  0.21995061244486555
  0.23064113011559706  0.24121766570431061  0.25184477179229336  0.26263072504208584
  0.27350387681793731  0.28436066056271647  0.29510369571703277  0.30578552876906884
  0.31654768865864097  0.32738921489628270  0.33813704503788755  0.34872701923773625
  0.35929518193040005  0.36986545693117023  0.38032458517040035  0.39067232192753221
  0.40107134831304514  0.41151884233223823  0.42190841400469836  0.43227445520836610
  0.44273998402504100  0.45338414133978300  0.46404016741600063  0.47468174070229158
  0.48532099763046671  0.49599479654307499  0.50664187903965219  0.51725291196061396
  0.52787527306672677  0.53854778206573217  0.54925104862736485  0.55998450523070908
  0.57073111352545014  0.58143481465113855  0.59196491023028552  0.60239918692010586
  0.61285271244353101  0.62339435922189368  0.63392158500650375  0.64442396412696568
  0.65490535284272633  0.66538744268531780  0.67587949076020493  0.68637476332928049
  0.69690655479510100  0.70742450889102726  0.71797864773529285  0.72865333821788225
  0.73921613935427333  0.74974738439594624  0.75999595736239378  0.77020191504250257
  0.78049476682407637  0.79069415443790736  0.80091679833026841  0.81110169255064313
  0.82137608148084629  0.83178399970417061  0.84220352111860619  0.85268375314886202
  0.86305742305924404  0.87330585446341280  0.88360598513382294  0.89377268895162099
  0.90395368350099370  0.91395604016685661  0.92373820601840251  0.93335545800875708
  0.94289749918363552  0.95232024941506987  0.96146832449413022  0.97029422472701732
  0.97855546467710675  0.98589383135666109  0.99354711372178151  1.00000000000000000
  0.00736936833936994  0.00916169588024073  0.01032469428757766  0.01141437939747751
  0.01253210866276647  0.01367774478527025  0.01483975167101639  0.01602955176888998
  0.01721627328903735  0.01841447406012229  0.01961767964298817  0.02087715054004973
  0.02218375262332032  0.02345514203689037  0.02466903897454177  0.02579066868863180
  0.02679899667456038  0.02784586186869441  0.02903017789285787  0.03027350031450855
  0.03152073431655024  0.03279217146826022  0.03410210537378587  0.03544602959290994
  0.03681721621737542  0.03820632120790543  0.03962167279737393  0.04107702859068921
  0.04257924654651501  0.04412920745878959  0.04572887543317799  0.04738727182026697
  0.04910991999488605  0.05088921150980479  0.05272355457556591  0.05461715960789392
  0.05657178180616459  0.05858104319490502  0.06064338026468199  0.06278048635216053
  0.06500390003977220  0.06730936175097695  0.06970708421995188  0.07219766667914798
  0.07479093207227118  0.07745754731430586  0.08020602679055035  0.08304878836722997
  0.08600308383552099  0.08908361090628635  0.09230522946728728  0.09567520965654594
  0.09919005407372858  0.10283430304254366  0.10662001683481440  0.11054916928728052
  0.11463076472041994  0.11889942301121788  0.12338106497464645  0.12803783853489697
  0.13287102643420279  0.13789087981643355  0.14313333922666546  0.14861902962308154
  0.15439951798068441  0.16051162585491743  0.16689951862642380  0.17355964676455185
  0.18058747718032950  0.18802884561984087  0.19590767264255329  0.20422976114474872
  0.21301946529437457  0.22233230771198131  0.23216305400775405  0.24256977267923599
  0.25358566872873683  0.26530591850210522  0.27776948378326199  0.29101870733224783
  0.30527748986616449  0.32080979045433294  0.33761879290625835  0.35581279893717477
  0.37563268121234200  0.39723653414658650  0.42067604769000172  0.44650089542224219
  0.47545857001660224  0.50818490706075803  0.54594533104674048  0.59088650402039489
  0.64807401316979296  0.72214227958552679  0.85012776725775996  1.00000000000000000
 -0.00103794709452158  0.00396808179089412  0.00940100497046358  0.01474990067148235
  0.02011172775676334  0.02555456122460515  0.03104676689674984  0.03655814566291454
  0.04206338719992342  0.04757710680091679  0.05313074973131814  0.05874174816373532
  0.06439288989042712  0.07007542000632343  0.07579249132999094  0.08155077372098220
  0.08738564187048975  0.09330358285987189  0.09928548123549971  0.10531582162603566
  0.11135177674875027  0.11736664486845934  0.12339145609416112  0.12944360164293667
  0.13550995602537391  0.14160154657566001  0.14773502734179123  0.15393427320951758
  0.16023894865802726  0.16658233096515021  0.17297318268362050  0.17940180931662933
  0.18587922796342898  0.19242181817492912  0.19909268452780327  0.20587907666849031
  0.21275236767563735  0.21972344054344628  0.22666278917316371  0.23372578253054790
  0.24083256027734018  0.24792090875091585  0.25503586911237691  0.26218265051720485
  0.26947682738194401  0.27694639107358549  0.28450197217308371  0.29209371713927917
  0.29971808120859045  0.30752421416161874  0.31552848769762865  0.32369581592468971
  0.33188051038555433  0.34001482668391320  0.34814482583906725  0.35642721659790616
  0.36486149249630734  0.37341352111000098  0.38198718850441737  0.39065406207538034
  0.39957438582896382  0.40870240830290044  0.41790377536606194  0.42718267226545287
  0.43663699071438666  0.44632832400102623  0.45627752090131934  0.46652564049335205
  0.47699794770208892  0.48769639880658328  0.49858113179361963  0.50964641994588988
  0.52080957997505806  0.53208660309779809  0.54347629711969159  0.55516074417191319
  0.56729924464529802  0.57989463176825562  0.59285923763993109  0.60622216572049969
  0.62004007324288124  0.63459380323905112  0.64964916677126483  0.66532232649299083
  0.68160385777007715  0.69856047171684932  0.71610534987986230  0.73447815214415313
  0.75430068335087264  0.77608390659021376  0.79967577678657942  0.82526087138675452
  0.85401060471560752  0.88818540729826712  0.93382196530839456  1.00000000000000000
 -0.00238963458203652  0.00938746477313491  0.01952541673307782  0.03035249818895345
  0.04068439656773719  0.05123071333642239  0.06166857208887672  0.07235932668064063
  0.08316882824804335  0.09391797734915419  0.10453650151257644  0.11491250578002787
  0.12524483955481872  0.13570638880163094  0.14612237098824404  0.15662510429825460
  0.16712806756654877  0.17770892190358947  0.18821393962838401  0.19853012743179269
  0.20892054787561798  0.21943273332113059  0.22969436105179711  0.23989658585483603
  0.25012798223520627  0.26042065164434625  0.27055753666632026  0.28068201455294162
  0.29089989116977411  0.30134248272618447  0.31180030215794574  0.32230405829704156
  0.33270684458199062  0.34320722331138731  0.35378682877786072  0.36445912459397889
  0.37518413509047566  0.38603280624217717  0.39666778002074332  0.40715560149847213
  0.41748897243930883  0.42792610763564204  0.43856104782965261  0.44920627745653879
  0.46010411606539653  0.47043792813132546  0.48112355938862761  0.49160119470364333
  0.50217003207910682  0.51259452465812150  0.52313485632293533  0.53377964519328547
  0.54446067311305446  0.55503346308617663  0.56570215531198098  0.57633036486120859
  0.58697677355198563  0.59761160943951097  0.60829090830874133  0.61907421465070400
  0.62994125693665493  0.64037351182239832  0.65098694081817565  0.66147876233566760
  0.67190853575095810  0.68237019642344776  0.69270530666411079  0.70346196525041116
  0.71388041596470642  0.72455469305595566  0.73517291239594695  0.74602223459321415
  0.75678602697691344  0.76772464194522527  0.77848346935351986  0.78919531729343606
  0.79971900123870632  0.81022261814464613  0.82090363008330525  0.83169448334859797
  0.84218025345975001  0.85259614095242298  0.86296593458623960  0.87354117638291762
  0.88418091668455301  0.89481735438732868  0.90555603958585873  0.91575730568827962
  0.92619033645398274  0.93658466330821299  0.94695322211132626  0.95752922474200464
  0.96822760939858310  0.97912603040421342  0.98948158084719806  1.00000000000000000
 -0.01405638717918565  0.06347583220997008  0.10966865725008751  0.14469772114012594
  0.17415777199966551  0.20023377731763486  0.22397565505262548  0.24610142265220764
  0.26667457034482356  0.28580541997503078  0.30369276360250758  0.32053077001425484
  0.33648632215947671  0.35170104807041713  0.36636928266948687  0.38069630629548890
  0.39468521597331380  0.40835351292104288  0.42160221920927271  0.43418342648776775
  0.44645489651446507  0.45842480962882148  0.47016202679903502  0.48153822553464953
  0.49271347273695493  0.50361510337062643  0.51415037228013449  0.52443251890242670
  0.53463789746768153  0.54478343065741108  0.55488682651032684  0.56479371263266875
  0.57448888113457020  0.58384632452994079  0.59302082352984586  0.60209530889833207
  0.61105888832940014  0.61988435090735639  0.62858150857713679  0.63716431703069520
  0.64569451850491888  0.65409102725070123  0.66246999825319342  0.67074604986820063
  0.67889556942986995  0.68694914908542282  0.69486558842662183  0.70266906434102094
  0.71031642567887099  0.71786410811974832  0.72532495634292149  0.73270671579299074
  0.73997589868255054  0.74716184701514787  0.75434249635756523  0.76154540547943872
  0.76872362586700904  0.77575264030178037  0.78262797057072508  0.78938654851901069
  0.79606388868739308  0.80266767933009520  0.80927361829549760  0.81578275567620517
  0.82220117600630094  0.82856547312852524  0.83490702032184672  0.84125378659755046
  0.84757502741322976  0.85382889853040034  0.86003403839697967  0.86621323251642035
  0.87233255653230368  0.87836695412733024  0.88433217130181951  0.89025464966042589
  0.89613846702595235  0.90199727146360231  0.90782102032915613  0.91356102871114908
  0.91918308916436986  0.92471871810448025  0.93028008467107481  0.93582812586736275
  0.94134865828157277  0.94682535321925365  0.95226539188558212  0.95768892727229937
  0.96308406181229933  0.96841641642981491  0.97372159627559163  0.97899512875517547
  0.98428951871005910  0.98955323060189615  0.99482459205292850  1.00000000000000000
 -0.00240221051907530  0.00933212808506636  0.01949825120794406  0.03005390142383811
  0.04069316311780646  0.05166649934294416  0.06247308812782924  0.07304255316640515
  0.08346557492885028  0.09393358114372900  0.10450426913891524  0.11507646509925662
  0.12556135475269314  0.13569349866465216  0.14584966476982592  0.15625973614282068
  0.16669226420948113  0.17728722066766894  0.18756339345725076  0.19860102297441157
  0.20939458229207708  0.22013959633941715  0.23078855115589222  0.24146578283950398
  0.25211403577434738  0.26293606780687473  0.27372324355058320  0.28428096181992790
  0.29476292487897243  0.30531362626837327  0.31595040254087925  0.32648680089799292
  0.33719210944477274  0.34794842724059316  0.35886045871024852  0.36947214728678340
  0.38021611464304228  0.39088163615033344  0.40151676876565162  0.41213201404723077
  0.42282261078109906  0.43348361677734165  0.44409636196286040  0.45470746045339638
  0.46538019624865407  0.47598736594703001  0.48627071520452692  0.49654278608523061
  0.50690587730748660  0.51737488499011131  0.52791496909049596  0.53834883230555786
  0.54895462362647118  0.55950785634520184  0.57010824512585945  0.58068657830902781
  0.59100785413104606  0.60142259886615501  0.61204674458537511  0.62263939413508795
  0.63316905419238567  0.64335965161221864  0.65398315930763784  0.66440773438130929
  0.67480424217925561  0.68532433593829789  0.69553730081760845  0.70604846868354176
  0.71662635334670777  0.72723128586192221  0.73753304605615211  0.74769738823077680
  0.75835306826642779  0.76899460860187141  0.77951614981770867  0.78979066775060580
  0.80066690984238031  0.81139752002103405  0.82199102061782015  0.83250612157017412
  0.84290476294252337  0.85354482776356733  0.86399871563468422  0.87453024239059252
  0.88493252792426147  0.89533799386463464  0.90597503330022511  0.91673458991534840
  0.92699872688518481  0.93742105671691933  0.94775149044421725  0.95810319732665372
  0.96847557499652326  0.97865498784463856  0.98938704257181731  1.00000000000000000
 -0.00231210162093402  0.00929592262813746  0.01881763717544621  0.02953873880398392
  0.03984473294916609  0.05063338396004446  0.06124903474580375  0.07183141118191087
  0.08274122416185130  0.09283252967957170  0.10323183442886524  0.11355743356718824
  0.12415117198625314  0.13488808573663666  0.14525238787997422  0.15588687190534856
  0.16633986338994911  0.17713600128842447  0.18791717304185743  0.19836728153724426
  0.20871214325980147  0.21919785724640486  0.22982640250810729  0.24016662711699721
  0.25043873438117359  0.26114899646587952  0.27187353416943855  0.28248775311399282
  0.29282834664384055  0.30334973010352378  0.31391789669543757  0.32445096525984923
  0.33505732937000310  0.34565828425099293  0.35620121024691886  0.36684476837445856
  0.37736388486475353  0.38751651970818024  0.39785129218009707  0.40834840351266954
  0.41882443114934681  0.42917482259878265  0.43956740505949071  0.45015445487744349
  0.46077140738582534  0.47124171250639779  0.48174913107736511  0.49232562334035418
  0.50288454948861239  0.51353158957175749  0.52410728701194842  0.53483803235217175
  0.54557874280227314  0.55634811944674356  0.56711316486946262  0.57775642170870967
  0.58837230982055788  0.59897732941215498  0.60961604763935118  0.62038075724341468
  0.63096203064995204  0.64142882187600636  0.65193202833354347  0.66264606428463824
  0.67342473050649498  0.68410620304217284  0.69459572864058727  0.70497271103800807
  0.71539213461425655  0.72545661273436535  0.73567193152316579  0.74601977321329882
  0.75644297598250565  0.76688646402968685  0.77740732783436495  0.78803324013945319
  0.79864088815243350  0.80917084790525273  0.81983520380125952  0.83047032594748305
  0.84107667382111806  0.85153924873301712  0.86220525348067067  0.87277497434015350
  0.88330201216362147  0.89393999230777155  0.90466648579269426  0.91549537879443588
  0.92612437985857388  0.93681569462853975  0.94739037858258879  0.95801687641733591
  0.96843789428774385  0.97896668247717245  0.98944594810576858  1.00000000000000000
   6.6532910439795860E-008  -1.0000000000000000     
 F F F F F F F F F F F F F F F F F F F F F F F F F F F F F F F F F F F F F F F F F F F F F F F F F F F F F F F F F F F F F F F F F F F F F F F F F F F F F F F F F F F F F F F F F F F F F F F F F F F F F F F F F F F F F F F F F F F F F F F F F F F F F F F F
  <DiscreteSampler_grid>
  grouped_processes
  1 # 1 for a reference and 2 for a running grid.
  10 # Attribute 'min_bin_probing_points' of the grid.
  1 # Attribute 'grid_mode' of the grid. 1=='default',2=='initialization'
  0.0000000000000000 # Attribute 'small_contrib_threshold' of the grid.
  0.5000000000000000 # Attribute 'damping_power' of the grid.
 # binID   n_entries weight   weight_sqr   abs_weight
    10   10   7.764475140117112E+004   2.403450410822980E+010   7.764475140117112E+004
  </DiscreteSampler_grid>
