  0.00286063005578476  0.01489777938750862  0.02814889433943368  0.04071096211266607
  0.05263017982609962  0.06413642620444071  0.07555409276197697  0.08719842781655979
  0.09886355936322955  0.11012195874531577  0.12101686813152662  0.13193856953422600
  0.14286856947437282  0.15350114133470347  0.16396993593619966  0.17464844696386470
  0.18545065038013697  0.19628375491534486  0.20720756810359767  0.21832635188748367
  0.22970231676436736  0.24119572927722624  0.25248225600044166  0.26341823004959497
  0.27421480173281021  0.28500726040219354  0.29549053767385119  0.30553056329877765
  0.31583834424016560  0.32623467757514091  0.33652789451009191  0.34641960203355182
  0.35634770184094883  0.36638719946905413  0.37650470472556857  0.38681075866321324
  0.39715167480224239  0.40735356729526495  0.41759619559303884  0.42777363580959293
  0.43825134909562319  0.44852244728558982  0.45904737610045704  0.46941575859598855
  0.47985942499173662  0.49020056866841161  0.50088353152081355  0.51206926062610647
  0.52366084292007087  0.53539385557335839  0.54683839906288978  0.55835530681215528
  0.56940259251491598  0.58029904767199736  0.59066394676811929  0.60074623679290795
  0.61102411198384399  0.62129241866881679  0.63167811550408270  0.64167346280857229
  0.65185153147433139  0.66221108522139760  0.67254620819017230  0.68276759404234499
  0.69326974744926317  0.70413576831138036  0.71508126058727928  0.72589929859395275
  0.73623352282857890  0.74618769423371034  0.75598167931256832  0.76588078389519076
  0.77603870224862803  0.78646314013177576  0.79708086830270797  0.80761695752880813
  0.81778547802671031  0.82765824802052468  0.83759343458698743  0.84778593728111729
  0.85804983845977445  0.86836349382211842  0.87901636299432606  0.89002283900480528
  0.90095756405945360  0.91141580975680636  0.92148694901243788  0.93139317917685072
  0.94127663925571947  0.95085113776231633  0.95999661770228017  0.96883398045215341
  0.97755999441680907  0.98578294398440769  0.99308954787305781  1.00000000000000000
  0.00272862682950144  0.01590036602822242  0.02982375779325323  0.04266725265373884
  0.05454254448116132  0.06588542151725953  0.07692298495989600  0.08775256553858179
  0.09835626412304525  0.10891341725063453  0.11953567180660638  0.13040808846270452
  0.14154653318535237  0.15278938463840999  0.16414076416729254  0.17553561137398233
  0.18708384522509691  0.19819728961617541  0.20928655534601645  0.21960973107526890
  0.23018993833892848  0.24046007325331620  0.25076285742875409  0.26089726606655023
  0.27132815046877717  0.28237321777789526  0.29362098584020924  0.30480365126846831
  0.31594842806246798  0.32696161926234696  0.33791503692368807  0.34842780721593047
  0.35912651588912875  0.36959561528222312  0.38023565478029087  0.39066696750434504
  0.40122826662244021  0.41183217126830035  0.42269213880552481  0.43347460531626608
  0.44395533138782217  0.45424028051691817  0.46449956285866834  0.47462780690773665
  0.48478765827454579  0.49507598953450854  0.50569627844194853  0.51640956646262426
  0.52713655017853878  0.53798077455064486  0.54909365882682981  0.56043613414722815
  0.57155495357320130  0.58242119323430963  0.59297802109240871  0.60354176096905510
  0.61399149478258530  0.62448883240988584  0.63478354528051550  0.64501495935320674
  0.65546901042053241  0.66617545639612674  0.67702561505406122  0.68742417898996566
  0.69802565278872686  0.70859893465960988  0.71957490940356628  0.73028385177986122
  0.74066184348653552  0.75093435229237560  0.76140198633982037  0.77216083231465182
  0.78288918899489568  0.79345481977238463  0.80402678973153119  0.81444600378137488
  0.82480493465430127  0.83511363762631563  0.84564998788251899  0.85628940791976371
  0.86709564367876746  0.87760167206461048  0.88810536075849245  0.89842128138569688
  0.90889307561333099  0.91901887537775606  0.92888876591187086  0.93906689761803419
  0.94882814389769332  0.95843021591467592  0.96687499688101064  0.97547712455763247
  0.98368039472682922  0.98972644978204183  0.99298203851672628  1.00000000000000000
 -0.02138683241582072  0.05804655670832207  0.10710238641275362  0.13040019411143094
  0.14112347380637436  0.15166926222405031  0.16214080399609146  0.17232101133657324
  0.18225900930049790  0.19223890076083958  0.20249416879270760  0.21296334848077772
  0.22277750114962114  0.23234897880535638  0.24215798928985344  0.25185568381618662
  0.26115192133866749  0.27051255913265659  0.28000313703297397  0.28993238239744923
  0.30017404610966575  0.31038373824618049  0.32054072674421813  0.33102130767528515
  0.34123757843921854  0.35084266571441031  0.36003798631687350  0.36960303351049850
  0.37938951158642076  0.38909206821399539  0.39862548913163370  0.40834979828974538
  0.41800703599915529  0.42767746853044591  0.43725774439889803  0.44667284488338532
  0.45619242424107270  0.46601180526424124  0.47590354199708373  0.48540042011029383
  0.49460702611514373  0.50362734959674571  0.51242789871784544  0.52118604177742467
  0.53007883971612479  0.53910428597073634  0.54844813384052604  0.55797254998839141
  0.56753506549408750  0.57703736086494639  0.58647363735554525  0.59594528151584336
  0.60530319834772306  0.61452675644460630  0.62379717566102211  0.63288060418642644
  0.64191262954888384  0.65084172766761939  0.65993701586154252  0.66911051536341859
  0.67842446106029575  0.68789640171428701  0.69759020567386498  0.70727143740703746
  0.71684782821856363  0.72627156295605833  0.73556645769397433  0.74472428406004909
  0.75369912479103229  0.76256613283394181  0.77155259499301210  0.78086060813100100
  0.79031462344584336  0.79979127623946300  0.80906646270108651  0.81817875719462740
  0.82719383303107530  0.83623149831062049  0.84548189244013072  0.85511756573296327
  0.86428607217265530  0.87322356390754041  0.88208516322769337  0.89104142194396796
  0.90006725362002993  0.90899130957306595  0.91784258409242514  0.92682915465260263
  0.93598707044770724  0.94493089674999597  0.95401114784078345  0.96327443161478055
  0.97257794715116797  0.98180075705666481  0.99091123275974968  1.00000000000000000
 -0.00258748829981572  0.00972800725803784  0.01982533455439749  0.03047611382589656
  0.04094295413776381  0.05201863104303492  0.06312257775299079  0.07428474011872174
  0.08536251150202909  0.09633020123205357  0.10708335956738373  0.11775580403696978
  0.12840471115721883  0.13919046202826599  0.14980420986920337  0.15989307108675430
  0.16963793762724058  0.17932948908029439  0.18950384599838868  0.20020709072487464
  0.21118939570642153  0.22218855266961854  0.23309911118018423  0.24369861317805153
  0.25395399484249570  0.26379932815668966  0.27356190069087244  0.28351307499143069
  0.29371524637035251  0.30402750635179021  0.31421219379986909  0.32436261115778214
  0.33482769306411198  0.34534991444409729  0.35610433315943313  0.36671645772229505
  0.37723836273655381  0.38769744001708145  0.39823121681502255  0.40888709674644835
  0.41953151492067159  0.43014814675318785  0.44072582617202066  0.45179334881291722
  0.46300824530859963  0.47380630534961204  0.48407880130625985  0.49408056573769371
  0.50423188149388409  0.51424557339342669  0.52432403795473292  0.53447693251140060
  0.54467340474609183  0.55512396146105702  0.56555979782156784  0.57575828068194879
  0.58608482896962311  0.59636753337441650  0.60673526812445255  0.61719482610819565
  0.62778441386086170  0.63901558597780872  0.65003536343121815  0.66075061996187456
  0.67156291771445520  0.68211584801015135  0.69266070616117448  0.70280853053584491
  0.71354548575580179  0.72468379509309666  0.73561388177552844  0.74623270184628088
  0.75687497925911795  0.76773805294169928  0.77834276366612121  0.78873891294824583
  0.79910547687046707  0.80972678698217726  0.81996505793241514  0.83023065849544253
  0.84047015775263001  0.85094839259690014  0.86156931352699517  0.87226488257276746
  0.88299686049074722  0.89356640355235062  0.90380529283689026  0.91397037024687189
  0.92428749336259386  0.93493779002749977  0.94570004729867319  0.95638885633636750
  0.96710832376019995  0.97789213299177957  0.98894463118487419  1.00000000000000000
 -0.00194547899688875  0.00654331908629899  0.01409665316800110  0.02175214740456230
  0.02964556382359045  0.03763865587405498  0.04576162123169741  0.05404873273520496
  0.06231533530890960  0.07050432143721304  0.07860086013013130  0.08668563595652880
  0.09490185850371632  0.10321437849489568  0.11159268860650146  0.11968091396643234
  0.12780537249055166  0.13595429360658168  0.14411697395295994  0.15215007529586938
  0.16008421396516520  0.16817879627534429  0.17628585727295212  0.18453688987330846
  0.19297290757645966  0.20179023237617402  0.21073187433598634  0.21956187323184090
  0.22811105897155645  0.23679755742337577  0.24554329293589483  0.25416333922805046
  0.26265435955608329  0.27122049023529698  0.28009939208096668  0.28916298962506576
  0.29817187920166471  0.30706934490709947  0.31602308095544679  0.32510186637886646
  0.33407381785289403  0.34271552840489239  0.35149669246775067  0.36045458839454303
  0.36977722504673549  0.37876770112547592  0.38761140202718525  0.39637299104933177
  0.40534555389978044  0.41455198819200867  0.42323702046265543  0.43229210277942809
  0.44159433063883485  0.45119069954274654  0.46040335470183730  0.46953782329309646
  0.47878951327784902  0.48815178619448518  0.49775465934429391  0.50769248824854130
  0.51776957085137310  0.52793414766240299  0.53802913458991741  0.54832963895755482
  0.55860328765742673  0.56904466146022581  0.57969370195157677  0.59052903203008156
  0.60116864133816850  0.61167315236079112  0.62224403806337014  0.63294948084559710
  0.64401542085759256  0.65543157287023535  0.66707745854518030  0.67891199217855414
  0.69070693874888922  0.70271350422483614  0.71442436103435547  0.72634954293655773
  0.73831631783525153  0.75035697116614475  0.76283334086465959  0.77593273125477302
  0.78994078844838933  0.80486038647493618  0.82064724638663167  0.83703126862604416
  0.85422244009958781  0.87161230689517855  0.88900573421191553  0.90744903828219126
  0.92845293878816104  0.95064317322467273  0.97402018064900286  1.00000000000000000
 -0.00246897349245840  0.00843971122344645  0.01825524058896298  0.02867620096523153
  0.03948724829048604  0.05069725863144485  0.06169238363362611  0.07268764270122997
  0.08365112252445821  0.09517411822371120  0.10652551426441521  0.11753860866739904
  0.12807339156007469  0.13846882922744999  0.14895508712007738  0.15939362102289903
  0.16981358264699445  0.18026535411201705  0.19070384752928810  0.20089842990426582
  0.21100322532650037  0.22133239743035596  0.23224588335081997  0.24339948585137389
  0.25440665838045395  0.26541364638830278  0.27630660555799619  0.28723148349562549
  0.29765508836694515  0.30789109540365445  0.31804395278801650  0.32841374290728564
  0.33871036086875927  0.34914192918659370  0.35943515138403315  0.36959025475101853
  0.37962368714222605  0.38993126942487599  0.40028446597990697  0.41079287203392040
  0.42109496917725020  0.43143773075943576  0.44157579184312612  0.45203734073444357
  0.46232919990500299  0.47262362779445538  0.48243899182455741  0.49251621367892567
  0.50291827876623973  0.51353955750440861  0.52459198778802474  0.53528471554485391
  0.54607884463633716  0.55659805916560312  0.56708263936459591  0.57738799986456124
  0.58756039303780216  0.59772322409936851  0.60813143160693262  0.61871837031793075
  0.62920420305898017  0.63965735241107757  0.65012182379700778  0.66076127508510052
  0.67135252214739927  0.68210522777183891  0.69248502165548420  0.70265043494668333
  0.71246740267134234  0.72227773124812622  0.73213042908066650  0.74201252774454018
  0.75232065029842377  0.76314162469235491  0.77414799976153359  0.78511556122219683
  0.79591034415062667  0.80680524400640985  0.81760062474089401  0.82847755781110810
  0.83914170709485814  0.85002109571965023  0.86075148999311746  0.87179497441671450
  0.88237450024419306  0.89280470105971643  0.90319156805550793  0.91340827747794318
  0.92393915771720958  0.93489224207092647  0.94575324986959719  0.95656320632640068
  0.96763541826561694  0.97883578397035087  0.98969528130233075  1.00000000000000000
 -0.01896666725200302  0.12918033855159863  0.18569912647269071  0.22470290929785902
  0.25533486625029816  0.28278569738320947  0.30693289903943249  0.32897034624851901
  0.34911147018370015  0.36701323690195214  0.38349856779221952  0.39917739914209638
  0.41383206880743745  0.42743754531459061  0.43999770540469429  0.45181243690731948
  0.46329785005813967  0.47483973043460870  0.48622421457446763  0.49706018226982468
  0.50745620320387397  0.51736296462111664  0.52688954324662962  0.53629005409850183
  0.54566913431752084  0.55497665001833374  0.56405941506127066  0.57267865191816003
  0.58107022865807822  0.58928222756263382  0.59733523653271547  0.60510215070909967
  0.61271311962658570  0.62033493727084021  0.62808953128523681  0.63590974847169013
  0.64354799170197174  0.65097319169320877  0.65798815116709775  0.66499966759028706
  0.67179641694266234  0.67857776641675560  0.68542158918231166  0.69219339872582941
  0.69885005316782467  0.70534776154592072  0.71175800908999043  0.71818340100688538
  0.72461903777835424  0.73097874588075284  0.73721646388208473  0.74340838373761686
  0.74959891961900171  0.75557934713563646  0.76144642970717380  0.76723872975331520
  0.77302747199605371  0.77884925285610007  0.78468242237832131  0.79061208836811980
  0.79658716700816568  0.80258240511294254  0.80853960175764572  0.81442760524074953
  0.82021300078133408  0.82589114331772617  0.83155345459815200  0.83718258927383982
  0.84279281883421975  0.84844646381375688  0.85403603967664166  0.85977240245692887
  0.86546287958540824  0.87106217348026127  0.87674440866216408  0.88250053360552261
  0.88827540431007657  0.89408442830588752  0.89994554449090380  0.90582647461462107
  0.91170217746803617  0.91743460786340669  0.92310882216344181  0.92881978354741512
  0.93456133997291524  0.94014871518461574  0.94575509358558152  0.95136970085674644
  0.95716610192009433  0.96316484855451701  0.96923532927348788  0.97535729827620388
  0.98148966117202707  0.98763701709156726  0.99383747426230706  1.00000000000000000
 -0.00256268745556446  0.00999519587730400  0.02014889852325515  0.03033464406360403
  0.04058958904329416  0.05102557519821848  0.06149626760267549  0.07176793033773013
  0.08239185643394087  0.09275444102624686  0.10323721436102339  0.11329543818230516
  0.12364022888813375  0.13445753315057032  0.14545043940106928  0.15714645406362926
  0.16830623178594789  0.17958682788508668  0.19046594608813691  0.20131756510000148
  0.21178197460071518  0.22218778134164299  0.23258829629653913  0.24328772471445181
  0.25456400728710288  0.26612330744651580  0.27744167434400446  0.28806604624181259
  0.29862930852845160  0.30928322255320007  0.31970648370797056  0.32983585006865518
  0.33978315317959779  0.34956163208098529  0.35958383684888406  0.36946278053038528
  0.37963669311891840  0.39030866837975331  0.40102143562259829  0.41215762579530385
  0.42332533668533689  0.43459209209805089  0.44581862845085890  0.45659797757276799
  0.46715851798716340  0.47752343289331872  0.48787541470497942  0.49828310077148208
  0.50836635001177932  0.51823669894139179  0.52789573809153345  0.53756701360379078
  0.54761895587920428  0.55772060306278082  0.56799089958165760  0.57844263414555352
  0.58907659153161296  0.59996704438396742  0.61080723171164819  0.62164818290556489
  0.63228010498863529  0.64275138529248932  0.65356798745307398  0.66402514919215982
  0.67438185464509781  0.68440302641360051  0.69508958398003473  0.70589753140831590
  0.71654628211999005  0.72713695609102413  0.73792461072356963  0.74862250722798585
  0.75908223985599188  0.76956235403251050  0.77992465573386771  0.79029741542664678
  0.80090184064478631  0.81180687196909573  0.82272932462332116  0.83355235548620765
  0.84425683972838639  0.85500490346454938  0.86522423194392739  0.87542663815884458
  0.88574699822145331  0.89625112503597604  0.90695587941546907  0.91737946046828356
  0.92766299206872005  0.93765915379176634  0.94813571363976401  0.95881401525982368
  0.96945884362590162  0.97984415267170433  0.99001121464746922  1.00000000000000000
   1.1562323017774756E-008  -1.0000000000000000     
 F F F F F F F F F F F F F F F F F F F F F F F F F F F F F F F F F F F F F F F F F F F F F F F F F F F F F F F F F F F F F F F F F F F F F F F F F F F F F F F F F F F F F F F F F F F F F F F F F F F F F F F F F F F F F F F F F F F F F F F F F F F F F F F F
  <DiscreteSampler_grid>
  grouped_processes
  1 # 1 for a reference and 2 for a running grid.
  10 # Attribute 'min_bin_probing_points' of the grid.
  1 # Attribute 'grid_mode' of the grid. 1=='default',2=='initialization'
  0.0000000000000000 # Attribute 'small_contrib_threshold' of the grid.
  0.5000000000000000 # Attribute 'damping_power' of the grid.
 # binID   n_entries weight   weight_sqr   abs_weight
    10   10   7.605376960971233E+001   2.151487676591532E+004   7.605376960971233E+001
  </DiscreteSampler_grid>
