  0.00276073117110753  0.01583983796114664  0.02933280576014325  0.04156588991879684
  0.05333291434128364  0.06478897007537913  0.07611392200611389  0.08708849026464056
  0.09802313653867049  0.10920291267029622  0.12061768979023446  0.13168710655960134
  0.14247368835965560  0.15321335984137166  0.16394929778636910  0.17462935448210584
  0.18545842372591009  0.19647714450348441  0.20752020038423058  0.21856838108347942
  0.22965661244953636  0.24082855518466811  0.25196397177815300  0.26293720654201835
  0.27362810038902347  0.28422552243308957  0.29490778179578792  0.30570741854993444
  0.31634246093674651  0.32677792303043374  0.33706841923686959  0.34731834628900288
  0.35767459437157573  0.36811299127886921  0.37854614316009233  0.38885237811893314
  0.39908285193501697  0.40930502275811609  0.41963061154369524  0.43024587214871657
  0.44105691076247072  0.45180036191736656  0.46236545835610487  0.47284494193058740
  0.48344793642321043  0.49419281472489285  0.50504015555073234  0.51585695468921622
  0.52642753873190617  0.53680992635530489  0.54727558073308336  0.55787284751009336
  0.56854231172174385  0.57925379357078832  0.58993549906328524  0.60064009526242368
  0.61134558772554115  0.62193591775611401  0.63231299714534439  0.64262226158637015
  0.65311175069233607  0.66365616253304138  0.67405248272525820  0.68423216555717459
  0.69429809055206437  0.70438208095517973  0.71456490413467444  0.72477933379714710
  0.73491007299968658  0.74504784260676371  0.75539072384851891  0.76617245655588262
  0.77738165819728577  0.78864688929463578  0.79964148211011565  0.81025380363401822
  0.82064653362350037  0.83084213324686740  0.84082521235625052  0.85084933832228493
  0.86095736883568397  0.87104313581461512  0.88088578001116524  0.89047340336595282
  0.90001805885364838  0.90958114770442300  0.91926478162211300  0.92904954180843169
  0.93879779363281357  0.94832781285522882  0.95755635165179442  0.96659568745920377
  0.97539071855228610  0.98368317729140042  0.99202132459404724  1.00000000000000000
  0.00256491462876805  0.01646208846966806  0.02913046816052500  0.04125392610018704
  0.05324611384968732  0.06532071293340974  0.07730830093084462  0.08897254200024234
  0.10042779525160395  0.11177570288324407  0.12287504168799585  0.13381486727279737
  0.14490541838739346  0.15601346750891085  0.16693168452085283  0.17773752409522547
  0.18846130007561671  0.19921547371136708  0.20980631419780399  0.22037290249885047
  0.23082188994727598  0.24124476920230511  0.25189790701537657  0.26273232262632529
  0.27366281463746672  0.28444598422060013  0.29512465388395642  0.30579041216599823
  0.31645094000028667  0.32702085619918070  0.33763107855237523  0.34819943734312070
  0.35864424885181900  0.36897897530227419  0.37935569588760742  0.38974045975233407
  0.40003522461349372  0.41039482575453345  0.42097924314143981  0.43154411709186724
  0.44193650732862594  0.45234249840708884  0.46284721997316708  0.47331053267584683
  0.48347502711542506  0.49358322759604112  0.50381778088086770  0.51434392570530596
  0.52517079402778355  0.53600398026284946  0.54658352154177159  0.55698147094009176
  0.56742387968758579  0.57811842077854436  0.58880476781896729  0.59946682015925701
  0.61021240415488032  0.62106761999748805  0.63187840528122985  0.64252403127810742
  0.65295924883973000  0.66327433137207825  0.67338072833648577  0.68330216703558677
  0.69318168240478306  0.70322176421088245  0.71347789713157206  0.72394952673773949
  0.73424857269178256  0.74446448796919484  0.75465572188637697  0.76501922638519448
  0.77544402394801482  0.78593678119826760  0.79654415678832602  0.80698402523526214
  0.81724749495148197  0.82740611201711123  0.83772091250444736  0.84805644959716719
  0.85837640229850409  0.86864456647211097  0.87898979155793810  0.88919885839258694
  0.89917812897655613  0.90889516567514905  0.91849400503005052  0.92800681637042859
  0.93749342030672989  0.94704341551384463  0.95660282592097301  0.96603408578012251
  0.97504760668395862  0.98344483412021366  0.99172885923204235  1.00000000000000000
 -0.01212166199655535  0.03910997281312464  0.08344120920283156  0.11615119590347156
  0.13463901602886894  0.14673825283818512  0.15873318696194397  0.17024613789601892
  0.18211678713968585  0.19382661267190479  0.20582377036017946  0.21775030312287399
  0.22935520541625495  0.24055758292837076  0.25140342443003227  0.26253321513004763
  0.27351417950842938  0.28441352794418345  0.29511215447497796  0.30564541647915927
  0.31599702704089327  0.32639181006712092  0.33695037540832873  0.34752921326831882
  0.35807202222973850  0.36851912319520025  0.37870834083036298  0.38901378877326936
  0.39952033237552215  0.41000142161705561  0.41992030903292615  0.42961097704449686
  0.43938139042023855  0.44908610501538548  0.45893809231655447  0.46908427248140933
  0.47936265850999077  0.48933263023158413  0.49885084302502886  0.50825060036876024
  0.51753400403581340  0.52689597709353242  0.53643022929156248  0.54596695792863303
  0.55555654215549943  0.56497739882423226  0.57474436310285548  0.58431123752881275
  0.59366871197872084  0.60280561231760932  0.61181660228874335  0.62079229180328765
  0.62951454758345970  0.63814924422406716  0.64672546121324648  0.65547861542526431
  0.66439578651569542  0.67325290099376689  0.68215696105984880  0.69113228630214685
  0.69997805519582612  0.70866782271948003  0.71726252971657511  0.72573010202581956
  0.73409869582878617  0.74256493941828561  0.75125466657999229  0.76007062786621193
  0.76898822606265760  0.77789544482399930  0.78691266946598970  0.79596292803010615
  0.80483057795367341  0.81351030481774744  0.82207414758383568  0.83048043819426209
  0.83882732375144231  0.84719618428350807  0.85547383827413126  0.86391977857788183
  0.87249638327714518  0.88102252249559332  0.88967364551522687  0.89841135925584137
  0.90696293762707358  0.91544109438656052  0.92407826054312181  0.93282491017764546
  0.94139047951520716  0.94973834891017916  0.95808014117077300  0.96650868137514878
  0.97500919268610264  0.98346614517532605  0.99180596966442913  1.00000000000000000
 -0.00237238238627727  0.00949466591531863  0.01946387397906937  0.03021139524900169
  0.04097301479226380  0.05167774540998660  0.06237631346668288  0.07326466040756648
  0.08409795515970644  0.09462413668848285  0.10513177466013067  0.11602803347633198
  0.12721238522084805  0.13821542469098150  0.14891765028498427  0.15945518479366164
  0.17006743560455914  0.18090708519139209  0.19149969102260148  0.20148662470348780
  0.21122576731500481  0.22124550120315151  0.23153509334813416  0.24207877181351797
  0.25274419611106441  0.26367748630243365  0.27472236416589646  0.28565163688592493
  0.29637665525160267  0.30669093622825783  0.31708910892486036  0.32766508341370015
  0.33820662246501793  0.34858513897805521  0.35889075472607446  0.36935114063987673
  0.37999629645435995  0.39085220755045275  0.40167437261331829  0.41235917865652932
  0.42276242318555562  0.43291612411932462  0.44293000878876287  0.45310108177370390
  0.46329108961053111  0.47347084945015144  0.48378396204585505  0.49430631425141225
  0.50510684600248157  0.51557199765633988  0.52599311176715335  0.53628325055871318
  0.54666511736782253  0.55714704876818688  0.56801296006198765  0.57911361806535078
  0.58995197910015684  0.60053357890575743  0.61085190804857725  0.62091987310290675
  0.63078406075600857  0.64063574798125900  0.65079749261783382  0.66104239053523217
  0.67136747227457572  0.68195110073181253  0.69248819444809284  0.70309444038022073
  0.71352141227200172  0.72386173722369607  0.73418025153145217  0.74467293504515386
  0.75520995485064868  0.76605468259966059  0.77672679086342034  0.78780125413581459
  0.79825111063599685  0.80869247716292447  0.81877085366188807  0.82907050604530852
  0.83932905133807101  0.84991785811128129  0.86068926778730470  0.87158863923279206
  0.88248067572419087  0.89308240644537717  0.90416825436902359  0.91486680630533357
  0.92577051866637883  0.93618601688371561  0.94666405734530956  0.95693888480172040
  0.96742857293293194  0.97806539563879913  0.98884312607995195  1.00000000000000000
 -0.00160820900785315  0.00633855607951168  0.01388846816257095  0.02149401948819896
  0.02910944150883841  0.03658170712653500  0.04393269473679144  0.05114567636345152
  0.05850512253212525  0.06605381177855479  0.07365544348920897  0.08123958055312835
  0.08881752950793914  0.09649901041428210  0.10426157408443160  0.11225539323939993
  0.12041240223544426  0.12860815573677400  0.13664560645659024  0.14452287737711944
  0.15242081245925945  0.16041877832613638  0.16861151392421742  0.17684114159707506
  0.18503698247461167  0.19316373809863738  0.20118467323726794  0.20916867610036083
  0.21718793050452936  0.22537484211738934  0.23370936629196587  0.24203055629106890
  0.25027665687453121  0.25851542389547971  0.26687856461982873  0.27523242622566985
  0.28352891505598216  0.29180710732671711  0.30034198419811925  0.30911663839980941
  0.31780278822230018  0.32619851950917783  0.33456322750299722  0.34292667203883326
  0.35134624056506469  0.35971741129890039  0.36802579800347912  0.37630541633079950
  0.38483954197312414  0.39365398266020568  0.40268460696709046  0.41203925907742794
  0.42143509432423804  0.43069200449663142  0.43970024139402275  0.44878713820558824
  0.45804913922226476  0.46774274579115077  0.47739002096895516  0.48690462690727337
  0.49631122660813648  0.50599390369717223  0.51558291994470895  0.52536651762287456
  0.53525525378009720  0.54564685587663608  0.55609644610116360  0.56635405748591183
  0.57674752849396094  0.58771402641341586  0.59911044265798696  0.61036445537985129
  0.62150202710822977  0.63294597591057833  0.64465180978176873  0.65667707830781064
  0.66900528965723849  0.68154424806900094  0.69420894404865319  0.70687679276278004
  0.71987749507135268  0.73310569893166455  0.74651696947932333  0.76034877714950866
  0.77455537451180512  0.78929779704886383  0.80459510780687393  0.82018640637224094
  0.83644600568316940  0.85378562460942664  0.87241933353106882  0.89284749854718570
  0.91487749808807362  0.93921414433636963  0.96751875637447937  1.00000000000000000
 -0.00225013478835799  0.00921857866963905  0.01923104960592525  0.02963932015247807
  0.04027928353910601  0.05050575271941325  0.06067335016778887  0.07059641071172089
  0.08053656687815054  0.09021524711283012  0.10007554863658279  0.11022166242298415
  0.12050751044126946  0.13066649271732517  0.14088602740922793  0.15135565510901064
  0.16195061542937506  0.17265162967625219  0.18323505962473766  0.19375036054653189
  0.20413394605217502  0.21453548244594042  0.22488100749173814  0.23534301255039139
  0.24581494035363269  0.25623374924702380  0.26653049386929922  0.27680941684517163
  0.28713150788362241  0.29758056642520286  0.30795651966186449  0.31832889435642386
  0.32893477836719304  0.33978870337079686  0.35077187866043857  0.36148107360850168
  0.37184774373020946  0.38195996771511009  0.39220533984699341  0.40266745287585065
  0.41323320060689273  0.42363695157892145  0.43415444621078458  0.44521916605631934
  0.45641390979108520  0.46737642946060975  0.47787697432563908  0.48835938141396484
  0.49879305874390240  0.50920859924263107  0.51976990369127629  0.53067169108627632
  0.54165871398753251  0.55251658804773818  0.56335946697190376  0.57419089863251394
  0.58499217609891807  0.59563763884239207  0.60619941470477634  0.61669492559627759
  0.62714367612172672  0.63773038197848553  0.64809583362603962  0.65813463705578534
  0.66805003950622055  0.67844257195478108  0.68901460150390514  0.69955365628681843
  0.71016330060740551  0.72120281265704067  0.73238183219193320  0.74312292826819559
  0.75371866151848144  0.76413769758689154  0.77460084367942073  0.78502841789942823
  0.79564657651564030  0.80647510920137233  0.81729095250781669  0.82781899247919921
  0.83859945471431374  0.84953612068717166  0.86065069543953610  0.87145045471274618
  0.88222164459355057  0.89304750428311297  0.90389179506845541  0.91469037369738682
  0.92529982887838724  0.93603102945664896  0.94658870338117607  0.95720655652071029
  0.96772035429085590  0.97830208496365356  0.98907408927363749  1.00000000000000000
 -0.02950541906624907  0.15589471065000401  0.21567034126500459  0.25521601736712590
  0.28677676535735763  0.31340290102956037  0.33560192021322305  0.35554549174330990
  0.37385867680924129  0.39114858482891673  0.40663331711510575  0.42103960388882450
  0.43484386644353212  0.44823693182957625  0.46101164968880631  0.47320215503158120
  0.48471829918719889  0.49565233395643954  0.50614151683137409  0.51632584489750477
  0.52637035180515623  0.53619836000908783  0.54575038390852504  0.55489935342267005
  0.56378687379645709  0.57250263861050876  0.58106702375202224  0.58948838748261012
  0.59777285467422503  0.60585070091675131  0.61374369577823162  0.62145558520609090
  0.62893059513528449  0.63624550535640356  0.64340305435306322  0.65032712196400377
  0.65703111075522136  0.66357102480568375  0.66996986136265524  0.67633479287063358
  0.68279187525457519  0.68931873508332897  0.69587361206339471  0.70235897262513125
  0.70872395267172095  0.71503031403793949  0.72128351348690212  0.72756619094809893
  0.73388446276792840  0.74008679294446456  0.74616883984415305  0.75204060520314386
  0.75779211905188204  0.76349959042438842  0.76908018125936783  0.77479206434372594
  0.78054758236311217  0.78626827620063222  0.79196386294237331  0.79761779327224513
  0.80323415768228412  0.80881940660778984  0.81433926885609631  0.81979264658584661
  0.82525156000455946  0.83076914099396038  0.83628546869212572  0.84173715699341778
  0.84711722327582939  0.85243054682919972  0.85771977336456806  0.86307363046114383
  0.86846782632359043  0.87398040645099206  0.87961973394995174  0.88538922826814925
  0.89112811971879102  0.89677124459910407  0.90237075899464769  0.90796544568170134
  0.91352097335502902  0.91914986650356412  0.92484739924346138  0.93053685608184511
  0.93621381223513156  0.94188413266566706  0.94753566985669424  0.95320574553094395
  0.95892287426803413  0.96462844941019454  0.97030099281481030  0.97602736327051010
  0.98193392687334635  0.98790369239364606  0.99397270003547300  1.00000000000000000
 -0.00255244787399533  0.00992762431782733  0.02043683786058570  0.03147636502628660
  0.04239738239203174  0.05346042133672343  0.06412529784785322  0.07439529489254880
  0.08455093338256149  0.09510646338069469  0.10612759832572549  0.11673177172525151
  0.12713593082913510  0.13754111536904520  0.14787244486678833  0.15809666358907723
  0.16830461348549969  0.17910669660420978  0.18983792403169900  0.20055635688600054
  0.21126798516775164  0.22198070778362039  0.23275792643556434  0.24327862308895509
  0.25384278251367415  0.26428891521946701  0.27485919972178657  0.28521211043833455
  0.29556640070015805  0.30581405411005685  0.31623584715689318  0.32661942561614976
  0.33694776773283097  0.34722471302815860  0.35746374925531005  0.36786411221306609
  0.37864810019180822  0.38953454608530724  0.39997285965900026  0.41018037015680242
  0.42026331286239282  0.43066168373853730  0.44082176940338486  0.45088993590026732
  0.46118537632725093  0.47170580328770978  0.48235813742806727  0.49292095661983693
  0.50340335373355805  0.51383785549925698  0.52394882917017616  0.53408886173411141
  0.54434938867637028  0.55489792268158211  0.56562751840713721  0.57613274820849225
  0.58668250754068085  0.59726234161612024  0.60801837956574989  0.61894364623023901
  0.62960552375815704  0.64012846051230698  0.65059081354792958  0.66126406609849464
  0.67200330074166736  0.68251981398197215  0.69287213797700653  0.70333442596830975
  0.71370684640690063  0.72411650723749499  0.73439941713510637  0.74479342502816059
  0.75522569219630897  0.76578670187159659  0.77651542888220826  0.78738630030510759
  0.79807270238133843  0.80904787981597814  0.81984941886258089  0.83035905405737098
  0.84082210608372943  0.85106469731301548  0.86144738025848444  0.87183243353042406
  0.88232108911737994  0.89292356646734372  0.90341561519509850  0.91415577346591659
  0.92470012455414397  0.93510719565830080  0.94587511761702014  0.95712026146559182
  0.96799848119849974  0.97881223539533790  0.98934181234115326  1.00000000000000000
   5.7373004803863121E-009  -1.0000000000000000     
 F F F F F F F F F F F F F F F F F F F F F F F F F F F F F F F F F F F F F F F F F F F F F F F F F F F F F F F F F F F F F F F F F F F F F F F F F F F F F F F F F F F F F F F F F F F F F F F F F F F F F F F F F F F F F F F F F F F F F F F F F F F F F F F F
  <DiscreteSampler_grid>
  grouped_processes
  1 # 1 for a reference and 2 for a running grid.
  10 # Attribute 'min_bin_probing_points' of the grid.
  1 # Attribute 'grid_mode' of the grid. 1=='default',2=='initialization'
  0.0000000000000000 # Attribute 'small_contrib_threshold' of the grid.
  0.5000000000000000 # Attribute 'damping_power' of the grid.
 # binID   n_entries weight   weight_sqr   abs_weight
    10   10   5.675860614176916E+001   2.221723378246210E+004   5.675860614176916E+001
  </DiscreteSampler_grid>
