  0.00233597713560876  0.01642448096242125  0.02999915171131166  0.04190851148028461
  0.05365824453924580  0.06516872358573393  0.07636625341753281  0.08749096331866012
  0.09877716498103706  0.10989227159229360  0.12076826920625766  0.13171091103189325
  0.14269433013904537  0.15366231031953367  0.16447179263078507  0.17523140702121229
  0.18603574614571677  0.19672851173130501  0.20752111720255398  0.21830651325007641
  0.22916870997162109  0.23991880832832990  0.25067380256638355  0.26136449201215833
  0.27191387599248851  0.28246766743213564  0.29303479743513206  0.30364506843496208
  0.31423220038461375  0.32477895708603582  0.33534266295076121  0.34589648682232071
  0.35638490280767104  0.36687259280961604  0.37730160291630210  0.38775324221539870
  0.39826762373367081  0.40880113940463836  0.41936636929936083  0.42990315889117203
  0.44040400357981990  0.45080296716210722  0.46120067431697287  0.47172144868026972
  0.48238261208513616  0.49306631468760287  0.50362338241356996  0.51407912852950810
  0.52444351080744189  0.53479167532342187  0.54517630097717418  0.55562680217977234
  0.56609902994902228  0.57659685120390258  0.58713120783296302  0.59766723794122567
  0.60811838065305501  0.61845827540542009  0.62876546494887531  0.63914665052674458
  0.64963262220570894  0.66013596259633833  0.67050262515542847  0.68071287100715672
  0.69089153656114499  0.70112083363306055  0.71132625373336567  0.72150235791633710
  0.73168649216745152  0.74198092652883829  0.75233217731958657  0.76268839455945148
  0.77304550341120681  0.78345600514496494  0.79394783236418598  0.80446116095528875
  0.81485817776882152  0.82507000782944395  0.83515592936298177  0.84521073198721441
  0.85522119823912546  0.86518222658780164  0.87514536075062788  0.88518615634712206
  0.89523017425912210  0.90513874798252303  0.91489837101164406  0.92455775020064090
  0.93418344241991158  0.94372031595940198  0.95317085102626065  0.96242844423233442
  0.97142761544512857  0.97979341176157819  0.98784842675534190  1.00000000000000000
  0.00243052804931444  0.01615200888735357  0.02977573001830536  0.04202443288895263
  0.05378440141731819  0.06530740480062958  0.07646793082638556  0.08756997970634336
  0.09842082909682477  0.10918866464814428  0.11995886136232420  0.13068146708524353
  0.14126021182486395  0.15200056720335958  0.16274285305678599  0.17334058279601927
  0.18380334455888714  0.19427829705797761  0.20490597881699252  0.21558519792802605
  0.22638118452688055  0.23718693998229470  0.24802921111378454  0.25884131791349019
  0.26964726190899163  0.28049338765608806  0.29128606289495856  0.30206826797484310
  0.31275492764008506  0.32342130624097443  0.33405072314789730  0.34470454696881669
  0.35535952196409087  0.36599296405166321  0.37665226659043338  0.38733034167986752
  0.39794884744645403  0.40847937054056338  0.41895821573794473  0.42941512668062665
  0.43985519177291221  0.45039891182902275  0.46099081451173846  0.47149669738594063
  0.48195724924602018  0.49238852562991858  0.50271200036694985  0.51293129487792188
  0.52325146952130330  0.53373895746765543  0.54424017389828716  0.55465239087454976
  0.56511728175949139  0.57569666501001449  0.58633806598030858  0.59687512386892494
  0.60729679796091440  0.61771635226383903  0.62811321306974899  0.63856815333124017
  0.64901135126577580  0.65940088034124478  0.66974411679381041  0.68005903144384283
  0.69047474141836285  0.70084977396923887  0.71116392574450138  0.72147592512511405
  0.73182405655769323  0.74223844205675737  0.75262065926052479  0.76298837485476356
  0.77325075512982422  0.78330140635887913  0.79331966213661409  0.80346075314766130
  0.81359618707027759  0.82372520029312468  0.83386696729512844  0.84409566272387382
  0.85435549869833949  0.86439871803857438  0.87441347535272618  0.88437709576569090
  0.89424594711395944  0.90409521056048348  0.91390807177247046  0.92365140196008932
  0.93321121623409897  0.94270335488099155  0.95210162924450381  0.96135846551908000
  0.97032957837703393  0.97868401161282026  0.98696857443404817  1.00000000000000000
  0.00566554325004027  0.00714894515545549  0.00843889653266378  0.00959439078853692
  0.01068520693556866  0.01177600830854558  0.01291041483168437  0.01409322504624452
  0.01530822764825565  0.01653075839503962  0.01775570469638733  0.01898894080097364
  0.02026965288393732  0.02158757838489626  0.02293004739289290  0.02429341010995120
  0.02555228160749481  0.02651646807938391  0.02753029125324262  0.02873611771444900
  0.03000576797882808  0.03128672518542903  0.03258902504916184  0.03392650398227245
  0.03530148008356052  0.03670235953637467  0.03813079548505135  0.03959141916464293
  0.04109571886500326  0.04264446054256354  0.04423632103856023  0.04587818336393644
  0.04758104625631192  0.04934275011269423  0.05116185967190784  0.05304842946539000
  0.05501250499397523  0.05703994270896346  0.05911234286240203  0.06123133676844624
  0.06341539707181824  0.06568201955755439  0.06803659919470351  0.07049932348370978
  0.07307580693904109  0.07574364436635767  0.07848469035134412  0.08131262382186087
  0.08424321868677667  0.08728931685115872  0.09047440729032719  0.09381395902030917
  0.09730492123533213  0.10092074976527433  0.10468591803342060  0.10861705971611428
  0.11272971203643431  0.11700974025053650  0.12144586603928496  0.12606920422401899
  0.13094286029497604  0.13609712637647126  0.14152185950832488  0.14710448598419962
  0.15285080030280476  0.15886999794285994  0.16526269622493550  0.17200869639973232
  0.17913023573182618  0.18669111086332049  0.19469502629254132  0.20312960105164168
  0.21202470033245829  0.22148455425457364  0.23155794426817569  0.24235762780290832
  0.25389247729837067  0.26610279938426878  0.27889117368032135  0.29259708594184997
  0.30756781371624392  0.32394772343069961  0.34156183919453209  0.36032106886018034
  0.38069592064955704  0.40321422557812686  0.42814515813070231  0.45589397531058334
  0.48706439532281165  0.52288994885756745  0.56512812723792127  0.61560354069493850
  0.68417812823679158  0.78498999121154756  0.85848187210164406  1.00000000000000000
 -0.00103827399281289  0.00401288086750236  0.00928867247508418  0.01446867504001054
  0.01973734948676605  0.02509967399135081  0.03051285584399164  0.03595706322344775
  0.04145512909579865  0.04701893459107945  0.05261301568717654  0.05821075791555285
  0.06377597180372226  0.06931397916363993  0.07486631545269624  0.08050097851158428
  0.08625002714402766  0.09208057367142315  0.09792813795370978  0.10377825946134396
  0.10965108259064804  0.11554223105510429  0.12146718242815102  0.12747529202207625
  0.13360296955293313  0.13982559362714986  0.14606293482039115  0.15228006446939946
  0.15850273524975481  0.16478159468365500  0.17116892113299656  0.17762848298254708
  0.18413709262840813  0.19069330974567247  0.19733517624161828  0.20410667504980678
  0.21095982568458649  0.21789764322354532  0.22489451512174025  0.23190492983759992
  0.23900186812118923  0.24622120861455987  0.25350984741773441  0.26078498324338373
  0.26800694007483983  0.27522307085823927  0.28252594426397065  0.28992181998722077
  0.29739659417406267  0.30495048981040518  0.31262590058088047  0.32071335900457953
  0.32885075866624675  0.33698550986872433  0.34524482201079904  0.35358000164491837
  0.36209633160377219  0.37069187320468089  0.37932359295731677  0.38804605880188064
  0.39686513172890869  0.40590595548367731  0.41510553093650560  0.42449727507766666
  0.43398786289779506  0.44359143178557264  0.45329959238469369  0.46323220335531412
  0.47337185581603697  0.48381862972467526  0.49447818314199071  0.50535984608879159
  0.51641548576973595  0.52768865815705435  0.53931620295195448  0.55133536336078104
  0.56373332131149445  0.57637601702522878  0.58946033125671315  0.60294697017654020
  0.61698037753701129  0.63143987116639511  0.64625654482899053  0.66158699013148459
  0.67759426815585633  0.69460853137893619  0.71277527758281867  0.73194489817519270
  0.75232742954279053  0.77417318730229678  0.79778593736868997  0.82392471173629156
  0.85356252705584046  0.88874751201513102  0.93434396518008678  1.00000000000000000
 -0.00230470100053789  0.00911105453212713  0.01924790616513090  0.02985770630391291
  0.04048138871439335  0.05097461453147190  0.06157991338450956  0.07214392868724186
  0.08261534884708022  0.09332364004922429  0.10414929981707713  0.11497239419604927
  0.12589035386187117  0.13643432875710348  0.14697586960179487  0.15744583252125469
  0.16804856339882937  0.17863716420417591  0.18919678125338196  0.19978925531740654
  0.21029621149137392  0.22093250089219330  0.23134291964186804  0.24165511538587139
  0.25199871449147004  0.26249044329907345  0.27302398970479325  0.28356266546922182
  0.29409825292693587  0.30483679469156855  0.31544265422932882  0.32594745126150065
  0.33647423186364050  0.34699416667625932  0.35761433017257999  0.36817586590287799
  0.37875528792265079  0.38916212266562356  0.39947532205325120  0.40991389094690456
  0.42037337014835174  0.43110312577067289  0.44168728228238507  0.45219738429743045
  0.46264838305369449  0.47305632525654934  0.48346687424325541  0.49401363672374826
  0.50441206775190639  0.51507960525722962  0.52542225522334507  0.53584051114731235
  0.54608542407481508  0.55614011386903173  0.56646270706941748  0.57678104717114820
  0.58695403760530873  0.59745407027626607  0.60804368967144895  0.61884842891419023
  0.62950736173871202  0.63999385104920625  0.65040255454708373  0.66091333299958643
  0.67156320146147896  0.68225877556022230  0.69282649882796010  0.70327935370416805
  0.71387559236522669  0.72435048418499826  0.73487796341608080  0.74555287097086309
  0.75614569779777019  0.76690671252818232  0.77765778659332441  0.78843488583555665
  0.79899988986678760  0.80949015194066187  0.82000972543617323  0.83048481022915333
  0.84091964058171131  0.85149243265283614  0.86212532215119808  0.87290762870105199
  0.88341021387782159  0.89392944938075636  0.90435750478079302  0.91493841324687286
  0.92561375411098545  0.93618300788144770  0.94688156501274567  0.95739122455200776
  0.96808471492211479  0.97853367882479036  0.98932353776696436  1.00000000000000000
 -0.01431274571373118  0.06427698278261612  0.10971973828313722  0.14480099402174762
  0.17455388755724524  0.20050270716726268  0.22377665677314976  0.24519970996654308
  0.26509771542798349  0.28391140176671287  0.30198202377447525  0.31908908127006957
  0.33521087819793177  0.35061322936740558  0.36543968545183486  0.37977602147808970
  0.39391513396813027  0.40753168254604888  0.42067457504368461  0.43330155509711266
  0.44558624409558223  0.45756880507933878  0.46924433493902412  0.48070702346380223
  0.49185177796757645  0.50277529583265246  0.51354154933299556  0.52416080562392731
  0.53446372016494459  0.54439325984210585  0.55412320441589613  0.56384241680377545
  0.57354580161764668  0.58307817566004350  0.59239004968860365  0.60155595661841754
  0.61053673049370361  0.61928043922054521  0.62787655369595130  0.63630810820615358
  0.64475690585486123  0.65319017433964999  0.66156463227593054  0.66986713801578956
  0.67798687392336188  0.68598545420438839  0.69384669070181426  0.70156587320479236
  0.70920249582854866  0.71665404805288269  0.72404123471651372  0.73138239599888311
  0.73869628678557753  0.74599909596685576  0.75316708269692523  0.76019708621359339
  0.76715734760940468  0.77406326540537718  0.78086546520483890  0.78760590635924344
  0.79431349651526728  0.80099190552060484  0.80765785886336472  0.81431138648269186
  0.82093082020385189  0.82747089049013434  0.83391718672929827  0.84024964790255863
  0.84651160971718020  0.85270808911779061  0.85881537944864605  0.86485327199629169
  0.87085043532514650  0.87682092442013460  0.88277960150877899  0.88870079118353984
  0.89455923667554660  0.90036707591115539  0.90613165828884390  0.91184454027642725
  0.91751565585839789  0.92319547895946030  0.92888476978284751  0.93457853690968729
  0.94025532620244667  0.94590460971302026  0.95151585801757232  0.95706350906147042
  0.96256551406675728  0.96805074602611552  0.97349464064491287  0.97888669539103990
  0.98420910011114293  0.98949806323542167  0.99471131595537854  1.00000000000000000
 -0.00230538770324807  0.00928182730277171  0.01888648667888697  0.02949846733761539
  0.03985785916722436  0.05025463211430119  0.06082032444333281  0.07137209208005561
  0.08199561352110869  0.09244233346140880  0.10284254645782150  0.11361394377248225
  0.12441139054443853  0.13507649222578552  0.14570222345821127  0.15629013552258109
  0.16694819542937780  0.17758715317936996  0.18837183780250713  0.19910847067230519
  0.20960211248820776  0.22000782623963677  0.23054860185161283  0.24129263834822565
  0.25204627208572356  0.26264079999284962  0.27325117842610125  0.28376847566821162
  0.29447950261241918  0.30497480828393470  0.31545010158211167  0.32594035760012208
  0.33643136353626246  0.34699786622266432  0.35750935924530253  0.36814894443155910
  0.37876337296178092  0.38930163898688469  0.39974511526918027  0.41019534001246927
  0.42075761710656234  0.43147237195920785  0.44214751754732962  0.45262354343804251
  0.46324062515005160  0.47370985276813937  0.48439309710492984  0.49497671064358212
  0.50554378397101463  0.51612827829364905  0.52675255899862516  0.53743739844018390
  0.54798576373916663  0.55859815723555983  0.56909492602738043  0.57968250883442818
  0.59004139122133570  0.60065565976459345  0.61103278938560224  0.62137136821601424
  0.63175995207459035  0.64239178858728174  0.65306334173839398  0.66383700006226587
  0.67420534878792071  0.68454244958072596  0.69490913344279848  0.70516374097624401
  0.71550739005026487  0.72584551398129626  0.73638236937159962  0.74715007076086415
  0.75785756866359488  0.76856142496986712  0.77902617678490216  0.78953338157179564
  0.79980143595342124  0.81016166520760002  0.82072825637349323  0.83123270550285389
  0.84193589367457988  0.85222507871503372  0.86284998477405062  0.87342017406497274
  0.88415733242375361  0.89491664067440302  0.90543055173838494  0.91589871384894661
  0.92616614806252262  0.93660177004769740  0.94717869239665931  0.95798228387706164
  0.96850827350001567  0.97896801108754550  0.98945556732996220  1.00000000000000000
 -0.00237683642711509  0.00940818996435820  0.01919606812207473  0.02956602707595976
  0.03984050888053762  0.05040963806634451  0.06119899277301356  0.07192426245618762
  0.08266408524615866  0.09298769026588449  0.10341700770161559  0.11394936202426752
  0.12438054705873373  0.13470964761994930  0.14502979206485817  0.15553986489970600
  0.16605207036552108  0.17650853057287283  0.18700802790635507  0.19766341699850498
  0.20831120197087846  0.21890980981236857  0.22941444388016841  0.23980493448724866
  0.25018765533524739  0.26062524701614581  0.27125297588441843  0.28202870126860213
  0.29282656254037925  0.30355577681863044  0.31423279200906529  0.32491168175008889
  0.33551560701853661  0.34609792178022020  0.35659396924165793  0.36713042235401522
  0.37769170168663496  0.38823125997725355  0.39875908502899371  0.40926839039362661
  0.41974454232682173  0.43027345494148062  0.44072716265412748  0.45120489268050923
  0.46164877671585736  0.47220679081638717  0.48278527224727613  0.49345409831519893
  0.50384241398243756  0.51413826807814333  0.52451782881049913  0.53505884602518727
  0.54556498768580408  0.55597668190347782  0.56650085590924537  0.57711983007450529
  0.58775937294100977  0.59833562131957663  0.60889727272281546  0.61953527980336887
  0.63027808163888588  0.64099174633390688  0.65143571201050343  0.66176110307382363
  0.67224730923263964  0.68294549810597349  0.69359312762236713  0.70419436665400281
  0.71475170648497133  0.72544994203006796  0.73587424542625302  0.74640352070123506
  0.75676325872028571  0.76731834156306533  0.77784594868557921  0.78861480187431954
  0.79946089015817201  0.81003893880757238  0.82037533904020310  0.83084872945978661
  0.84140450513882259  0.85210042192733293  0.86274409575075561  0.87357230111077111
  0.88418413509924665  0.89485400441014940  0.90533536740428600  0.91599985458775846
  0.92661949428898660  0.93712177268633590  0.94788476927241028  0.95839944785930331
  0.96885434395450909  0.97920311762926537  0.98958813194231798  1.00000000000000000
   6.6619343123044687E-008  -1.0000000000000000     
 F F F F F F F F F F F F F F F F F F F F F F F F F F F F F F F F F F F F F F F F F F F F F F F F F F F F F F F F F F F F F F F F F F F F F F F F F F F F F F F F F F F F F F F F F F F F F F F F F F F F F F F F F F F F F F F F F F F F F F F F F F F F F F F F
  <DiscreteSampler_grid>
  grouped_processes
  1 # 1 for a reference and 2 for a running grid.
  10 # Attribute 'min_bin_probing_points' of the grid.
  1 # Attribute 'grid_mode' of the grid. 1=='default',2=='initialization'
  0.0000000000000000 # Attribute 'small_contrib_threshold' of the grid.
  0.5000000000000000 # Attribute 'damping_power' of the grid.
 # binID   n_entries weight   weight_sqr   abs_weight
    10   10   4.888743193290000E+003   5.117797340675623E+007   4.888743193290000E+003
  </DiscreteSampler_grid>
