  0.00226674868978127  0.01679889104710309  0.03048245478407696  0.04256562359165467
  0.05417644374047651  0.06559357357129801  0.07694050435532171  0.08829437842165937
  0.09969545663588476  0.11100559685124865  0.12225779286600394  0.13343166206210388
  0.14458019689213944  0.15571973332479047  0.16677015549147808  0.17765575276378670
  0.18841968276283635  0.19918783696235412  0.20998669707633447  0.22077733406327962
  0.23162038163206972  0.24255241276526271  0.25349351735131809  0.26442627233709887
  0.27533254504362770  0.28619697057308885  0.29703480797265808  0.30763570787368055
  0.31814388078662192  0.32853573289781218  0.33902839286180952  0.34956460249021587
  0.36013848176839863  0.37063911323103993  0.38116355645385541  0.39175230824368834
  0.40243332463638271  0.41300876132076958  0.42361674595942267  0.43417305445193216
  0.44464480051553434  0.45496051602934690  0.46536951349583139  0.47578709900395050
  0.48615957424000211  0.49655267193259983  0.50712362266068978  0.51778293425356270
  0.52830665604187454  0.53874972864448323  0.54926119394334483  0.55989636881099047
  0.57050516943982643  0.58105881227754008  0.59161512590591359  0.60217840039452075
  0.61275810554211163  0.62327195303423610  0.63371442286177460  0.64403993275554838
  0.65434610528002690  0.66476425695128083  0.67538886592907277  0.68609544448172288
  0.69669821291592360  0.70726011491319718  0.71784720140954850  0.72852082221935055
  0.73909178412737153  0.74952934921391579  0.75977576568742511  0.77000615632293223
  0.78019633704851199  0.79047769969899540  0.80075307359064918  0.81106429031324045
  0.82132860524739704  0.83163431956477574  0.84186196100724786  0.85205774356972319
  0.86218662698880233  0.87237101588190469  0.88256072178981315  0.89275951593468283
  0.90281548944725043  0.91284680281473329  0.92280496537075807  0.93260645326713820
  0.94231235446526440  0.95179111949948070  0.96108057579814410  0.97008169180798365
  0.97858963651879516  0.98651651815889096  0.99344652956284518  1.00000000000000000
  0.00223024441922205  0.01695348490563745  0.03089260588872235  0.04295119908802170
  0.05452992968605593  0.06601462723622127  0.07731028260103294  0.08853292131461390
  0.09964016578154902  0.11048316764168270  0.12100161456253319  0.13181759911694629
  0.14279656130703705  0.15370032002428466  0.16441098988150452  0.17523723423688928
  0.18619772268051565  0.19698738204102420  0.20781649677877720  0.21864820231979581
  0.22951603368089435  0.24017908715324710  0.25084324658912643  0.26155346388932860
  0.27227405737435356  0.28296242711869363  0.29356934148737374  0.30426948495290929
  0.31486952030085130  0.32504593892564038  0.33536513356649611  0.34575020298920012
  0.35613649385159313  0.36645261242760296  0.37685188106609807  0.38743422111190756
  0.39802396626349124  0.40852754976325489  0.41909526179380668  0.42969050878416193
  0.44030757174338103  0.45091259667639594  0.46146871726515171  0.47191904436930471
  0.48237348979121686  0.49280894915624324  0.50318184692307988  0.51349695695905329
  0.52389078803191180  0.53439879966293813  0.54491841347475212  0.55539638268616187
  0.56590094922462342  0.57640194717398641  0.58691014434662003  0.59740580842526259
  0.60792182339864220  0.61844469705500371  0.62901197679596677  0.63959531683523019
  0.65015777446506939  0.66061643806854797  0.67100959406309868  0.68139122418388509
  0.69176140560100086  0.70210077508516167  0.71251035801202389  0.72303142038066015
  0.73356640302408738  0.74404061054729931  0.75446045954703778  0.76490366063304993
  0.77535261465061855  0.78573865586354474  0.79602285890373448  0.80620115457335040
  0.81633760515061082  0.82643896299404196  0.83648968296859227  0.84642385849829183
  0.85633371595835672  0.86625860167996194  0.87618857108323345  0.88603898227577160
  0.89585488386523238  0.90570741160512380  0.91557643165160629  0.92533450704286990
  0.93505038177389532  0.94479612204579988  0.95424007145848766  0.96333361287671759
  0.97196642344778017  0.98008047035152357  0.98835028439453976  1.00000000000000000
  0.00952885680583646  0.01133327699659580  0.01249518135483495  0.01360325599220336
  0.01473010174514270  0.01587192435994005  0.01702242809824552  0.01818151750201637
  0.01934720271984833  0.02052657423849756  0.02172958685355057  0.02303422750180827
  0.02428873562843798  0.02538059440508499  0.02638627424834696  0.02741427841547777
  0.02855535692614531  0.02977905131937110  0.03101303749611550  0.03225710845122992
  0.03352657527158236  0.03482521616727838  0.03615452925056933  0.03751957445898996
  0.03891612701320165  0.04034670725681913  0.04181564059312673  0.04332703752425592
  0.04488834901596007  0.04651390640581112  0.04818864264161799  0.04990470081008779
  0.05166123370980664  0.05348406208323615  0.05537682027531203  0.05732900595906450
  0.05934402779487333  0.06143217126587315  0.06359155919010011  0.06580876325406862
  0.06809379833450203  0.07047329437063576  0.07293574635806040  0.07548038371704990
  0.07813227283892593  0.08090332530046779  0.08377374393690246  0.08672949015914096
  0.08978664911169008  0.09298415616469896  0.09632894586867354  0.09979660340888885
  0.10337175114289815  0.10707472801311245  0.11093720203394269  0.11497444548496238
  0.11917942024468053  0.12355372672590151  0.12812886081239871  0.13290841125124281
  0.13791509434843416  0.14317408630748923  0.14869770011847358  0.15449846149954086
  0.16061935687377382  0.16707561542999949  0.17381954313828268  0.18080797604343860
  0.18810091245256805  0.19580259837542474  0.20396730342291081  0.21259183834639037
  0.22171443462372029  0.23139534041279586  0.24166964972059557  0.25249416665583829
  0.26391479770181242  0.27607043743550097  0.28909373299095825  0.30303941822969999
  0.31791407507232816  0.33387176428901810  0.35111686471423764  0.36985584321183135
  0.39035784048398164  0.41271794257711003  0.43755697859455334  0.46517674423858452
  0.49610188474057110  0.53151154710140036  0.57324309008342755  0.62418331208729982
  0.69435571297433818  0.79800926410895623  0.85420081897295252  1.00000000000000000
 -0.00103924796869396  0.00398423577971177  0.00924738447195902  0.01451455257830113
  0.01988765647464270  0.02532272483073821  0.03075843260028900  0.03618642963813663
  0.04163648132001986  0.04712265724687725  0.05264308129428338  0.05821120848673286
  0.06383551204994342  0.06952260044183124  0.07526682976519682  0.08103915217860590
  0.08684311330046350  0.09267596369909256  0.09855562642061058  0.10447345510294846
  0.11042321726971203  0.11640032888725491  0.12239238641091196  0.12843207908969653
  0.13453552882615041  0.14070353416021211  0.14694781065609183  0.15322411517406107
  0.15949683068443715  0.16579361932495254  0.17216343725913227  0.17865512917328841
  0.18520319242505492  0.19174829601580501  0.19833642300029009  0.20498723028175697
  0.21173335324796549  0.21855897194485366  0.22537674209618991  0.23221830962059939
  0.23916969463967394  0.24624872241343918  0.25349648252836915  0.26080424444599559
  0.26807992359314675  0.27543053760006453  0.28294227545440331  0.29057570806628497
  0.29828178101479941  0.30603450409924504  0.31383779900690556  0.32177077011804411
  0.32985828838298725  0.33797185571961469  0.34613217886956671  0.35438875895682109
  0.36285975363054146  0.37136297226210047  0.38004468045484652  0.38872453510648630
  0.39773644298812721  0.40707952510136863  0.41645502541754092  0.42589498223819588
  0.43536829356588053  0.44499622149345108  0.45487336054351057  0.46497473009058221
  0.47524528524906773  0.48567790549113582  0.49627325061743743  0.50718690282813628
  0.51819073667707349  0.52951398933379912  0.54126583037608489  0.55343748844551355
  0.56593686562104617  0.57864989651841769  0.59176410479605479  0.60519429218820708
  0.61893961303905098  0.63315798339623608  0.64789794820208013  0.66302403715395664
  0.67895387559042775  0.69571934219319354  0.71337432130723444  0.73210921203849999
  0.75205602667743998  0.77364035366269834  0.79728426603828184  0.82341361712504091
  0.85275350891308477  0.88722616637386176  0.93313300994078430  1.00000000000000000
 -0.00219967913660722  0.00879069311414392  0.01875473678277695  0.02942742881241669
  0.04023395665097470  0.05073717319960484  0.06127326042752630  0.07168401231558605
  0.08224890537967425  0.09267943618795846  0.10320285453740023  0.11355641539940831
  0.12400507596454638  0.13453351627303514  0.14503431215829676  0.15541966652092712
  0.16599064653526910  0.17646792258733909  0.18703939788199656  0.19755521433860154
  0.20822049037171972  0.21871495733492982  0.22915509930091726  0.23954962787674591
  0.25013128637543508  0.26075750279714988  0.27164209999806888  0.28191571167326945
  0.29243432709061157  0.30273435748160232  0.31317900507498980  0.32357266847299582
  0.33405212536459317  0.34477065806355883  0.35547365410287191  0.36610823933956538
  0.37673934598698255  0.38723935411322347  0.39790806392417866  0.40827956278780175
  0.41881307125960898  0.42940203216082606  0.43989115643561016  0.45051534941723176
  0.46098603219802953  0.47152019022013808  0.48206188583060616  0.49262117571748387
  0.50320582448400752  0.51367988355231942  0.52411393508100845  0.53452721827179894
  0.54503232771180543  0.55553338969384036  0.56628091112799106  0.57673520935820266
  0.58720363756526672  0.59750925272586530  0.60778165761861891  0.61813480939854948
  0.62862217580999091  0.63921140605061422  0.64977668043151071  0.66028540847259176
  0.67087259344664185  0.68150990863144234  0.69219783504533416  0.70300559111230221
  0.71379899956270354  0.72442880523333908  0.73489853239693026  0.74542043588086959
  0.75605439488491566  0.76668596195939565  0.77740168256859865  0.78803311299213119
  0.79857802477636208  0.80917582569567281  0.81964492418002044  0.83037767627428682
  0.84087658845441993  0.85161362708824928  0.86212917530210376  0.87280089197480459
  0.88343326005750422  0.89405572534174382  0.90455583062576150  0.91507725203573265
  0.92557305225937603  0.93613449145415129  0.94682464370273622  0.95750403983089594
  0.96842369218207192  0.97888238065161659  0.98957466800493099  1.00000000000000000
 -0.01416967544450786  0.06335624137903373  0.10919842850837423  0.14434813760832474
  0.17401453422303731  0.20023734450577269  0.22391387427613468  0.24579349233114203
  0.26625283269367966  0.28534590898244250  0.30327649141262542  0.32025821537813248
  0.33636889338186465  0.35180387374832722  0.36669777182866359  0.38108780434831796
  0.39504563644654794  0.40851488729712593  0.42157000217275159  0.43419154729288129
  0.44657058154199963  0.45864657839111694  0.47033709631812443  0.48169893579244061
  0.49266826845738332  0.50344678962197087  0.51396686094843902  0.52438346927552226
  0.53462302336573553  0.54470313643185309  0.55461272090012304  0.56426317284078464
  0.57368935609148075  0.58303612368742586  0.59233700932707734  0.60150132861660277
  0.61046190080788909  0.61925747563816158  0.62799017851755023  0.63657478314644111
  0.64494415797747151  0.65313194268610852  0.66119785052627178  0.66918773470434056
  0.67713879616453254  0.68503837528856715  0.69289517064336636  0.70067686966296638
  0.70834283247920016  0.71591538882035288  0.72349062963833377  0.73090184678372883
  0.73806584683137644  0.74521516289970002  0.75226004575831196  0.75927124732155105
  0.76614362627781096  0.77293610878220198  0.77964552403737197  0.78631658945037675
  0.79298394989843535  0.79966199201874100  0.80632340295345306  0.81293488251866830
  0.81948173542153824  0.82594892518433027  0.83228925458395320  0.83854682262483438
  0.84476294380799233  0.85096970698046248  0.85715397747098176  0.86332472137849969
  0.86951105528666195  0.87565445685934007  0.88172332437875944  0.88773172367055131
  0.89367535559840061  0.89955481861899822  0.90537756152137572  0.91116375178873610
  0.91694823120478264  0.92274302513633522  0.92851277303449642  0.93421806884374359
  0.93986598893261375  0.94548375420758946  0.95109476661925452  0.95668759144469961
  0.96224211053284947  0.96775929492555912  0.97322586284661583  0.97867462144162642
  0.98407928292633962  0.98944440337204154  0.99473476121100013  1.00000000000000000
 -0.00231583757225074  0.00921551779111661  0.01877643521066111  0.02948232661734562
  0.03983626590491555  0.05029507618856051  0.06072887784236683  0.07125077678616545
  0.08189752757063958  0.09254109469084525  0.10311946548996377  0.11379466083014557
  0.12429821188808234  0.13502009611124569  0.14570602919535922  0.15648292127084934
  0.16724617886599966  0.17781695087919833  0.18845702719200480  0.19890999998176612
  0.20943980652709795  0.21988489716973106  0.23020928798167944  0.24072749988905004
  0.25117938974293097  0.26201555250269309  0.27261847184143972  0.28326540972203257
  0.29387452547517112  0.30451893828997773  0.31511366597807750  0.32564386240418675
  0.33613248965338760  0.34654746043396745  0.35702297626143886  0.36760958015220196
  0.37827759221340734  0.38889290296624546  0.39942946634181886  0.40987787094047046
  0.42038191402442382  0.43083600254539189  0.44133076685793837  0.45191652751727840
  0.46244486583841754  0.47301113481209883  0.48359673835444850  0.49428478466505182
  0.50498122993010508  0.51563941474743158  0.52625926663211575  0.53690506017530293
  0.54756379597736438  0.55828022288015799  0.56889947978902511  0.57942477317811869
  0.59000291977578700  0.60052895184464150  0.61094019273587441  0.62131221693709060
  0.63173376284431659  0.64244099234435459  0.65277792277726943  0.66335068531044639
  0.67363010247187605  0.68416270104221721  0.69426737287761042  0.70459317541256394
  0.71504121363763351  0.72556150865309299  0.73592187240187523  0.74637070941968564
  0.75690821631840099  0.76779050404524274  0.77849080549679450  0.78933060736138172
  0.80006955042676364  0.81068742579973341  0.82125774280971564  0.83188767171583944
  0.84260862848682327  0.85327210302950407  0.86368377506949057  0.87416250553972619
  0.88457602300026938  0.89525652446368575  0.90602551978477819  0.91677861824354534
  0.92730423080581204  0.93781744560841906  0.94810403060853299  0.95866542802435861
  0.96910933893538409  0.97965525614198701  0.98981362795499350  1.00000000000000000
 -0.00226500384196893  0.00899113803299848  0.01896757529869812  0.02962995795579646
  0.04006886484521834  0.05062697067227219  0.06130716547630804  0.07171731006993629
  0.08215188009466463  0.09258673727743437  0.10305947574368825  0.11359599009627541
  0.12382348451023314  0.13458154683013293  0.14526543925671204  0.15545080748214835
  0.16562938951990855  0.17617156203730000  0.18675551977150023  0.19735011686293544
  0.20780796241356286  0.21840359316478516  0.22910123450420178  0.23980615136372699
  0.25061311110444812  0.26141454602422021  0.27208428704428356  0.28250310464468165
  0.29291969659401351  0.30332715058701165  0.31390933885426242  0.32442638758043751
  0.33498240187251993  0.34576149205306728  0.35638844178738244  0.36702667840273540
  0.37746400124770535  0.38815173932462022  0.39877506210598096  0.40933768297277584
  0.41994582485109255  0.43042905150552968  0.44106588078950132  0.45161195458815184
  0.46238162827568702  0.47311470635116459  0.48366588417877260  0.49408118688779146
  0.50467924809955844  0.51542518919188096  0.52605704105517603  0.53653381079990869
  0.54710725470611288  0.55783959703442754  0.56843994906324269  0.57908963607077701
  0.58973008855519438  0.60040418276360086  0.61103115022105026  0.62151325474484298
  0.63193098022542160  0.64230618419631025  0.65274187324461896  0.66315663395592861
  0.67375710334915495  0.68445412303569320  0.69518833101794286  0.70589663267715697
  0.71665561532392164  0.72741699434589813  0.73806200898495200  0.74857029816059018
  0.75902496679456677  0.76947909335592124  0.77989985808294426  0.79030535546354252
  0.80057299852925834  0.81085566286388711  0.82124732603015826  0.83162998534719434
  0.84203579802698303  0.85255353521366206  0.86311338098719181  0.87375694016646011
  0.88441444791450496  0.89505522857902486  0.90548721974084778  0.91587743244227071
  0.92635227303043466  0.93666760727513587  0.94713217688446150  0.95736032255010217
  0.96829593845396744  0.97895696807623755  0.98954341960722880  1.00000000000000000
   6.6808497355361134E-008  -1.0000000000000000     
 F F F F F F F F F F F F F F F F F F F F F F F F F F F F F F F F F F F F F F F F F F F F F F F F F F F F F F F F F F F F F F F F F F F F F F F F F F F F F F F F F F F F F F F F F F F F F F F F F F F F F F F F F F F F F F F F F F F F F F F F F F F F F F F F
  <DiscreteSampler_grid>
  grouped_processes
  1 # 1 for a reference and 2 for a running grid.
  10 # Attribute 'min_bin_probing_points' of the grid.
  1 # Attribute 'grid_mode' of the grid. 1=='default',2=='initialization'
  0.0000000000000000 # Attribute 'small_contrib_threshold' of the grid.
  0.5000000000000000 # Attribute 'damping_power' of the grid.
 # binID   n_entries weight   weight_sqr   abs_weight
    10   10   3.197200742526770E+003   2.037278829566074E+007   3.197200742526770E+003
  </DiscreteSampler_grid>
