  0.00235547195900083  0.01575823368360681  0.02883334527781222  0.04097506908222855
  0.05258575987121490  0.06398901286973625  0.07549207157536196  0.08710925384079650
  0.09858936856195515  0.10980999565422839  0.12081745615045572  0.13166735924853373
  0.14247079488705250  0.15321597019566677  0.16404455364239912  0.17502814313835041
  0.18607461963096150  0.19709413702609827  0.20806236225472785  0.21907611096764745
  0.22998849384126530  0.24080590970669780  0.25152188390622082  0.26228074361930176
  0.27299145483992926  0.28369262229223952  0.29440933974704026  0.30526873908151386
  0.31616108073715832  0.32709812168242858  0.33786229667988543  0.34856317903598572
  0.35924817830982730  0.36997382785031685  0.38068474645624373  0.39141982137022269
  0.40210882556810063  0.41283016804059347  0.42353169283315767  0.43422143731607132
  0.44497171787998924  0.45561016749939609  0.46622297476406521  0.47684366573110820
  0.48756948930757188  0.49832305420133804  0.50902557165950291  0.51972203441595222
  0.53048102623332705  0.54114895139123265  0.55173443312278148  0.56223770060863010
  0.57269445727440427  0.58319322270283613  0.59381095540914430  0.60431375051159297
  0.61408203863197475  0.62398433228417771  0.63371869590441154  0.64436859746656472
  0.65509178661938683  0.66583904962992257  0.67656838359870386  0.68718523322516933
  0.69766049222333626  0.70804796270379655  0.71851935120223986  0.72904576230234452
  0.73945288717110225  0.74973722363470674  0.76011296926689564  0.77055805154862866
  0.78075316403350792  0.79079501818711129  0.80082051423427925  0.81100084034925135
  0.82111878094021640  0.83109248920647794  0.84117149310092554  0.85117958709332253
  0.86105850361109948  0.87102728471532964  0.88108951630309340  0.89135619505455721
  0.90146513649575133  0.91145101043723276  0.92134786526099233  0.93114187411655891
  0.94075353032180886  0.95014679784718670  0.95931392361862744  0.96834510960050313
  0.97715292859570035  0.98539266465412345  0.99349991195909071  1.00000000000000000
  0.00297297350183832  0.01498187430021432  0.02703037490790415  0.03837624742060122
  0.04983996470975045  0.06119880862219210  0.07253586367944448  0.08392863719761275
  0.09525962080569737  0.10650975273493032  0.11765973938972105  0.12870118508880385
  0.13967582174159590  0.15060148335824108  0.16148586497365958  0.17235239551797379
  0.18325701859879392  0.19420956160854952  0.20517446716983773  0.21617719134345517
  0.22724445653429182  0.23832752904239615  0.24936970731658814  0.26027008020601411
  0.27107646541095998  0.28181011000375805  0.29256171291620658  0.30335631333153856
  0.31408584229539660  0.32468259544015243  0.33523232096080369  0.34578896135307474
  0.35629956308681793  0.36676006076496503  0.37725428741696088  0.38778884272230441
  0.39832988810576969  0.40893124412827186  0.41962417918782674  0.43036893355702915
  0.44114081955981466  0.45194862214335241  0.46281315998508615  0.47360521252392540
  0.48423030314287263  0.49473145832834697  0.50522529664723259  0.51564735483159274
  0.52588153165021245  0.53609722157393369  0.54635239920839862  0.55688177630063329
  0.56742266480006709  0.57804567031125509  0.58866056883444440  0.59926512357346651
  0.60982918478034676  0.62031010002526044  0.63078717193196843  0.64133011434364351
  0.65193553032725782  0.66255413278253428  0.67311374825057901  0.68366176272119139
  0.69410195416732490  0.70455549920197436  0.71515902983621848  0.72577456223475012
  0.73618046578397422  0.74650682486367026  0.75682324694885961  0.76724576939189215
  0.77752455643405805  0.78778180288910682  0.79794595623072073  0.80803993234825389
  0.81828925920979634  0.82846385712559278  0.83845813753080223  0.84834899854654389
  0.85844165621027324  0.86871870906162862  0.87894972597003784  0.88906441431235650
  0.89918891318423200  0.90931473123965756  0.91941358337591950  0.92943841401707172
  0.93932500775297334  0.94902621492292283  0.95850077193790273  0.96768011686472677
  0.97643521616859796  0.98462543254601287  0.99356092935867724  1.00000000000000000
  0.00838095669316698  0.00876525848483132  0.00914956027649565  0.00953386206815998
  0.00968919337753889  0.00979854295337437  0.00997064311808727  0.01033490617844357
  0.01073769120899126  0.01127913429288268  0.01178205708764727  0.01247473289435182
  0.01362471820101847  0.01489556822796119  0.01619239024777618  0.01743487750010381
  0.01873684604841856  0.02010084560129375  0.02150175038188762  0.02293907532417210
  0.02432511398250545  0.02556404214430730  0.02665150592084150  0.02778798240390581
  0.02911786834925371  0.03048086751625009  0.03183357298773019  0.03319719485518378
  0.03458738533672973  0.03602680742434280  0.03752242785142261  0.03905415510476493
  0.04061208681616803  0.04221305679527754  0.04387887822115011  0.04562149263864967
  0.04743623018762023  0.04930981579548345  0.05125278549306782  0.05325905047226825
  0.05534559128444286  0.05750628040247117  0.05971252899855297  0.06199399631114916
  0.06437374573681595  0.06686975315671718  0.06948387324034278  0.07222126546729386
  0.07507213337171391  0.07804124153062934  0.08112270628798089  0.08430854697373139
  0.08758492210801724  0.09098879845944789  0.09457298620078174  0.09832452952710509
  0.10222273466082456  0.10629126304158078  0.11055440263158396  0.11502793597543365
  0.11968998734503926  0.12453871511347467  0.12970424535842803  0.13514185799803113
  0.14080180507513998  0.14670593224524420  0.15288099261234131  0.15946442075544048
  0.16638518290019114  0.17364919803027196  0.18128017068048308  0.18939890320699510
  0.19801647779415821  0.20717322385514178  0.21683272186721125  0.22710170423970225
  0.23811522128054460  0.24996004182659162  0.26264468539185815  0.27618281438511094
  0.29077341401230700  0.30653452586951591  0.32373725858598945  0.34236553932326658
  0.36270480524887233  0.38485871493717777  0.40913243286010448  0.43622765687257736
  0.46674237657909701  0.50126898311218637  0.54135433635885488  0.58964303364930437
  0.65244820507092749  0.74870720979173710  0.87214847657361205  1.00000000000000000
 -0.00099728138423305  0.00389479435010493  0.00920505301253158  0.01446537402385387
  0.01937124212803841  0.02435781462615640  0.02940132142668884  0.03452845763480682
  0.04005980238301764  0.04559238881445888  0.05117813800146135  0.05678568594864346
  0.06238437899106353  0.06807566734425395  0.07378360274507065  0.07951213731943958
  0.08523613962457517  0.09093830987754337  0.09666079392633098  0.10240105424810383
  0.10818432872375618  0.11404152477798672  0.11996869044011038  0.12594746282857205
  0.13195375265014836  0.13798488190161656  0.14408867713797932  0.15031418019762680
  0.15663818299546106  0.16301422528995169  0.16947701534267973  0.17603118217745398
  0.18264896318468096  0.18934501808310605  0.19614477633550689  0.20301885639087103
  0.20996866073370590  0.21696982116290370  0.22397592428734536  0.23103926260037846
  0.23812315304641032  0.24526618523727184  0.25250972844185693  0.25974137512846590
  0.26706829318756525  0.27442745013712311  0.28185887664834075  0.28936463597250284
  0.29705744415442303  0.30488452983162939  0.31271464724879700  0.32075108731926810
  0.32891753415122055  0.33718846331806213  0.34556490023350483  0.35401403337960829
  0.36261417185372108  0.37133740704099633  0.38017268696614703  0.38917276604278522
  0.39827944978079066  0.40745871860374988  0.41664107304559195  0.42582847212448738
  0.43512961244651682  0.44466165014317860  0.45449750937844985  0.46448800263354034
  0.47464391426349378  0.48506149165430984  0.49577374400203722  0.50676980711003317
  0.51780026683224156  0.52855420421786337  0.53943929467158425  0.55072006148407404
  0.56268141880041667  0.57500260614215648  0.58793087579057612  0.60177049363482948
  0.61583033301676227  0.63025547233466039  0.64511105103879807  0.66062145617984980
  0.67686054182798350  0.69393985642280664  0.71187417480382398  0.73078899504993433
  0.75093381627494959  0.77275401472114158  0.79657893781856937  0.82296145309116797
  0.85292598087683891  0.88782959618410784  0.93344825178347135  1.00000000000000000
 -0.00239683311796592  0.00937011302185891  0.01942112994666583  0.03020226629742838
  0.04090508066717038  0.05156131260688670  0.06223918009220430  0.07305720735234558
  0.08382326535186908  0.09449174389950858  0.10518722637623362  0.11598132888873912
  0.12666385299685459  0.13737358116087323  0.14801364641050102  0.15879648516965972
  0.16951375568610552  0.18008279829901805  0.19066364883074480  0.20132811634811937
  0.21190676673757117  0.22235711784265824  0.23284344718276459  0.24333856654507857
  0.25379195315291075  0.26419028872165257  0.27472931777385190  0.28544688056548045
  0.29612774460356761  0.30678828580373446  0.31741186076257455  0.32821101334500546
  0.33895646378846883  0.34971121040956687  0.36031869546213297  0.37089065743404648
  0.38146421081184168  0.39186650592024641  0.40253173719872903  0.41305984554832120
  0.42381687345051511  0.43458419368701412  0.44536309730233664  0.45600222278521918
  0.46653868580270552  0.47714214726188608  0.48767545862970718  0.49813735932523789
  0.50859930122469221  0.51928488071839551  0.53002966160316078  0.54074597441790229
  0.55147872034296752  0.56214594538736118  0.57272467440108243  0.58319778291890134
  0.59390128692414357  0.60373994378630114  0.61348995486083380  0.62316718560668583
  0.63341424373020283  0.64408016357435016  0.65463593972523759  0.66506000055619152
  0.67556374817573372  0.68594208039615645  0.69624439517298320  0.70659542839010636
  0.71696303110224990  0.72683210705785750  0.73661869123650980  0.74635919472592971
  0.75692906132191029  0.76765116291736790  0.77831931017504841  0.78893817106605779
  0.79953430796790381  0.80998937557469486  0.82045841435050548  0.83102599927505916
  0.84173181981091549  0.85248093656449719  0.86326446640937060  0.87413108942555318
  0.88445476347503704  0.89472697541499657  0.90507099122709966  0.91577708899796306
  0.92631013858400546  0.93659964790805328  0.94719539439603861  0.95775761256027159
  0.96839237881537643  0.97901174701239835  0.98956637251222990  1.00000000000000000
 -0.01143814216975842  0.05567946935960471  0.09928048999707118  0.13524124788396846
  0.16640454072023031  0.19342713825810451  0.21769100285323503  0.24033275076788310
  0.26154026001775604  0.28094132893486590  0.29895234631435758  0.31611049066453772
  0.33232279863825437  0.34778411613091614  0.36260775370603060  0.37703485947125215
  0.39112185993994075  0.40503544790439838  0.41864578273689329  0.43161200327469190
  0.44403718160066097  0.45603955719204359  0.46775536231671683  0.47917743306805183
  0.49022884405033451  0.50106768907469446  0.51182736085485880  0.52256727385919055
  0.53307506385627557  0.54334546266485950  0.55334830096931920  0.56311274063085148
  0.57263865329606323  0.58195872276035898  0.59112462732555815  0.60014788550031406
  0.60907393095291851  0.61792523452104697  0.62669776759680618  0.63540948850263734
  0.64402219801367455  0.65254131100262502  0.66097874122663747  0.66923702179156264
  0.67737159534868852  0.68541902296762203  0.69331689418934628  0.70102467113545530
  0.70861138979057381  0.71608713320820050  0.72351073004664479  0.73088560405066849
  0.73817514199207424  0.74545439111682799  0.75267537895927628  0.75981497733600944
  0.76683573962376406  0.77374348403617865  0.78059496016300556  0.78748556916621271
  0.79436763457245296  0.80118904611447750  0.80792748806395354  0.81458407541468769
  0.82113128833868310  0.82759103723191629  0.83394325389557267  0.84023343383735982
  0.84662325284605822  0.85295201220754147  0.85912147271946904  0.86518303970637422
  0.87119153676078476  0.87719038792626769  0.88321543519041856  0.88923205361650881
  0.89520749303411273  0.90108468960891652  0.90686627713615031  0.91261356459179765
  0.91836373755912470  0.92411719904730671  0.92982681763578601  0.93547805034881948
  0.94111537205654239  0.94676127595785997  0.95238650687221016  0.95792893938061807
  0.96337301516289797  0.96875856697885043  0.97411939679570370  0.97946469439105843
  0.98476449504628838  0.98996791033018972  0.99505545214334923  1.00000000000000000
 -0.00231056403541944  0.00920717155026114  0.01892886941053475  0.02992029816421987
  0.04048025110661779  0.05110386980630743  0.06160837845375330  0.07229937177875634
  0.08308778120904717  0.09363166070164419  0.10459893751970264  0.11519603817735262
  0.12569334831991169  0.13596629131247928  0.14613467408680866  0.15675060374260452
  0.16733058899824421  0.17790545886649564  0.18840485286781167  0.19901873431270869
  0.20983066175342446  0.22053106164544273  0.23090610314471255  0.24176893344222242
  0.25236641151750788  0.26311969585165412  0.27367387070151661  0.28435822483606238
  0.29520872650290486  0.30569424436565673  0.31618977195912190  0.32648052264575755
  0.33680529095702860  0.34715302161711797  0.35762729627530954  0.36837186796666405
  0.37899805284341093  0.38963034247546208  0.40035735704143260  0.41118536127061595
  0.42217975483241782  0.43298277674544722  0.44370588826997870  0.45425089527740409
  0.46487093464056173  0.47548380920389832  0.48618901397243136  0.49694088163327299
  0.50756925930086938  0.51824934660963173  0.52796457790608253  0.53787819299225637
  0.54754409589781661  0.55795054509470998  0.56862479206757421  0.57932998334419616
  0.59003350052504311  0.60069854701121195  0.61130912652023328  0.62197298391328026
  0.63257120687582502  0.64295907225778715  0.65336105323449656  0.66377074621810139
  0.67441161185170473  0.68512411888636304  0.69599669253135854  0.70688482359931637
  0.71768308166843653  0.72833947839603019  0.73888492417105833  0.74945088739349874
  0.76008986849155735  0.77072300473795563  0.78110346197282776  0.79149276411155145
  0.80182719839688399  0.81208830628691597  0.82249714223673487  0.83285415616776537
  0.84360193789781301  0.85379408758501152  0.86407756835504468  0.87417028734871616
  0.88466832387009053  0.89502914913686882  0.90550847953044955  0.91624065121712595
  0.92653835550239794  0.93697431150747612  0.94717223551797280  0.95758524840481785
  0.96809569979997445  0.97826276337806950  0.98921951574468303  1.00000000000000000
 -0.00226039883955872  0.00911925139573736  0.01874851457681016  0.02942153043654468
  0.03973905911507462  0.05022248168087844  0.06123122500019032  0.07162259851518811
  0.08222753954783395  0.09274334579305414  0.10330027027151040  0.11357705561163289
  0.12401098701834709  0.13460051223933744  0.14542389691977473  0.15608812125187715
  0.16658195005365514  0.17702634113933666  0.18741308154283329  0.19789975563402315
  0.20840065417667733  0.21891983793736866  0.22853158067529097  0.23828297819226926
  0.24810348357904172  0.25844581548782447  0.26884044036157057  0.27922255975766291
  0.28973946074353879  0.30027372659786061  0.31088287883650578  0.32164192397957636
  0.33257118300239086  0.34310292591654168  0.35353797232515405  0.36406686886617873
  0.37472162151630162  0.38524560045011147  0.39567366989492819  0.40613459151660569
  0.41671156561314743  0.42730747355885679  0.43799176940380996  0.44869333406214257
  0.45938449161172179  0.46998904905145028  0.48058456495116597  0.49119485983363637
  0.50183365857573436  0.51246744238354514  0.52312427734336064  0.53371233550235964
  0.54436903596122932  0.55490513448952472  0.56541666983454941  0.57583019596190477
  0.58633865002339214  0.59697511185453533  0.60778490387194084  0.61857340160661745
  0.62893447944874592  0.63918141407306961  0.64930662369747605  0.65995736834586738
  0.67045437451082024  0.68077474154245643  0.69134147492841058  0.70202852020816486
  0.71280174191273038  0.72339277252324730  0.73403552427342211  0.74493286802819125
  0.75567529427104130  0.76651647259093125  0.77722650372646018  0.78765582120993183
  0.79809370598796525  0.80846049603747949  0.81887927899745538  0.82927677973000757
  0.83978485630872046  0.85060528027970861  0.86137976780491676  0.87211239026761900
  0.88272445495433827  0.89318231660921665  0.90375472631979537  0.91446311041682027
  0.92533939329038384  0.93618123144487619  0.94679165142973221  0.95758664726482268
  0.96796265037489027  0.97876953206673101  0.98920090678508599  1.00000000000000000
   6.6987074371474472E-008  -1.0000000000000000     
 F F F F F F F F F F F F F F F F F F F F F F F F F F F F F F F F F F F F F F F F F F F F F F F F F F F F F F F F F F F F F F F F F F F F F F F F F F F F F F F F F F F F F F F F F F F F F F F F F F F F F F F F F F F F F F F F F F F F F F F F F F F F F F F F
  <DiscreteSampler_grid>
  grouped_processes
  1 # 1 for a reference and 2 for a running grid.
  10 # Attribute 'min_bin_probing_points' of the grid.
  1 # Attribute 'grid_mode' of the grid. 1=='default',2=='initialization'
  0.0000000000000000 # Attribute 'small_contrib_threshold' of the grid.
  0.5000000000000000 # Attribute 'damping_power' of the grid.
 # binID   n_entries weight   weight_sqr   abs_weight
    10   10   3.758119187063166E+003   3.874233415231573E+007   3.758119187063166E+003
  </DiscreteSampler_grid>
