  0.00237270958363654  0.01645884637862916  0.03002046064156253  0.04185707074845289
  0.05353156287807489  0.06512303546303649  0.07649332900261956  0.08766263795069724
  0.09860167538571896  0.10960241251614281  0.12065611623644659  0.13164694792905898
  0.14257755838033420  0.15349175783877794  0.16451329880260901  0.17548278662964908
  0.18630820510027821  0.19721815844908322  0.20804451174347763  0.21880372469421586
  0.22934081716610430  0.23993879846602620  0.25054824579952450  0.26119075812502168
  0.27175769473328210  0.28245217250558202  0.29303683120138557  0.30357762728227444
  0.31407353235592594  0.32461603798117439  0.33519726817176393  0.34577255728753281
  0.35653947349807946  0.36729541638795904  0.37796576505652335  0.38848076017122773
  0.39908459458883272  0.40973944317842792  0.42033944862372247  0.43078438023029403
  0.44128514587207679  0.45184127036754573  0.46245988485256723  0.47300782123136570
  0.48349372704297033  0.49392977988790654  0.50443716423510088  0.51498137223825224
  0.52557605594183587  0.53606003782156408  0.54654514915586705  0.55705032471210025
  0.56758156896462642  0.57812246652037846  0.58859079814019188  0.59911202731855040
  0.60952942524821918  0.61977331314769979  0.62994854098635256  0.64016216909499346
  0.65039087182658228  0.66062769753592998  0.67101324834264908  0.68163142247689268
  0.69231498364147392  0.70285796239068588  0.71333777281712640  0.72371084568716282
  0.73408201854118149  0.74442448429723274  0.75474080221256756  0.76508575386182864
  0.77550423814035263  0.78599919165032095  0.79634788861090366  0.80662472046745570
  0.81688302876240215  0.82720885683888179  0.83757124419376283  0.84779469539017016
  0.85792431468375829  0.86797539418550862  0.87804263575966102  0.88814251623733964
  0.89812016660800664  0.90803780917964672  0.91789365373525111  0.92776306386700247
  0.93751785440105762  0.94714170035676559  0.95662102315348962  0.96592228746337483
  0.97494121994205696  0.98332860992266136  0.99170052267084297  1.00000000000000000
  0.00219524756756219  0.01702813443701609  0.03114154632994703  0.04324908750095554
  0.05495376273566113  0.06636164426988929  0.07760315425792726  0.08873711236630713
  0.09998798370133342  0.11131992326973275  0.12254984099696468  0.13360717761539104
  0.14464036050164783  0.15567619152509340  0.16677199312095933  0.17781121499550678
  0.18883723947928277  0.19976672639546253  0.21069535808183060  0.22164065323071322
  0.23253871093165246  0.24320401555195001  0.25379025720163922  0.26445850540620069
  0.27530535002783579  0.28618824641250112  0.29697270818544702  0.30756128758392320
  0.31816268495468336  0.32868434172001565  0.33923572177303529  0.34960932885087459
  0.35998593618079711  0.37047011644028188  0.38107453826441584  0.39181780753303980
  0.40258793371842089  0.41346847980760509  0.42433539779181428  0.43509603426914645
  0.44569882449257975  0.45631971831237506  0.46698090999779085  0.47765551171708837
  0.48822816045225276  0.49877919339001248  0.50931796551377129  0.51986989605793954
  0.53037622666884243  0.54090659369237259  0.55142726457879632  0.56189631294657039
  0.57229660498424595  0.58277799193147595  0.59337372571756630  0.60394897688194649
  0.61455241180664555  0.62518343135854437  0.63588784907883034  0.64658275846617708
  0.65717254321666452  0.66773246705679967  0.67823679250299751  0.68877358894103902
  0.69933370415404772  0.70981265323139375  0.72020920970222013  0.73057567821416425
  0.74080995563462371  0.75101536828415216  0.76115765710055161  0.77131216542562187
  0.78147885727053645  0.79160762146250585  0.80178252088247159  0.81200736568318566
  0.82226658479368409  0.83255327023347292  0.84279132708357019  0.85300156234449276
  0.86320898921888456  0.87342505241434820  0.88359479829165632  0.89369587357385083
  0.90362793802504016  0.91354648399606286  0.92345921830325040  0.93341359577058347
  0.94322055021978779  0.95279325534808523  0.96217432213346610  0.97121647611838557
  0.97971152867027589  0.98711200312524361  0.99329227235463013  1.00000000000000000
  0.00947408709819606  0.01060671199117715  0.01150358105190033  0.01246805461481074
  0.01353757626604308  0.01469513089637582  0.01590254367695818  0.01711490942851893
  0.01832740315619438  0.01957002089613225  0.02078487105966427  0.02199882123125088
  0.02325882307532492  0.02458652170088301  0.02585423096387874  0.02677436336761304
  0.02779774011112112  0.02899437639979921  0.03022667367216563  0.03145993986884343
  0.03272387285878164  0.03400792162970308  0.03532116691390125  0.03666801959370111
  0.03804326851794406  0.03944348289384661  0.04088033407772589  0.04236637081248194
  0.04390278321128216  0.04548418023000893  0.04711514153545396  0.04879967990886118
  0.05053634256468064  0.05232082860009482  0.05416014554881175  0.05607965970048404
  0.05807451322504984  0.06016853517524340  0.06234380731615986  0.06457465134837932
  0.06685942222287876  0.06920746647775003  0.07164333529615172  0.07416677177534700
  0.07675988086715965  0.07946625352909061  0.08227462944781330  0.08518945155831707
  0.08823756700884178  0.09137152811716094  0.09460287948516240  0.09793024733313707
  0.10139160249493707  0.10502802852246138  0.10881606691007992  0.11272957489234879
  0.11679791404827039  0.12111162148392952  0.12563436365890618  0.13032124044880397
  0.13516778917491340  0.14022932956069961  0.14557045393030132  0.15115973381210715
  0.15703438806438103  0.16320112073305165  0.16974938734717618  0.17665093309588251
  0.18386011237256664  0.19132648021426435  0.19915319298274847  0.20744766680236917
  0.21626409355832199  0.22563452222408042  0.23556072974867212  0.24608821567748618
  0.25733792450673776  0.26936573394329627  0.28219580840284286  0.29585706440619125
  0.31043313063044825  0.32610087151233258  0.34311077576774468  0.36154794157815412
  0.38144258022063698  0.40302727691593160  0.42671940830623373  0.45295753235051101
  0.48243985841912401  0.51622777209981052  0.55534224283015798  0.60191271432479931
  0.66087821665640667  0.73882778362903090  0.87165840840050934  1.00000000000000000
 -0.00109032338021433  0.00416156780704787  0.00939394561870279  0.01466563872185828
  0.02004570907521933  0.02549386898755942  0.03093656796985274  0.03637265447720651
  0.04181749287020026  0.04731855752288891  0.05285340222840267  0.05837396196870408
  0.06389518643571246  0.06944210745408423  0.07506748338569766  0.08075003571858004
  0.08645361862975981  0.09216353233716310  0.09790227457580571  0.10372449906497917
  0.10962889828366210  0.11556968425656279  0.12154657618842318  0.12756701081288183
  0.13367182592514035  0.13985345947084993  0.14605329033504072  0.15228926343107493
  0.15860043056076917  0.16496024961540270  0.17134026180381434  0.17777428328092054
  0.18427118045068644  0.19084307276045237  0.19747005916465510  0.20409711803461350
  0.21074735870471611  0.21741374842951780  0.22412560472860557  0.23095658065170488
  0.23788955159711259  0.24490607338777046  0.25200127878275536  0.25915246293511923
  0.26637847546590127  0.27370447924497332  0.28125729808903915  0.28898142794501980
  0.29684896622752582  0.30473550747477790  0.31267456907779889  0.32057863196759712
  0.32855650917893614  0.33658266107604567  0.34468614664394370  0.35290736478313867
  0.36131271410074545  0.36985688948296158  0.37849727412761475  0.38734540752043678
  0.39631264584812276  0.40549137613904779  0.41484934279265645  0.42429342893557942
  0.43387353683154728  0.44364803723590207  0.45361422911957938  0.46366674605443015
  0.47383994593768147  0.48432453217650356  0.49514748448141288  0.50608484206492155
  0.51719243087322098  0.52857891101697607  0.54036791166553377  0.55241110061691878
  0.56480956569480489  0.57750409121895407  0.59056799154696249  0.60398779575813766
  0.61808350995644523  0.63264516603003274  0.64777347132443075  0.66345205229250137
  0.67979157149961389  0.69666363168001399  0.71413829569266063  0.73265621578880358
  0.75243176067617679  0.77376673367769244  0.79709990242672868  0.82303259534974393
  0.85257954667965363  0.88750550012890383  0.93372364546161468  1.00000000000000000
 -0.00233544737831854  0.00908737162155998  0.01922348403057945  0.03000942884674943
  0.04081670086056947  0.05143886232018267  0.06203286377703058  0.07256317681010703
  0.08322633936204463  0.09396620707544180  0.10474973312634757  0.11526841797207683
  0.12579354311967539  0.13627753938846870  0.14680145117833085  0.15719661074255889
  0.16750631279027300  0.17817074483760134  0.18881164503096040  0.19933742175370417
  0.20971342153459813  0.22028968692597778  0.23084834937505186  0.24142764195258729
  0.25202374780412584  0.26278051666784197  0.27368957141268058  0.28435106796585302
  0.29495285548085992  0.30556789260928752  0.31608273576793416  0.32675062921888010
  0.33731181811531286  0.34799685349383708  0.35860947770868890  0.36916846130038106
  0.37969195728186589  0.39029244762394266  0.40094497307858090  0.41150360978601080
  0.42202279810837318  0.43247860749666223  0.44293895600936867  0.45340491176996334
  0.46398491119527235  0.47462087384911650  0.48515619384381964  0.49570321683235025
  0.50636392814699238  0.51706009629289462  0.52767737117801561  0.53823584552644821
  0.54876069263066951  0.55929406738146670  0.56974247019479740  0.58024658746552138
  0.59081929587056781  0.60153795434009605  0.61203373675435813  0.62244196453279688
  0.63281079876557167  0.64344603356671948  0.65382922115697573  0.66431815898523294
  0.67480350262818178  0.68545621330607454  0.69617806506762780  0.70675255511263657
  0.71715942800959598  0.72747232923480831  0.73770548801319280  0.74808469275315492
  0.75858967682716261  0.76901561284033682  0.77968031908157265  0.79031623494037906
  0.80095430671095513  0.81121565433751808  0.82154775018038029  0.83191231421427181
  0.84256668325976081  0.85330856767203223  0.86402577930312774  0.87466992554519718
  0.88521826564613659  0.89569726306352848  0.90610062311245698  0.91670800790424045
  0.92741185270077398  0.93792864519826680  0.94822802716093446  0.95848551756604872
  0.96895299272698088  0.97924248864021934  0.98970247582063597  1.00000000000000000
 -0.01408170156063978  0.06353120131426346  0.10851060822614751  0.14316710975604499
  0.17255254049505264  0.19890614546367325  0.22295976408280055  0.24498649675932199
  0.26550324887900584  0.28468909640783985  0.30273420347156721  0.31980127215733978
  0.33603879499036704  0.35163281904631494  0.36672526255816984  0.38119074506778405
  0.39505013459508770  0.40846068028617061  0.42163293313508299  0.43441883801588210
  0.44658097727846391  0.45830201487889921  0.46985022511085905  0.48122278869753227
  0.49220959947751058  0.50299776190348167  0.51370194259460977  0.52427367820351578
  0.53458989474745378  0.54473150597299724  0.55468633011399660  0.56450103060245038
  0.57415563729559371  0.58365851808357627  0.59301181369065747  0.60222410633193746
  0.61131167144552434  0.62021699151099807  0.62892791855986219  0.63754058292874782
  0.64610286495729541  0.65451705084356171  0.66282650828756140  0.67090804699162232
  0.67892877223655723  0.68691717417541742  0.69471791329180888  0.70240362826712099
  0.70994800859902751  0.71741571108184177  0.72479140439052037  0.73210371458851131
  0.73930890782876979  0.74645217141045139  0.75347688444508887  0.76049458826492722
  0.76750432702625149  0.77446962445653500  0.78133273701609285  0.78811730064800634
  0.79481291224282213  0.80149296789490176  0.80811229528590622  0.81467655951556617
  0.82116409372149923  0.82756532550270678  0.83393536479295371  0.84025054114780595
  0.84653403432385566  0.85279415965755623  0.85901377095164100  0.86519273686441422
  0.87131430217707273  0.87736486288539040  0.88333285786384974  0.88922595122801240
  0.89508837876444991  0.90093034278550066  0.90674389028959146  0.91251977807760298
  0.91822286745512793  0.92385048391218139  0.92942407199497956  0.93495670152047772
  0.94049455234484569  0.94602679041946858  0.95151603700585741  0.95697691192401069
  0.96245914061088789  0.96793741320797400  0.97337949445210548  0.97875353160395751
  0.98410044243454531  0.98942096473440355  0.99471652128623944  1.00000000000000000
 -0.00229286055095385  0.00909240974763945  0.01904238265707481  0.02952387602136462
  0.03985522849033771  0.05041257696518509  0.06113801964219986  0.07180859285362329
  0.08237136175441644  0.09293085072158279  0.10352656757586125  0.11420936255451811
  0.12483031927881259  0.13540088587921442  0.14596927771787069  0.15644623393886165
  0.16687103955117907  0.17725526198958264  0.18769739686303916  0.19820680095104343
  0.20858718387610878  0.21883352321812327  0.22913583670356213  0.23958455749619328
  0.25028506602358941  0.26104423582618563  0.27170067433331668  0.28230799198836060
  0.29282345027349949  0.30335462998005014  0.31379621484769360  0.32424848041542342
  0.33461586403083776  0.34501528606950060  0.35540686166315272  0.36592156450033214
  0.37657470785356162  0.38733534028785410  0.39803495160222802  0.40864893303484717
  0.41914696365058146  0.42978824286360484  0.44044691846055051  0.45109661911815557
  0.46157139212857407  0.47198032674886858  0.48263574340667781  0.49345173277397125
  0.50416067336911297  0.51455232630672265  0.52510726687405784  0.53570572930132165
  0.54636434386407329  0.55678891161525779  0.56723335538072883  0.57776728462477378
  0.58846598883430257  0.59916725212653232  0.60979385026136879  0.62042365726883675
  0.63106323323312863  0.64164688318860508  0.65209211003022649  0.66249878995283173
  0.67300988148146701  0.68354028095870423  0.69401691409227162  0.70445394050701804
  0.71504537908042842  0.72576536191681928  0.73626407199813937  0.74671564930168588
  0.75713963957872121  0.76765250792303208  0.77807642250228626  0.78838928187889823
  0.79907890444895835  0.80990246386963505  0.82040922313802922  0.83100435301490982
  0.84148103405319663  0.85205366573241781  0.86246119893301521  0.87282868023955795
  0.88339163026208245  0.89395574140902057  0.90465370646234078  0.91517465493054551
  0.92566098849344736  0.93616144337306950  0.94675029258492471  0.95744011383947902
  0.96820402160026287  0.97905100023236191  0.98958624448372912  1.00000000000000000
 -0.00234643692692794  0.00933767114844962  0.01926981209575521  0.02989450250565882
  0.04015337117023590  0.05061780678195232  0.06112320170802026  0.07148427077097574
  0.08199940220653715  0.09218170437098371  0.10269367252355494  0.11294308267113555
  0.12328649855458879  0.13360021364319946  0.14398237020354837  0.15434651530671839
  0.16480637696700509  0.17509031188534011  0.18560379709539032  0.19609345466063127
  0.20675856871240109  0.21726704261131510  0.22783764849289781  0.23838782884331361
  0.24892390845629422  0.25946876464792190  0.26993889779815633  0.28054666980112797
  0.29106935897061398  0.30161004360435417  0.31221399154161311  0.32281716769601193
  0.33347632532678489  0.34405638700272628  0.35459820456245567  0.36501611593632743
  0.37544745467361046  0.38600017651835600  0.39669933924277939  0.40728720124742074
  0.41783466216418563  0.42820374945743361  0.43849207310037652  0.44882260118071371
  0.45919463994635168  0.46961820802841020  0.47997286716577131  0.49049596700194015
  0.50108690143379542  0.51157004453555477  0.52193806896958961  0.53236041600458150
  0.54287386587402453  0.55330020710900329  0.56374956552414024  0.57428811807795455
  0.58491037870314122  0.59547747763631387  0.60602949494886171  0.61673924936987023
  0.62740030156737170  0.63816043066173067  0.64895528915594847  0.65986252513747357
  0.67062442613693996  0.68130141918450660  0.69203559270742265  0.70290551876325580
  0.71353819105656624  0.72415104989292112  0.73463163154192956  0.74533204057938995
  0.75607616787365184  0.76686849061574736  0.77767768275328941  0.78853459625398958
  0.79917291054443218  0.80973717423587488  0.82000748166252924  0.83050455798975475
  0.84084259121402982  0.85142157099942906  0.86207601870295691  0.87289852253497213
  0.88360177380474458  0.89426870665480229  0.90489193578655580  0.91550293984757558
  0.92614776832935275  0.93664637926429251  0.94701752568613484  0.95737508115000236
  0.96810299644672415  0.97896598696549209  0.98951675969417274  1.00000000000000000
   6.6356616331948043E-008  -1.0000000000000000     
 F F F F F F F F F F F F F F F F F F F F F F F F F F F F F F F F F F F F F F F F F F F F F F F F F F F F F F F F F F F F F F F F F F F F F F F F F F F F F F F F F F F F F F F F F F F F F F F F F F F F F F F F F F F F F F F F F F F F F F F F F F F F F F F F
  <DiscreteSampler_grid>
  grouped_processes
  1 # 1 for a reference and 2 for a running grid.
  10 # Attribute 'min_bin_probing_points' of the grid.
  1 # Attribute 'grid_mode' of the grid. 1=='default',2=='initialization'
  0.0000000000000000 # Attribute 'small_contrib_threshold' of the grid.
  0.5000000000000000 # Attribute 'damping_power' of the grid.
 # binID   n_entries weight   weight_sqr   abs_weight
    10   10   1.376535344428666E+004   9.439280822472064E+008   1.376535344428666E+004
  </DiscreteSampler_grid>
