  0.00238251559090180  0.01635400752374876  0.03030591436596036  0.04252853173596212
  0.05437821263891059  0.06595365079922338  0.07748999691383415  0.08864747784727606
  0.09983799462502807  0.11081103099769848  0.12160812639625322  0.13236985644189458
  0.14309489162001104  0.15394587953987221  0.16463470292713175  0.17532130168597984
  0.18606286839496144  0.19686463769678575  0.20759820545350266  0.21829790680324757
  0.22894552710116969  0.23948987578717892  0.24994021730264024  0.26038778019779840
  0.27084398817818128  0.28125222885127993  0.29163051478675106  0.30211536204384493
  0.31263392863424766  0.32308335121364590  0.33347293460790145  0.34392626939972781
  0.35448073332501978  0.36506297237016477  0.37565711789670497  0.38621279113925860
  0.39678079513065562  0.40734347562713907  0.41791260178691014  0.42845068942080550
  0.43897013215380293  0.44948193769802819  0.45996793639511874  0.47038703477489036
  0.48078032015811734  0.49124090592404540  0.50181071034725466  0.51241934348847840
  0.52300988047745067  0.53351539349200172  0.54398544984367303  0.55445515929986144
  0.56500960618029283  0.57559457070014897  0.58609225166200285  0.59641634958589573
  0.60669292992495927  0.61704754718526722  0.62745767683685505  0.63782311083223142
  0.64810275517457172  0.65841018746325897  0.66876761153291731  0.67915684512325902
  0.68954659649776495  0.69996667664367984  0.71036390724223331  0.72060618102484397
  0.73072719235654315  0.74087587232902086  0.75115932593753065  0.76154317493566315
  0.77196813709056589  0.78239293871856963  0.79273258389559653  0.80293563998231443
  0.81307120303400615  0.82324420367870210  0.83347677471077053  0.84366522491027029
  0.85378834585272856  0.86382269156338887  0.87373818043784135  0.88350928383059135
  0.89321999025940901  0.90293988496929600  0.91265355364691458  0.92233051265690247
  0.93204744936829043  0.94169940776124028  0.95115133760930326  0.96031973413250549
  0.96931329562678481  0.97786479891205169  0.98642637756867435  1.00000000000000000
  0.00228448250988128  0.01670469478407798  0.03073761775191361  0.04349244617646586
  0.05496692407526987  0.06623910537504261  0.07714703647386646  0.08824923571990163
  0.09907981218450740  0.10980563631461210  0.12063514256456534  0.13155964232594952
  0.14258011629068576  0.15356236018317443  0.16453326966660470  0.17532692446174863
  0.18602651253214467  0.19678132182048019  0.20763598675455849  0.21847894716130029
  0.22925640678449127  0.24011299158400698  0.25094414031408208  0.26183572828316609
  0.27269512902773257  0.28363162084714655  0.29437162674859596  0.30516038994443323
  0.31581832948968758  0.32653090658796258  0.33707629014123114  0.34765663503608701
  0.35818323733197072  0.36868465254948779  0.37921156308803050  0.38977854659406147
  0.40029326664489057  0.41071240197938058  0.42113001092197905  0.43165217889201135
  0.44224295838788152  0.45288120538530513  0.46354038167762168  0.47417563467110380
  0.48480244333555750  0.49534704255681278  0.50593253189453125  0.51655505242340549
  0.52722204806375539  0.53778833511060276  0.54832361498693993  0.55860657052112905
  0.56896053941923552  0.57927418718120938  0.58968892360693070  0.60014753687638589
  0.61044564944146695  0.62083169199103172  0.63120201488889205  0.64169019563870866
  0.65217988090493295  0.66260144627544026  0.67306575829006809  0.68357245404582367
  0.69420479833071147  0.70484740571586613  0.71541479691461118  0.72589831588918274
  0.73640809677912067  0.74670367397662141  0.75695737787244044  0.76708473909518959
  0.77725935429351134  0.78746698623953926  0.79782438597808447  0.80825380209376996
  0.81863991074854048  0.82887818126671953  0.83907323612933404  0.84926758880436870
  0.85946678878949934  0.86967197807595820  0.87982371952915817  0.88996479324859201
  0.89999755281580773  0.90981107387869797  0.91957589922298055  0.92925808488123152
  0.93888446054550201  0.94835440060269649  0.95779316230639977  0.96701877739143038
  0.97581854296979864  0.98397581304819104  0.99196813111776583  1.00000000000000000
  0.01013123087625241  0.01154431843684706  0.01252873822201498  0.01354118695688722
  0.01461825882902263  0.01575131285830307  0.01693675100987824  0.01815392831222315
  0.01936704464103187  0.02059185641348909  0.02182088830738453  0.02304193872891087
  0.02428857354334595  0.02553626378200389  0.02656778425745775  0.02757819376612736
  0.02872718462078303  0.02994131047518869  0.03117107225570919  0.03241870122124964
  0.03368373831966269  0.03497543435084014  0.03629574646119496  0.03765855484484771
  0.03905499201988801  0.04049087761210737  0.04196609441693646  0.04349113392152629
  0.04506119300126732  0.04667188833909089  0.04831812388587831  0.05001017164070744
  0.05176750229133538  0.05360544321883538  0.05551219341026342  0.05746772433768874
  0.05947088195824718  0.06154543757435327  0.06370067148073716  0.06594243010588680
  0.06825821038070516  0.07064799630670715  0.07310041753837435  0.07562844998988986
  0.07825068881114880  0.08099924183400271  0.08387533430834211  0.08683485850885768
  0.08988971717272670  0.09303597062239219  0.09631000974166451  0.09972154411630700
  0.10327150520478837  0.10695586110335624  0.11076138435998485  0.11471993810721651
  0.11885620721785294  0.12316375437976482  0.12767343080077070  0.13237920866692385
  0.13729161160568504  0.14244257454055564  0.14785495428918297  0.15352539526237197
  0.15938815286831784  0.16548176632378858  0.17189903099708986  0.17873699327479906
  0.18597362188924366  0.19358207441854589  0.20155877841560937  0.21003497435705862
  0.21898847232270879  0.22839237847537172  0.23828859921280379  0.24882600140202371
  0.26002386764289886  0.27190474221014832  0.28448743629408058  0.29792499085844271
  0.31233560633275453  0.32785404503444182  0.34455971338442043  0.36257049252941376
  0.38219631841571111  0.40382476406263240  0.42766582042192314  0.45405073729602652
  0.48369221835135484  0.51763045422870568  0.55694260236288284  0.60356583382899387
  0.66321545115042257  0.75162968819221443  0.85657914276614699  1.00000000000000000
 -0.00104446278815550  0.00402084444828802  0.00930009753893126  0.01451900166976809
  0.01979721462638958  0.02515551457981116  0.03054447471077203  0.03593455279603641
  0.04137764517332657  0.04685531834072468  0.05235339885549081  0.05787385514478789
  0.06345242388726038  0.06911560309246378  0.07483281913409817  0.08057692295317567
  0.08631600805340765  0.09208439085766004  0.09790152792539351  0.10378510823221485
  0.10970590132712181  0.11566369336571235  0.12167338317306906  0.12774813141701696
  0.13387354652640088  0.14003179619854261  0.14620222095778082  0.15237404246333563
  0.15864461436137753  0.16504010059797836  0.17151283664297839  0.17802689803593608
  0.18456004270907536  0.19114797331969438  0.19780371611986680  0.20449243799848602
  0.21123093074439933  0.21802649660345599  0.22494007585199299  0.23195105726969276
  0.23902950521625138  0.24614819164627724  0.25338206241936762  0.26075663621617262
  0.26823074458456136  0.27573097868015684  0.28323663093261570  0.29082593455287870
  0.29851210516112231  0.30628091274241054  0.31412556454161344  0.32202443648677692
  0.33003041915814108  0.33816724198427811  0.34643240336990022  0.35474313285628511
  0.36308645513025595  0.37150728420318868  0.38012537290183773  0.38889802518300615
  0.39783919226309461  0.40694064077471098  0.41623177636492836  0.42571553441946652
  0.43530086815487246  0.44497688955958037  0.45477938172581106  0.46480770908476610
  0.47503496737494355  0.48550866370334939  0.49622009445891996  0.50718374258983390
  0.51834333366779695  0.52975582927073062  0.54149367849747698  0.55352269916950614
  0.56569578198475601  0.57809700513506035  0.59095719813341252  0.60430327167129605
  0.61806946728698253  0.63240900263719324  0.64734282069539018  0.66282321373284336
  0.67894640359021396  0.69599561912754304  0.71413252869050070  0.73316133863168187
  0.75317442813202029  0.77470842683123231  0.79820752578312837  0.82415357911033016
  0.85328958887537187  0.88771918180874421  0.93354234444954454  1.00000000000000000
 -0.00232671273391111  0.00923176366098250  0.01900347814558434  0.02985018473389360
  0.04045861319208558  0.05100436110334510  0.06156689343491584  0.07239854573991980
  0.08313901177661867  0.09370438683763016  0.10428904746348813  0.11500031932649663
  0.12557274284085029  0.13621406722070631  0.14676428336088609  0.15750015711610144
  0.16807944552188123  0.17854740687681581  0.18898651062293817  0.19957000645742004
  0.20999941099540342  0.22035033646431537  0.23079301060372318  0.24150581572188046
  0.25207653237063482  0.26236167134969290  0.27278223971857107  0.28337567222464616
  0.29402207667195940  0.30438907423816658  0.31482188678352901  0.32545500123050874
  0.33605184046934927  0.34670433582142596  0.35718311973082534  0.36790641650410155
  0.37840548474186836  0.38888170716736226  0.39936025599088859  0.40987170730612654
  0.42035237542311921  0.43088910541545616  0.44142826215343023  0.45200106523331779
  0.46246140504775568  0.47311343628701241  0.48388252232463991  0.49472627556048243
  0.50540298288208507  0.51609085759526008  0.52663444644390089  0.53712094255362197
  0.54754722584125981  0.55801194839290758  0.56857752735465383  0.57915257908813988
  0.58980761659031622  0.60050943916895516  0.61122383676210701  0.62191221662743368
  0.63251944956455042  0.64317023793247885  0.65372696071082326  0.66415589131743957
  0.67449981285269667  0.68493198651901910  0.69554001547539723  0.70614571611958998
  0.71672010243946560  0.72723133732595224  0.73768740483007122  0.74808398462770720
  0.75851344840371182  0.76892262824701951  0.77930491325815676  0.78961860665074779
  0.80004969941851223  0.81056799671719448  0.82104829319343209  0.83144280212565325
  0.84188998046194785  0.85220759755948594  0.86274937930004214  0.87317319580807640
  0.88385066357031117  0.89451856636123495  0.90490627472982554  0.91539375312007543
  0.92578206881484171  0.93631441050932329  0.94679134574410873  0.95742948104894288
  0.96815655345466634  0.97875905902504168  0.98937358650409857  1.00000000000000000
 -0.01433201179559214  0.06401741215915105  0.11003706143416031  0.14533950833254705
  0.17504585042826620  0.20125013337432099  0.22471247533034666  0.24603131370683787
  0.26584878596167216  0.28450498191490881  0.30209991347077236  0.31870371664773017
  0.33467289319719445  0.35011865118009722  0.36467036035328698  0.37863007652023128
  0.39232686618819862  0.40565757825102250  0.41862611596016236  0.43128154614924485
  0.44368531340690776  0.45577055945915851  0.46754717944522950  0.47915225787132648
  0.49048215041447263  0.50146893953946026  0.51206119307180609  0.52249072287799003
  0.53279921011302644  0.54293882952490413  0.55294937653867215  0.56281716379194791
  0.57257516617440907  0.58210821081430009  0.59144299959137325  0.60062853925729498
  0.60970918473175373  0.61864157523835916  0.62737394466492358  0.63606920484383056
  0.64473712999421107  0.65320174565710465  0.66137680474056737  0.66937719623302594
  0.67737345522754877  0.68535885283899167  0.69321691622006898  0.70096274339563769
  0.70862301485478285  0.71626093224997023  0.72384999876526734  0.73130772615059292
  0.73864862840994483  0.74584532065904940  0.75299576486343789  0.76009375221570830
  0.76713451841090041  0.77407825773543504  0.78093083447917311  0.78771022531597135
  0.79445269997619650  0.80114003087605501  0.80777656363053774  0.81432298473875164
  0.82080867545818192  0.82728971978439703  0.83375139739350768  0.84011749722236029
  0.84639665167687561  0.85263483034403320  0.85886552119640291  0.86506910701235640
  0.87120891710007831  0.87728499615494504  0.88329764735328142  0.88925009431823865
  0.89513510376198568  0.90093677103806080  0.90668330322210766  0.91240319247125168
  0.91811070625739066  0.92382432661520575  0.92954912109300969  0.93525501001967681
  0.94091033969188698  0.94648594601397673  0.95200409320874768  0.95748232110148557
  0.96290291515905491  0.96828450524460996  0.97364177533602103  0.97898758524048535
  0.98428294281218465  0.98951337461474909  0.99472871407885810  1.00000000000000000
 -0.00236644165424481  0.00917579582168756  0.01963848756168622  0.02996017331720596
  0.04056904409291062  0.05118181153708460  0.06199820690729201  0.07241121779178039
  0.08283306953871755  0.09353132873136066  0.10407361603268703  0.11455679521887013
  0.12484475534351951  0.13530700192526360  0.14560975509885413  0.15602510451935594
  0.16646685639906494  0.17702085966772083  0.18762432344098182  0.19835696159757163
  0.20900122154198175  0.21952774427995655  0.22993770149852677  0.24057638788638047
  0.25100985345571836  0.26146234555706310  0.27173428422352242  0.28247681723202145
  0.29314595592908049  0.30391085214434715  0.31454818486571884  0.32517303180320561
  0.33567769945425141  0.34612846624482152  0.35678522360691733  0.36737816525321193
  0.37801260876039083  0.38863544423890556  0.39920217879542280  0.40960405718719922
  0.42007762136852544  0.43059335580228081  0.44126507053898939  0.45177051906999377
  0.46232662601345170  0.47283497803523494  0.48336846503872166  0.49401152233074841
  0.50460933481307979  0.51499188481837554  0.52534943896321540  0.53564729120761856
  0.54637587267669874  0.55673657164074775  0.56730027619588042  0.57773744868566623
  0.58828017199704541  0.59884548460697928  0.60936169733191470  0.61987303786773151
  0.63032330316408791  0.64071227877611769  0.65099984355063478  0.66100104185563635
  0.67135724912127026  0.68192222822866511  0.69252804142966951  0.70314059201481471
  0.71385221352577533  0.72479356543360385  0.73559724435324592  0.74628743374092388
  0.75703339670089065  0.76755303274253395  0.77806376449462789  0.78873487226286898
  0.79960335427839124  0.81055514040485865  0.82126093521783006  0.83194406883426242
  0.84253677323010301  0.85321388211230575  0.86381825649603872  0.87450722306495943
  0.88499800385009952  0.89545765184993786  0.90577299037458481  0.91627300976791104
  0.92668823347883511  0.93726364383104066  0.94770033606822579  0.95837092788328493
  0.96881363241290941  0.97944354721267302  0.98969395040246189  1.00000000000000000
 -0.00230408681456277  0.00914545761435873  0.01946589716201593  0.03000498766204385
  0.04065252913961737  0.05113632715519732  0.06175092023087145  0.07234879212714618
  0.08299762845818595  0.09347931757692357  0.10393490362621284  0.11434908992341666
  0.12482075209010296  0.13527278206308735  0.14565704152760078  0.15618530368551140
  0.16666707686091134  0.17714840475286406  0.18763702351497058  0.19820064972632015
  0.20871012246055645  0.21910840454280645  0.22956731523254650  0.24035023755187790
  0.25118411726371226  0.26189218903527139  0.27230266692648297  0.28259980548430447
  0.29292669515810432  0.30348126842984707  0.31379705963668109  0.32420851817252921
  0.33452222062937154  0.34530656360042994  0.35612602431028278  0.36683703670647955
  0.37754654638363672  0.38826338028676133  0.39889583876336110  0.40962258580418387
  0.42025937542009362  0.43084514271350899  0.44127089278993420  0.45188933968220946
  0.46228902228258961  0.47293730047595528  0.48341774519283354  0.49397058842450453
  0.50421693778598720  0.51457050342515753  0.52520832458256950  0.53595316717151642
  0.54641033817549967  0.55673483498200826  0.56705726572747539  0.57767295278570296
  0.58814995076391730  0.59879076143273036  0.60932236918867688  0.62000146505624265
  0.63057677371018006  0.64115705166499393  0.65199886860265188  0.66232202282003128
  0.67268280366354649  0.68313872844767387  0.69377763609854681  0.70432214920551506
  0.71473097672187447  0.72536694025002835  0.73585478172789476  0.74645635627160589
  0.75696934320642939  0.76756249319699865  0.77798519348130368  0.78845541071275538
  0.79933256676944242  0.80974169264284956  0.82017931800793709  0.83053419214483815
  0.84104230123810209  0.85159676888590685  0.86188278028727605  0.87244011159957247
  0.88305188452078787  0.89374078263239021  0.90444991004198927  0.91508655393007443
  0.92580752773318076  0.93635716090353183  0.94699012146061412  0.95764065850215996
  0.96830516600314531  0.97875549472538459  0.98936626553371332  1.00000000000000000
   6.6520895362099260E-008  -1.0000000000000000     
 F F F F F F F F F F F F F F F F F F F F F F F F F F F F F F F F F F F F F F F F F F F F F F F F F F F F F F F F F F F F F F F F F F F F F F F F F F F F F F F F F F F F F F F F F F F F F F F F F F F F F F F F F F F F F F F F F F F F F F F F F F F F F F F F
  <DiscreteSampler_grid>
  grouped_processes
  1 # 1 for a reference and 2 for a running grid.
  10 # Attribute 'min_bin_probing_points' of the grid.
  1 # Attribute 'grid_mode' of the grid. 1=='default',2=='initialization'
  0.0000000000000000 # Attribute 'small_contrib_threshold' of the grid.
  0.5000000000000000 # Attribute 'damping_power' of the grid.
 # binID   n_entries weight   weight_sqr   abs_weight
    10   10   8.342348190590053E+003   2.601356010063966E+008   8.342348190590053E+003
  </DiscreteSampler_grid>
