  0.00241712356709264  0.01615569694991748  0.02994060793529699  0.04217167595773877
  0.05369734313261416  0.06501951648016283  0.07607751372044334  0.08719274363813970
  0.09807119166965388  0.10917037286581328  0.12003508536452444  0.13115883507791504
  0.14211080364050141  0.15318245798719740  0.16399734792434373  0.17482761403495095
  0.18558270862381729  0.19626366552270705  0.20708271098505235  0.21786747298352291
  0.22869481699518654  0.23936033652627364  0.25012746795419327  0.26098810367378872
  0.27167863971219608  0.28202036855643531  0.29231248112778790  0.30290310610335947
  0.31355395721379575  0.32411438158766803  0.33456361724023276  0.34487056611022060
  0.35525194672026872  0.36568132936308606  0.37599812763938406  0.38634685846356082
  0.39656495908681927  0.40718117370840123  0.41776305190591334  0.42794616445599276
  0.43822743811091136  0.44862913102452251  0.45912413286202053  0.46936899233550333
  0.47950893411033324  0.48972264615766670  0.49993886623021483  0.51008215298081494
  0.52023927145179338  0.53064412808065076  0.54120670773201474  0.55172763276694825
  0.56221762033899614  0.57271128935634308  0.58317838439453640  0.59360423644964189
  0.60404492389070508  0.61447956391918435  0.62482134914677223  0.63506290814961397
  0.64532141064308479  0.65563433857153741  0.66596164297098315  0.67632718251922319
  0.68673192319338505  0.69708695159884926  0.70735030339231275  0.71759014333908655
  0.72790565982836264  0.73829238698859911  0.74865488463459673  0.75901956807895554
  0.76943118846157887  0.77986659876656139  0.79023293128107419  0.80057147865738720
  0.81084181554433266  0.82091222323157931  0.83070280936973595  0.84056251385964198
  0.85049747034768375  0.86042073663198837  0.87018122846480450  0.87998577552409230
  0.89000283523955248  0.90007314402373684  0.91011631589964703  0.92014046818969275
  0.93012334695188115  0.93993584471077196  0.94940507006889607  0.95866414309917225
  0.96768760812627197  0.97636736666806323  0.98455021627905770  1.00000000000000000
  0.00232663909607989  0.01646122794810104  0.02993000501203581  0.04189547854363927
  0.05338093329705865  0.06465471316802263  0.07591126394813381  0.08710689398968376
  0.09840601934495510  0.10964406111697002  0.12076540904579637  0.13181231698011459
  0.14263445984124362  0.15331959398094616  0.16388154503562696  0.17444161532912383
  0.18500213457796724  0.19562242190171769  0.20616090972406070  0.21671833357381026
  0.22731429550218901  0.23803280850440681  0.24882025180834580  0.25959573026513011
  0.27038476635654191  0.28114312664890090  0.29188149359539600  0.30257231033345394
  0.31314881035395292  0.32363995506401760  0.33408442956838236  0.34453159643601161
  0.35498708148137054  0.36542539931105433  0.37592610809009025  0.38646588152686556
  0.39690479908373438  0.40707813333453569  0.41708718505666170  0.42710202121481461
  0.43722376289010445  0.44748413266660192  0.45780191746072346  0.46815521805996979
  0.47856649492680059  0.48902245563813768  0.49957421825247561  0.51015731910568707
  0.52070016193085977  0.53122600628730332  0.54172635972208916  0.55224042444545030
  0.56269479423840607  0.57310036582949109  0.58353799168646048  0.59403969928600142
  0.60448439890601369  0.61472316229081547  0.62485037507592345  0.63500626297382923
  0.64516217960570876  0.65524988300537013  0.66538388989758168  0.67570053542643105
  0.68613383903654046  0.69655607817383824  0.70701123755704298  0.71756895024229084
  0.72817313080305590  0.73874566188483204  0.74924347757315746  0.75972407142540144
  0.77017977737917798  0.78052897819680989  0.79079566862799433  0.80105522776186255
  0.81130333877470451  0.82148333941068630  0.83163436360339749  0.84185786271848162
  0.85211630916927072  0.86227558015249062  0.87228724673025215  0.88225318375400852
  0.89222413449001314  0.90222887411775288  0.91219870572352446  0.92209577839583123
  0.93184882405154490  0.94148700540833052  0.95103175945136298  0.96045079067673811
  0.96960320753214024  0.97813562659117037  0.98673625503490436  1.00000000000000000
  0.00711767064946883  0.00868813633334724  0.00981384443372666  0.01087687608668303
  0.01195142784377799  0.01305246740083076  0.01419460991191351  0.01537051791194688
  0.01653379673783585  0.01771311197477509  0.01891032268379365  0.02011815434353862
  0.02133260370142273  0.02254810647332500  0.02380634058397859  0.02510168922280726
  0.02620090003896083  0.02709272352292614  0.02821451965087574  0.02946174855929304
  0.03074243494487948  0.03202269590755313  0.03332495202424911  0.03464564512360002
  0.03600334839701209  0.03740114505124003  0.03883441003366228  0.04029763425557507
  0.04179410843202089  0.04333618615626018  0.04492127336662575  0.04655375824336520
  0.04825024997390847  0.05003050004100683  0.05188299339381933  0.05378799014803839
  0.05574332123097036  0.05774408526630651  0.05979140561944569  0.06191313344860599
  0.06412011258315498  0.06640407964382121  0.06876086740689290  0.07119989528309702
  0.07373901878896487  0.07639721283023077  0.07916436021276439  0.08204470319367556
  0.08501832862057916  0.08809145346862049  0.09125930086611983  0.09456784560634945
  0.09801990185871172  0.10161669784077416  0.10531846851514939  0.10914804997393959
  0.11316530571015332  0.11740960971908242  0.12185337183635588  0.12646398365618156
  0.13129268153239282  0.13636613754346888  0.14168072314139357  0.14717404470605558
  0.15291987949229008  0.15895633561332911  0.16532000731297442  0.17202414141260633
  0.17909959463819075  0.18656091008087117  0.19440215017060167  0.20265990042026460
  0.21138686886794383  0.22068431570752670  0.23055741389811704  0.24104859490269359
  0.25221078455959006  0.26406057387788445  0.27673919486825055  0.29037688499268033
  0.30504474242012447  0.32074076631758497  0.33747325933115546  0.35555548461881858
  0.37533714519219447  0.39692234190913206  0.42061652862160342  0.44677403538155913
  0.47595409261800098  0.50908735873712507  0.54752213045996179  0.59382027522750702
  0.65221879068645094  0.73540878144238964  0.86579407671175135  1.00000000000000000
 -0.00104096803690381  0.00394019778391467  0.00933871625586051  0.01462661611013485
  0.01992413683085160  0.02527468824300105  0.03071234729360518  0.03620803388049071
  0.04177382193237864  0.04737938844134636  0.05300444301980958  0.05862942841054523
  0.06425181413011395  0.06988236774486263  0.07554587349823595  0.08123329970095294
  0.08691580104954952  0.09264513798920371  0.09847370111816547  0.10437844222149459
  0.11033540681865799  0.11634533110797383  0.12238474083078442  0.12845102430431307
  0.13454828644408182  0.14065801201919789  0.14683545054924310  0.15311526699792960
  0.15947409551778777  0.16588607348082951  0.17230176737659808  0.17875119628946562
  0.18526451113917705  0.19182034116572663  0.19838920939336457  0.20496766684297160
  0.21157463090649198  0.21825999751086433  0.22513675250309689  0.23217871393530398
  0.23933970224372106  0.24653824329176280  0.25365963821769683  0.26070153244538435
  0.26793090576663398  0.27533673004533865  0.28285821643174780  0.29044305356046929
  0.29805309135851132  0.30567696971122998  0.31349263036947123  0.32156420031291194
  0.32975323857608091  0.33796889707253136  0.34621349503392851  0.35455094353406880
  0.36299968139128486  0.37156474031678544  0.38019773079454117  0.38887066473152571
  0.39764392004132343  0.40660729536305079  0.41587995224738966  0.42539912637720245
  0.43498519197336283  0.44463794807194551  0.45441730096464616  0.46437454586111526
  0.47451991056994647  0.48484942965174838  0.49532482275705303  0.50623379880372132
  0.51740565108692405  0.52885754788999351  0.54053051503797955  0.55261174911809852
  0.56480847428370151  0.57735490412941437  0.59022174260467808  0.60361677415301906
  0.61753813240210254  0.63195052763310866  0.64665809778123173  0.66189250878424288
  0.67779530596299553  0.69460787191949080  0.71251195869833772  0.73154515256441999
  0.75193814452155749  0.77373913202770139  0.79720370465873569  0.82297984373716415
  0.85225151681419686  0.88680286233819772  0.93251207613324916  1.00000000000000000
 -0.00215049930546554  0.00885920981151111  0.01850392589103646  0.02901822868305657
  0.03946879978150196  0.05013840330335852  0.06095263332097951  0.07163618802504745
  0.08214314175458658  0.09282594155531319  0.10366622858961322  0.11425817977640113
  0.12483496050011489  0.13539274251314842  0.14598773095104256  0.15643689547166292
  0.16703369960435016  0.17780199994972312  0.18839308063005222  0.19875565028514175
  0.20925585613958669  0.21991223195019563  0.23048222206137006  0.24098984957358877
  0.25147632557612565  0.26199669350901522  0.27250636014910640  0.28296311731926599
  0.29349975107064341  0.30416614689100047  0.31493831801417715  0.32560788780312894
  0.33628111624648244  0.34702615263399889  0.35763647732256704  0.36816866490927019
  0.37861276721435044  0.38912493409298693  0.39947006399991963  0.40980481478802194
  0.42034593625849914  0.43104592393854446  0.44155060424553905  0.45227626007666027
  0.46293926061603013  0.47350286998717794  0.48408558553663067  0.49457254328855826
  0.50489505257986389  0.51515320109261986  0.52563313454421312  0.53636204928670317
  0.54694662131646343  0.55746697504037512  0.56791843641941020  0.57844373493225243
  0.58887855620460750  0.59942119744510491  0.61004572241960997  0.62074724414514615
  0.63135681801466614  0.64195547506405282  0.65248851882967340  0.66297609572730165
  0.67348464859260582  0.68399921636643046  0.69447447470739165  0.70498100591291513
  0.71559224436216162  0.72627955985697945  0.73708472329490060  0.74781850339036449
  0.75833573164143653  0.76880432807581245  0.77936768237203946  0.78984388375250303
  0.80009892876776856  0.81034067282782496  0.82082744193759904  0.83129046366176651
  0.84151328304900108  0.85161107590396024  0.86233584346309233  0.87292591509574435
  0.88346165899612983  0.89412683974137863  0.90452215312128958  0.91510926612559895
  0.92561303956352847  0.93635187901815131  0.94704736202857454  0.95739977998869741
  0.96790729859638169  0.97837327600442126  0.98916798180252752  1.00000000000000000
 -0.01423559478441325  0.06378816109520913  0.10964509297387967  0.14502745895653724
  0.17504296227438149  0.20162856898603457  0.22529549997434922  0.24671397677127122
  0.26685598625709350  0.28591421988182464  0.30382578290080930  0.32091825752397479
  0.33724365010380425  0.35262874642653913  0.36737527470281467  0.38163875492956101
  0.39557563700333231  0.40923528877284165  0.42258609758339671  0.43551629755051130
  0.44792455514730234  0.45993691224600869  0.47136747219497344  0.48253359748255464
  0.49349157086318340  0.50434152161194012  0.51502552712011018  0.52552732835723570
  0.53584406583861843  0.54590636432388562  0.55578434642775199  0.56558195590873650
  0.57530691550998025  0.58479226864555645  0.59392189387920069  0.60295384808533858
  0.61186676591155065  0.62074721528559307  0.62944843160409181  0.63806922252788956
  0.64659326601133615  0.65495521860202099  0.66317360874510201  0.67127246474956415
  0.67928388109158910  0.68718814509761383  0.69500393146172434  0.70272925297073241
  0.71038602563623754  0.71796290823624676  0.72545727766713086  0.73286472893236509
  0.74022329713673896  0.74747454578224770  0.75465078318012513  0.76180342193570760
  0.76894366152609794  0.77603023822828454  0.78300031028011008  0.78983081763919460
  0.79656329580458352  0.80328810751804414  0.80998565313495474  0.81658813114324313
  0.82311722191034131  0.82960387261706436  0.83603638927252644  0.84238274546947489
  0.84863776816261172  0.85482939538909763  0.86095973265272885  0.86704655842919842
  0.87311384459833286  0.87917271964971433  0.88519358957643823  0.89113931377063182
  0.89697237211604064  0.90273752020440867  0.90847607784908069  0.91420282907852368
  0.91990730195323045  0.92554983737924179  0.93112579647341831  0.93667640329294155
  0.94223843513397987  0.94777687078150408  0.95328819234258899  0.95868766803779670
  0.96400129590433814  0.96923777696757774  0.97445581673008030  0.97962955328660728
  0.98475136644227867  0.98981865989010287  0.99490194743093352  1.00000000000000000
 -0.00235156295923608  0.00918719014795666  0.01931952240365705  0.03001519608839126
  0.04073873084433818  0.05139380587626876  0.06206549355408602  0.07263653092313510
  0.08320433760883941  0.09373733499182443  0.10433953777671225  0.11509830448035749
  0.12583430014375627  0.13663293810635688  0.14738346015507039  0.15807463297907631
  0.16867627856404385  0.17926588084869971  0.19003772238189601  0.20088504323986789
  0.21183101862079229  0.22265338473210552  0.23332778458229986  0.24394310330625488
  0.25452024009549712  0.26511322168154211  0.27575571473436944  0.28648293665481056
  0.29718136059320338  0.30781794013146047  0.31848102916412113  0.32914955450557520
  0.33983850630265494  0.35047567810789065  0.36109509774023940  0.37169238466531773
  0.38230585770951248  0.39301630699427187  0.40378582398126261  0.41449998961864803
  0.42500342347050390  0.43534938067054246  0.44564619027778207  0.45602303213099232
  0.46649398270786624  0.47707311903686173  0.48775106695155329  0.49842399404015209
  0.50881867045080287  0.51896371542302189  0.52895416674959839  0.53910417385998366
  0.54948111777616093  0.55997191424070980  0.57064484025984619  0.58135816804250628
  0.59199858056967714  0.60256471995761485  0.61304662701603940  0.62356216472983450
  0.63412596236798480  0.64474807167481019  0.65540227241965032  0.66596285194539295
  0.67654844146489868  0.68700907311118453  0.69731228606106588  0.70753317010470196
  0.71769235455402269  0.72789331982908534  0.73814044576231708  0.74829308962847396
  0.75880761469198599  0.76928221435146127  0.77979335623399637  0.79030339859864707
  0.80083064604985443  0.81121011298764001  0.82162409897126465  0.83196526830989359
  0.84274187172428183  0.85342273714557093  0.86406040969027498  0.87481176883412015
  0.88545064685234320  0.89597385230880600  0.90653075284783258  0.91699435170720600
  0.92723464556577839  0.93747586552578943  0.94771692782108774  0.95806759633661820
  0.96857095929716086  0.97862393097244649  0.98946616743524407  1.00000000000000000
 -0.00230279642765184  0.00910830301864008  0.01927893077645599  0.02979474470495086
  0.04035131063404036  0.05104866114706610  0.06192303715518073  0.07292449744796869
  0.08381609904893123  0.09450059724312868  0.10512357444784053  0.11569914557394245
  0.12626872902962569  0.13677761500320976  0.14733841881076362  0.15801632990860259
  0.16865129225336495  0.17919437230690391  0.18968571856621119  0.20019395436886400
  0.21057795431183943  0.22103493436823862  0.23137870188495319  0.24189109542286202
  0.25248516076199840  0.26276677823101502  0.27308043012981564  0.28341724441410765
  0.29357207622581927  0.30433346750702617  0.31465406846962868  0.32550475420979741
  0.33610497168770082  0.34662649341142232  0.35728093684300311  0.36804938788625108
  0.37877964629498123  0.38899937993209022  0.39938113839628869  0.40980355647747707
  0.42027239548349116  0.43063342747650135  0.44108372844311217  0.45179367827047973
  0.46244186101570350  0.47308161632027101  0.48371700805937823  0.49445619801082424
  0.50503065112938617  0.51566259838544903  0.52608572930396091  0.53665958612724796
  0.54722522362138448  0.55782647500303650  0.56839320943249294  0.57894946416183168
  0.58944536307544537  0.60000220957890060  0.61042182760955033  0.62100988728119200
  0.63168251145348786  0.64243003314745928  0.65306656833461119  0.66358739622665552
  0.67413710887653433  0.68470095380501761  0.69528504678855008  0.70593299679243315
  0.71659019731425544  0.72720174619795397  0.73767269932309065  0.74809882959121621
  0.75850834162718150  0.76911383648467546  0.77969895904473629  0.79026273817960968
  0.80067478187523367  0.81119652222174110  0.82186152625085507  0.83246624714874018
  0.84265594111960818  0.85277542201650991  0.86307753611226912  0.87337845134725445
  0.88378711669955723  0.89402634120991931  0.90476677867654853  0.91567931990549578
  0.92629165863158425  0.93700019105439303  0.94752510011804258  0.95825977510084337
  0.96868393377498208  0.97912519269225495  0.98952006373873858  1.00000000000000000
   6.6776518295226083E-008  -1.0000000000000000     
 F F F F F F F F F F F F F F F F F F F F F F F F F F F F F F F F F F F F F F F F F F F F F F F F F F F F F F F F F F F F F F F F F F F F F F F F F F F F F F F F F F F F F F F F F F F F F F F F F F F F F F F F F F F F F F F F F F F F F F F F F F F F F F F F
  <DiscreteSampler_grid>
  grouped_processes
  1 # 1 for a reference and 2 for a running grid.
  10 # Attribute 'min_bin_probing_points' of the grid.
  1 # Attribute 'grid_mode' of the grid. 1=='default',2=='initialization'
  0.0000000000000000 # Attribute 'small_contrib_threshold' of the grid.
  0.5000000000000000 # Attribute 'damping_power' of the grid.
 # binID   n_entries weight   weight_sqr   abs_weight
    10   10   5.550151617730151E+004   1.898693886490071E+010   5.550151617730151E+004
  </DiscreteSampler_grid>
