  0.00253034442211937  0.01646477161193195  0.02994301660223223  0.04175855545836863
  0.05305352649781787  0.06429504829245578  0.07565725385514033  0.08692785057125141
  0.09846309432510081  0.11020769738384399  0.12179459306391882  0.13278915993769552
  0.14361521620204790  0.15464471504989688  0.16620214648222195  0.17778336901613165
  0.18957524308307488  0.20115696815615239  0.21262444498655719  0.22341066807694068
  0.23384598928087930  0.24449426590057635  0.25550245822147033  0.26683041691160969
  0.27818878454410834  0.28939969273045013  0.30059845835400634  0.31130707080364789
  0.32219308734069307  0.33287300817536142  0.34344458636578024  0.35391478891034178
  0.36421503362331148  0.37467836250943110  0.38525392312235679  0.39594543974772684
  0.40646401479740313  0.41704136340347137  0.42779088232245832  0.43854653712790737
  0.44903676862027725  0.45960003552318207  0.47007631663182653  0.48075867845865894
  0.49127038892363412  0.50188182961557626  0.51249812888907276  0.52296171966764637
  0.53346961232109091  0.54394562120634515  0.55465177964581891  0.56524858057156180
  0.57575689038438149  0.58630424714884422  0.59681006242912393  0.60728455104921153
  0.61764538244233569  0.62826309705788286  0.63863665600961195  0.64915629103066652
  0.66009323779529427  0.67117658118123891  0.68235782236630527  0.69312297727395888
  0.70371520810135879  0.71378545361521950  0.72368981653920461  0.73367447281519127
  0.74387485946139242  0.75407924959526051  0.76410929599612731  0.77416454939924861
  0.78430708735075272  0.79461072810376443  0.80486616932665467  0.81498923386015520
  0.82490974016806362  0.83487901245707707  0.84482403457173871  0.85463330002753091
  0.86432362782247363  0.87387719002266229  0.88365473122001881  0.89346018908656877
  0.90311914495778589  0.91257011517442188  0.92184889632362943  0.93106571374571701
  0.94027985968669414  0.94941583818893416  0.95831954896993710  0.96698725850080502
  0.97526737385974993  0.98322407366411169  0.99145890491781374  1.00000000000000000
  0.00241026541297145  0.01702772453503132  0.03091386486056571  0.04290385371694094
  0.05436318468261277  0.06561823166305256  0.07694993355241980  0.08820854198933770
  0.09953535449338900  0.11053246270532791  0.12130953001412670  0.13208633624779775
  0.14287596396653124  0.15368386609562337  0.16457563687483115  0.17566957174824194
  0.18674943245005265  0.19763998222217233  0.20833112565020689  0.21873534346948079
  0.22880020516952204  0.23887414389035211  0.24905947215608090  0.25952890712847726
  0.27001081417857775  0.28067379406743953  0.29139401965379963  0.30220567169440787
  0.31313601800906765  0.32412657439072101  0.33500160896322839  0.34557138658214520
  0.35614197479687631  0.36692903609140742  0.37792409192892562  0.38899619201427965
  0.39995280246347586  0.41085031214146051  0.42152745827196902  0.43190522523240915
  0.44208314149503436  0.45226888523880532  0.46262607071254963  0.47325052470655499
  0.48403614358894104  0.49481124290636341  0.50552029034319335  0.51604363480909521
  0.52637470012785137  0.53667628659629674  0.54720679014385454  0.55788363561817500
  0.56835752802623851  0.57854381160616986  0.58867705528136671  0.59886914974110494
  0.60912928320588178  0.61945717301982739  0.62995641232114741  0.64066009489057729
  0.65150797659814474  0.66233688534365176  0.67298043441923661  0.68346203069490175
  0.69382963627959304  0.70397305467466353  0.71401871243342552  0.72410587097188484
  0.73423529805006493  0.74436675964671029  0.75467832005052260  0.76526201513590963
  0.77582374164716794  0.78618726278058437  0.79652910774956953  0.80694583102809003
  0.81737666788273611  0.82774080859266441  0.83808851489636271  0.84851605966815991
  0.85884473326486710  0.86890827368773460  0.87870353251269229  0.88852046406648433
  0.89850034932216272  0.90864809151034709  0.91866017586939974  0.92852014657305026
  0.93822486785839088  0.94775791621375516  0.95713730075484649  0.96627749468277258
  0.97520607060103215  0.98363405506137480  0.99195416163565597  1.00000000000000000
 -0.01327375031471131  0.03913073978472079  0.08504737150961238  0.11751439286099805
  0.13563186550765313  0.14867309564898940  0.16094139064908378  0.17262203720389022
  0.18443118238629036  0.19635368327469846  0.20816488992366639  0.22007359554554670
  0.23145634405635551  0.24264101521815706  0.25392915969183782  0.26524378214798228
  0.27646420269669886  0.28733782641537026  0.29794412372605505  0.30848404978149707
  0.31913078147694562  0.32970457142250453  0.34031117655879733  0.35125710857176667
  0.36233522462187906  0.37290219656699997  0.38315199375272918  0.39342485276147038
  0.40364031657315291  0.41362834864749298  0.42348322060915172  0.43321216706332338
  0.44280089437378051  0.45230906614091332  0.46196637443563271  0.47173574851701583
  0.48152613789604864  0.49127106782448171  0.50095544651422563  0.51038145219460551
  0.51967162962027924  0.52894305575116285  0.53815590833941629  0.54718521788996033
  0.55599985794522266  0.56468723485801642  0.57341160890474430  0.58213583636694766
  0.59102472109851956  0.60026723575869467  0.60970045190217359  0.61882463645276642
  0.62787400075879662  0.63675910525508572  0.64555030672665081  0.65449104092239085
  0.66350799022414197  0.67246398873098912  0.68133983552045141  0.69018798094967970
  0.69903960600696113  0.70784398235989310  0.71649321409041899  0.72502970303252878
  0.73355207425432833  0.74220010763906274  0.75099498990270297  0.75986568075664007
  0.76868617796556848  0.77762743559703884  0.78646559400230154  0.79515020961194860
  0.80368060130247365  0.81211062076104579  0.82060610125196543  0.82927116612243479
  0.83807727776019503  0.84682865739488422  0.85539554042790267  0.86389035327002428
  0.87234133564505201  0.88085993819259811  0.88948098270263121  0.89810076166082797
  0.90654405896523960  0.91487300643801217  0.92314924214840532  0.93142466231348153
  0.93971466160624306  0.94789691738729276  0.95617714786889185  0.96476928581835597
  0.97354068764643287  0.98234533427108883  0.99113912182896768  1.00000000000000000
 -0.00231937041072204  0.00915877109839816  0.01940327101672057  0.02984660247221933
  0.04044439950377452  0.05062006130398575  0.06080906082921017  0.07129330560119843
  0.08194230099400925  0.09258895644310225  0.10337076339372848  0.11448165401483056
  0.12574594230770547  0.13666921887382813  0.14718617340158299  0.15735996735995728
  0.16763555267338021  0.17804395743868828  0.18858356800978099  0.19908110133118226
  0.20978050183132343  0.22033336619484598  0.23097728602416626  0.24190864008193053
  0.25302121012294126  0.26379809969774615  0.27422731018179425  0.28473415741938218
  0.29586222351119540  0.30732694852181647  0.31854154996130629  0.32934832031020689
  0.33986801944124467  0.35053751033319669  0.36122652185078497  0.37215402067136116
  0.38306850052491542  0.39398247026012645  0.40479207354996827  0.41561916640676011
  0.42639575965392545  0.43714600654550623  0.44762972592029149  0.45807134744655809
  0.46856804329712315  0.47910459953737744  0.48951815742513355  0.49979135039325223
  0.51002288219745218  0.52009082534132378  0.53011730914900757  0.54025983793840759
  0.55070907016318749  0.56120711559868164  0.57175697650230539  0.58214104246752463
  0.59236971250853265  0.60259923992384656  0.61292932508523390  0.62332542064983176
  0.63357753902221703  0.64371460259327384  0.65369913175949812  0.66363299866626713
  0.67397272613654713  0.68476878528803042  0.69547332848249876  0.70587098429426476
  0.71638620306401635  0.72677058540988160  0.73677892050289140  0.74686578485886046
  0.75715729229190865  0.76770962595144543  0.77803709497443330  0.78845127008279703
  0.79906279709695949  0.80956360614950273  0.82019935925042009  0.83084729934004220
  0.84164207456703899  0.85259612085069769  0.86332337093348888  0.87380135717203467
  0.88422524901419253  0.89447157869639338  0.90509975193610459  0.91563052218119412
  0.92642410027114730  0.93706301793481828  0.94747897374212897  0.95819546336947647
  0.96869434879368943  0.97921343725544563  0.98970907283332321  1.00000000000000000
 -0.00166679179496699  0.00631881428842716  0.01399663010348720  0.02153327549099205
  0.02906722489687268  0.03656635278583398  0.04406329193919806  0.05165255218320657
  0.05923411630049137  0.06681058477174798  0.07439181341955912  0.08198735607409990
  0.08972666084898247  0.09749987935050333  0.10534749858377636  0.11331842516215326
  0.12123765913360364  0.12906595287579650  0.13687634734561246  0.14476766224996135
  0.15277458031944746  0.16073458343470096  0.16861901866936985  0.17651174358835928
  0.18443172593985582  0.19244155315166087  0.20049133264393648  0.20861330618944221
  0.21670683931483489  0.22467649048761407  0.23257851324189094  0.24037425709279880
  0.24824201181581448  0.25625616345519964  0.26440474490715682  0.27253688759064970
  0.28059414243253855  0.28859720078538492  0.29664298728178340  0.30491430469924369
  0.31347671694306845  0.32218777215159972  0.33088347270844765  0.33950024313381272
  0.34808849706853046  0.35673356397489542  0.36540537671380052  0.37387748114376168
  0.38229811466761809  0.39069130207247482  0.39944208574240508  0.40842553386224328
  0.41763034166145308  0.42688839572904924  0.43651802699150033  0.44637932739816588
  0.45639757303271006  0.46622211568936278  0.47592661267767977  0.48539795995253771
  0.49481703766366902  0.50434487680797224  0.51411421361195120  0.52409791267404493
  0.53426811914303829  0.54477168130420439  0.55568074176274218  0.56684826540569055
  0.57814016929082923  0.58957817349227493  0.60105731170508825  0.61239296677805088
  0.62368068686758271  0.63503123111265836  0.64629711805021439  0.65756361208903868
  0.66891260448876144  0.68061468803687208  0.69287554589620459  0.70538559190362859
  0.71818964441599253  0.73101926241954640  0.74459599086972683  0.75851756547472071
  0.77300408079949401  0.78795101740982665  0.80330990342915309  0.81925755216915852
  0.83616085999988010  0.85471359176782746  0.87441399655170327  0.89497178671062572
  0.91690579789132298  0.94071807271395524  0.96796533018345354  1.00000000000000000
 -0.00226349870073198  0.00907026549155366  0.01864726294106336  0.02873020946871156
  0.03915629403252407  0.04972215370096523  0.06031598093010370  0.07081809975089029
  0.08129189060821902  0.09185027507701260  0.10220175490146093  0.11266220431978280
  0.12288769989157766  0.13334655237148116  0.14344282623123328  0.15368994174570982
  0.16407224684762811  0.17478042957140189  0.18564773007770730  0.19598205650553854
  0.20644086924542301  0.21654199107499844  0.22716993521223477  0.23753853607501568
  0.24817443127871167  0.25860677581307845  0.26928255347408236  0.28016918149733433
  0.29093842974846690  0.30136365988133812  0.31179145898303262  0.32242155262203465
  0.33338341089164764  0.34437885581779043  0.35538626750154828  0.36645744962706461
  0.37744039693810605  0.38842637074794362  0.39919985186329160  0.41019611891482016
  0.42137232594862056  0.43271844727895797  0.44364085614092574  0.45422632410785946
  0.46481763249641456  0.47560494741990578  0.48620525236941203  0.49651859633574547
  0.50664765744832629  0.51705374409364024  0.52755909898529196  0.53819890844350815
  0.54854715637825657  0.55883633233176222  0.56924398415149269  0.57981382948504512
  0.59018353735692142  0.60059277649482357  0.61137940485863373  0.62252240668832193
  0.63326933970911570  0.64392920933011122  0.65460936654031709  0.66524303579993516
  0.67576576105150232  0.68600548921086080  0.69621113397174317  0.70617865972934124
  0.71637708810314427  0.72698526783557560  0.73773813103115993  0.74832034998475483
  0.75858633229540962  0.76855055146314921  0.77898619678556791  0.78955450092048529
  0.80032295244979668  0.81074447480581513  0.82122525900692467  0.83193319207280503
  0.84282978578321355  0.85370960738861557  0.86439478419906313  0.87533419915863797
  0.88608234434726330  0.89684312106118080  0.90683434287237963  0.91686757880731540
  0.92724586684490573  0.93804796195775719  0.94855112253913554  0.95877095580863447
  0.96885063332045251  0.97900311339380486  0.98926559319312135  1.00000000000000000
 -0.02933164874591564  0.15407776444604002  0.21565940106121151  0.25689480027977474
  0.28770445905827324  0.31420269767508435  0.33705167252967833  0.35754982048741540
  0.37602714166129420  0.39282906804949114  0.40802430403415885  0.42235171777342873
  0.43598917484900007  0.44944697707441300  0.46219486455526065  0.47427278618565444
  0.48589447747202419  0.49726213296679622  0.50826322608772034  0.51869826678303133
  0.52877936380880008  0.53856097963474414  0.54804051479891613  0.55703084120437840
  0.56559225349795772  0.57388884887856861  0.58198962602419169  0.58995709726700718
  0.59775786915407614  0.60547780833973119  0.61319110870801952  0.62092463148018306
  0.62856169762729253  0.63616455769540858  0.64362676116085915  0.65085592036139250
  0.65788950737906160  0.66476664095166882  0.67143894605151488  0.67789947140060025
  0.68428511578673978  0.69054483586880866  0.69668787478829619  0.70297296363365425
  0.70931034198107534  0.71569569215204398  0.72204952856366911  0.72823249353022845
  0.73426979797278324  0.74022691174036215  0.74609034171148270  0.75199628540045715
  0.75794030184649430  0.76380556793467835  0.76973922654910898  0.77549144606975862
  0.78121171475033291  0.78683619886661871  0.79242315270454400  0.79803955243506053
  0.80372096611465405  0.80939381082983197  0.81497064717791523  0.82049233854839576
  0.82596928732412023  0.83141387976686942  0.83684920113741390  0.84227978732148356
  0.84772784864726369  0.85316763472478674  0.85869128694341879  0.86422669625011672
  0.86981120795867106  0.87537304783992720  0.88081523528394678  0.88626700354544585
  0.89178585990590664  0.89732228777486844  0.90286072303357323  0.90839862311311159
  0.91378229663050847  0.91904414603236728  0.92431144717865033  0.92964256910455101
  0.93508322452125603  0.94059390294775513  0.94617088923576431  0.95189178159280297
  0.95771793264803251  0.96362912432146020  0.96953803375024650  0.97543558720407020
  0.98137271787481140  0.98746702731649039  0.99369474638266453  1.00000000000000000
 -0.00244234962810846  0.00947275882312309  0.01946905522716400  0.02946468152025189
  0.03947332058042687  0.04962586007505366  0.06033783216188088  0.07082109504215658
  0.08105433483775865  0.09144214650454330  0.10192149691399212  0.11247874894885497
  0.12293140986449959  0.13305036885848845  0.14313701806850751  0.15356280821663620
  0.16424181280490224  0.17481778384089944  0.18504273218367256  0.19560364381004169
  0.20635812706766685  0.21690478307793243  0.22745129112142284  0.23790978616200373
  0.24874206895154022  0.25899687897127599  0.26966993149871848  0.27985337187031717
  0.29068524121454115  0.30154067438830584  0.31231228733031752  0.32296465186415174
  0.33363794502896083  0.34463318263388387  0.35567153185017603  0.36651437837249545
  0.37736422013478088  0.38800031867458701  0.39843569971111464  0.40879523622100661
  0.41905660094220082  0.42909629558963458  0.43916662324783073  0.44947466959740012
  0.46004796815369742  0.47054509815198159  0.48116555839466585  0.49175541118726585
  0.50245239582694412  0.51311050008347803  0.52378564015035622  0.53457531455595952
  0.54522580869021853  0.55583775154323445  0.56634052997687290  0.57680889306640570
  0.58741011493715267  0.59790920842446982  0.60839607150980968  0.61880996519302045
  0.62946149452841083  0.64011696979785060  0.65071067231288615  0.66118215893870080
  0.67175138584121463  0.68216919142665844  0.69266528940898997  0.70312788570209894
  0.71389058054051735  0.72438199296970718  0.73474275069055861  0.74514540847949262
  0.75581417940120255  0.76651098183138666  0.77678859998442229  0.78702757518338073
  0.79734899273065285  0.80789078095584355  0.81842758638648239  0.82896738621737764
  0.83935761774438455  0.84996309062372488  0.86061355214788582  0.87124122658662873
  0.88178763144944405  0.89238086252328841  0.90324479764548027  0.91398834819757224
  0.92496300119628372  0.93600561396901438  0.94692982304393047  0.95749843448276872
  0.96796351130719394  0.97858620133018082  0.98910782239397621  1.00000000000000000
   5.7145190153295972E-009  -1.0000000000000000     
 F F F F F F F F F F F F F F F F F F F F F F F F F F F F F F F F F F F F F F F F F F F F F F F F F F F F F F F F F F F F F F F F F F F F F F F F F F F F F F F F F F F F F F F F F F F F F F F F F F F F F F F F F F F F F F F F F F F F F F F F F F F F F F F F
  <DiscreteSampler_grid>
  grouped_processes
  1 # 1 for a reference and 2 for a running grid.
  10 # Attribute 'min_bin_probing_points' of the grid.
  1 # Attribute 'grid_mode' of the grid. 1=='default',2=='initialization'
  0.0000000000000000 # Attribute 'small_contrib_threshold' of the grid.
  0.5000000000000000 # Attribute 'damping_power' of the grid.
 # binID   n_entries weight   weight_sqr   abs_weight
    10   10   1.073533677854233E+002   4.630792486749922E+004   1.073533677854233E+002
  </DiscreteSampler_grid>
