  0.00240062699094294  0.01648632893932876  0.03008807929601527  0.04208246380032059
  0.05370888321605886  0.06515448037102407  0.07662126576651657  0.08787580468447385
  0.09895570509236740  0.10991179091722089  0.12085686665449469  0.13179692220349790
  0.14276808531386911  0.15375074336719538  0.16474479805128092  0.17574982456803606
  0.18660072075062026  0.19735908045482589  0.20800976958909098  0.21868046846543851
  0.22946519311212729  0.24014932299169767  0.25095650033802380  0.26165884081881602
  0.27241236175471556  0.28302695875496336  0.29378455969253653  0.30433882978654586
  0.31495699403660238  0.32545823167534443  0.33605301248708813  0.34657128952311278
  0.35702839605892184  0.36746424957313423  0.37792375304068188  0.38861867780106740
  0.39926412424704394  0.40971919163926418  0.42022534060842737  0.43076762163894361
  0.44121672682527668  0.45150486729716616  0.46178344974592833  0.47232322940032023
  0.48286796969204493  0.49336134866358361  0.50389354115728446  0.51444948132535462
  0.52498260223156346  0.53535504359851060  0.54564466162396996  0.55602453964513554
  0.56637386411460966  0.57665222927721116  0.58700422306505029  0.59749558732388297
  0.60799539869650199  0.61841435154690083  0.62876647725210211  0.63911319219027485
  0.64941301439761756  0.65974426928439722  0.67016562796674983  0.68059932212090490
  0.69095484772632454  0.70124153727944294  0.71158902250348843  0.72213931420276511
  0.73280913578763107  0.74340753776270219  0.75383097109145913  0.76414695551001044
  0.77446267413897618  0.78481432327401901  0.79516269572605092  0.80545983568705104
  0.81569599594773201  0.82592960091797074  0.83622411173936861  0.84656675311541052
  0.85689837343017017  0.86719222624819481  0.87732800350197226  0.88729470501611840
  0.89719187930647448  0.90706507560381966  0.91692792240741472  0.92667853854248494
  0.93632206449828603  0.94587889924018420  0.95529484529635600  0.96455180450253675
  0.97339821785363134  0.98154656246968341  0.98957693331808039  1.00000000000000000
  0.00224864421761433  0.01661880666961895  0.03042183837524728  0.04247520053802957
  0.05414553779162406  0.06539799062727719  0.07638216482490343  0.08731551024611875
  0.09837750964620963  0.10943154878176586  0.12045891095271510  0.13142130035654606
  0.14233110384333683  0.15324087679092468  0.16415168148189768  0.17510752507825345
  0.18599025053505422  0.19669247968340162  0.20725146759015922  0.21773524113179157
  0.22813471895761292  0.23849646078376582  0.24897271865601373  0.25963877729274371
  0.27034575454643034  0.28099676679434477  0.29167581191248726  0.30238787548353829
  0.31306705816100960  0.32366090349872761  0.33414285092715024  0.34456529399587599
  0.35512013742765658  0.36583127896035411  0.37650175138644992  0.38708109606275343
  0.39760593513156073  0.40828279368752257  0.41882165819490785  0.42921875567189033
  0.43949576717437538  0.44971006835173222  0.45995881171737202  0.47021560632044046
  0.48048550365505310  0.49083107372598805  0.50125944048694293  0.51179201772868699
  0.52222568471779429  0.53252449627877119  0.54280889655788311  0.55314145604052178
  0.56351376242175621  0.57397830221087054  0.58453742073152148  0.59512716947477862
  0.60567967558435853  0.61617035267757714  0.62660475190619624  0.63701598703530693
  0.64745895187334845  0.65791576248124262  0.66836449410525045  0.67880671535796111
  0.68925976361338270  0.69973131453682924  0.71012650670933564  0.72041322775833483
  0.73060579366983514  0.74076625426680343  0.75094164561035703  0.76115153691016191
  0.77137496263551608  0.78160139285270325  0.79183065491815741  0.80205188165356334
  0.81225029911296776  0.82244237526226216  0.83258957823540225  0.84268884574599945
  0.85270706075588498  0.86267482706985876  0.87262870283756711  0.88258785904532588
  0.89255595090022610  0.90250239225508111  0.91228349613975324  0.92192494239927192
  0.93147241001268266  0.94106743186669539  0.95062230122750002  0.95997535597096861
  0.96892980647246263  0.97740998603353613  0.98536361321450627  1.00000000000000000
  0.00946407193439423  0.01111264820670658  0.01220679318266920  0.01327029371291689
  0.01436895115957794  0.01549832801970400  0.01665734320495996  0.01783205038398029
  0.01899992534146608  0.02018827013553752  0.02142549198917523  0.02270287742042631
  0.02392671926992808  0.02507782914533828  0.02615084570815806  0.02714419355884687
  0.02822895480519305  0.02943286929879191  0.03066180269656671  0.03190962946971363
  0.03318811840246659  0.03449422946864025  0.03582025706888618  0.03716524182875026
  0.03852162414248572  0.03991231218278184  0.04135012696649458  0.04284033822833863
  0.04438883839876372  0.04600024271074736  0.04766530832235920  0.04936948543777483
  0.05111986518172176  0.05291915517239634  0.05477760263993138  0.05669248854216057
  0.05867374501237207  0.06071673238294144  0.06282837109882027  0.06501185279306457
  0.06727699754813996  0.06962499947809830  0.07206339353735344  0.07461334551585497
  0.07725335018289629  0.07997988150549207  0.08278175901737782  0.08568686398539133
  0.08871370896424779  0.09185453884078856  0.09511435936338175  0.09850346003525019
  0.10204360051420160  0.10570827235265808  0.10948941053760804  0.11340516747766852
  0.11752175552507328  0.12184085210988896  0.12632277042632092  0.13099142793160570
  0.13588724139238087  0.14102290886083252  0.14637145215759309  0.15193633321147945
  0.15779926357394597  0.16396322012284856  0.17041857949125916  0.17720989936104203
  0.18436902062496721  0.19190432886175376  0.19978013739873099  0.20802137023897385
  0.21676173981359417  0.22614892749350665  0.23623942719258570  0.24691777251986691
  0.25816561478855438  0.27005805942734518  0.28264530656357689  0.29611899084366411
  0.31062558962093023  0.32627423324423671  0.34316399204267800  0.36141156334274938
  0.38118389634725042  0.40276420389578760  0.42656913368843336  0.45295532203002997
  0.48239900328707264  0.51577470260406644  0.55448823252289436  0.60081756700283417
  0.65948841763573962  0.74678294025520320  0.87045018484055392  1.00000000000000000
 -0.00105028996377440  0.00404810533799246  0.00926576727413727  0.01446393751820641
  0.01972020626426275  0.02501354054165104  0.03034245116183228  0.03570721112307047
  0.04110287604936234  0.04651855859762541  0.05196774478810933  0.05747019438267516
  0.06307238478156073  0.06878007755788243  0.07453752934406627  0.08032725413944693
  0.08620620853415649  0.09215105696254292  0.09809523708372406  0.10402628595498187
  0.10996504727940433  0.11594253288135514  0.12197545812889256  0.12804577461064279
  0.13414356183115614  0.14030182731478347  0.14651499799935061  0.15277408819741636
  0.15908948447451013  0.16539103363870150  0.17173139386762543  0.17814425335161435
  0.18462659864858827  0.19122215852820462  0.19788909433169455  0.20466302596778529
  0.21150868748454382  0.21843858192702240  0.22537353893091583  0.23235984742825055
  0.23944585474265945  0.24662808626614388  0.25385180491000536  0.26105245232657248
  0.26826691129391045  0.27556979338210280  0.28301984075389558  0.29060821108968654
  0.29823897445424258  0.30594115594580051  0.31371877708224416  0.32170462515649700
  0.32976393463189480  0.33786358857915227  0.34606975947194335  0.35444698945720204
  0.36298243042390965  0.37161257964480376  0.38037181797702674  0.38929348435351863
  0.39830250943338380  0.40738447379726628  0.41658979108425287  0.42601565807580560
  0.43557806554001882  0.44519037079010076  0.45489438651878628  0.46494711147006407
  0.47529369058534471  0.48582271230167667  0.49650355034945798  0.50744780428431635
  0.51860786797650937  0.52997915541162388  0.54174106872361538  0.55388017484207785
  0.56628317788075133  0.57897633581924135  0.59199956989749858  0.60540164218703130
  0.61928043441622271  0.63348939932344339  0.64813313180616139  0.66355327357559257
  0.67962325675593316  0.69624466020872011  0.71376745863788582  0.73263534600509805
  0.75301842969389310  0.77461040743343701  0.79766344201287431  0.82325086419264948
  0.85264302382897461  0.88746807166311636  0.93363615473852968  1.00000000000000000
 -0.00234466696511027  0.00912130229238562  0.01961745872480662  0.03037992371806871
  0.04120507658905376  0.05187907910528104  0.06244427844485727  0.07310782350941734
  0.08368114033910098  0.09423641445862292  0.10472989655864337  0.11499093589811944
  0.12523187086955995  0.13528900586953058  0.14552085831487407  0.15590677701048364
  0.16619918712210538  0.17687286343562778  0.18744181441964314  0.19824811667757200
  0.20876969919992300  0.21931637983256269  0.23002225915209468  0.24029650681046513
  0.25081206069314138  0.26119380870403880  0.27160206922684421  0.28177630091176326
  0.29212155091342501  0.30251005133729819  0.31308407143980371  0.32355306230757058
  0.33412434541828639  0.34465511173392083  0.35528556111279352  0.36588401089973160
  0.37642908860259139  0.38697399985124542  0.39760302974253242  0.40818926822042784
  0.41867446559939531  0.42913939539251783  0.43971367274115852  0.45031860196018603
  0.46096250297254199  0.47151790596152826  0.48201436944648834  0.49249775158703174
  0.50305697993791398  0.51366140527022641  0.52425473139947631  0.53484950851256452
  0.54545909231244727  0.55611337648405978  0.56663960047635697  0.57714612547522981
  0.58764759849021697  0.59824857103005402  0.60890991791973603  0.61965055278878911
  0.63024052245882634  0.64058972305975836  0.65090658084950437  0.66101622338465937
  0.67146344580170092  0.68166712986713196  0.69196410065111236  0.70234096144471980
  0.71282354863907660  0.72374241682004292  0.73446056110106728  0.74481635344972952
  0.75540620746792353  0.76590624367961879  0.77647871440487037  0.78699977570129764
  0.79759742358183561  0.80844243241755032  0.81909115142090738  0.82980765506841148
  0.84069304286519453  0.85147669769409584  0.86224633285885099  0.87296798414064924
  0.88367826497001967  0.89440709760474235  0.90487498683296741  0.91561106092420153
  0.92616582244035017  0.93704047367680043  0.94762353620063189  0.95818679187667166
  0.96862623060077091  0.97916779073039406  0.98949338030397282  1.00000000000000000
 -0.01407228972238021  0.06342322649505071  0.10950866487568300  0.14509007688652825
  0.17508286191437092  0.20100454639680637  0.22398342897823528  0.24515316222794803
  0.26521413172821678  0.28418524165274717  0.30204613478501546  0.31906916142822428
  0.33546415172640370  0.35133499927980466  0.36678808310822442  0.38114354713701681
  0.39457125472524751  0.40751741661910973  0.42024430063243706  0.43271133875447865
  0.44495099127323029  0.45714547102675240  0.46910130310319520  0.48094760943605441
  0.49251207752315318  0.50379397681154581  0.51474237365471320  0.52528191206528674
  0.53538207000811944  0.54525870277139332  0.55502439750300647  0.56456659048259283
  0.57383607661557157  0.58294199661614532  0.59207453868432747  0.60117489609127084
  0.61014037852558067  0.61897905819986576  0.62772741037091817  0.63639028791447028
  0.64494896656016021  0.65341511609588665  0.66173186282256091  0.66993540476289815
  0.67790266621207496  0.68575988744214567  0.69350730034079855  0.70112273018779525
  0.70874684184679682  0.71631069803962644  0.72378496622828914  0.73117548884969119
  0.73846444755003748  0.74569715981251861  0.75288782356562578  0.76008051878583494
  0.76726708700860968  0.77427830172576018  0.78110290040958152  0.78782260287474737
  0.79447495593577122  0.80108028824385158  0.80762438893806043  0.81407619348029003
  0.82042831206108990  0.82671597133668917  0.83296828882489204  0.83921952005074452
  0.84549175147821043  0.85171833549529841  0.85786546856198842  0.86400718113266661
  0.87014970008278891  0.87626555641865245  0.88235828269644667  0.88843504923580374
  0.89446873517490333  0.90044874269035446  0.90637375852383217  0.91220877915916798
  0.91794144072708561  0.92361340910171230  0.92927315081684414  0.93493428557463643
  0.94057237998617316  0.94615181387249092  0.95166346089982368  0.95711287446741555
  0.96253659024506844  0.96795452812831517  0.97336033228049124  0.97874044383916103
  0.98409237801321747  0.98943576271401279  0.99470688962867304  1.00000000000000000
 -0.00230446970381027  0.00925078420951428  0.01885777755860500  0.02935297287659687
  0.03950230351718311  0.05017624990287222  0.06078890780789956  0.07161092231039051
  0.08222837248408711  0.09280791761727865  0.10323908372601182  0.11379869823290728
  0.12432676642131225  0.13483109390266027  0.14520460421205572  0.15582869438518332
  0.16636906158472869  0.17710341374079369  0.18787421757774680  0.19866737577673196
  0.20943952245491934  0.22014178421632638  0.23079175820760725  0.24131174627170476
  0.25185703629462564  0.26246889771357107  0.27306053687496157  0.28351296483926880
  0.29404699835489823  0.30454154368618874  0.31511911934630582  0.32557676419690013
  0.33608146632408675  0.34668521205942859  0.35723836656041924  0.36781285304447198
  0.37839297482784517  0.38904935934457729  0.39972516218184806  0.41051555992651401
  0.42135041479052693  0.43201878960837869  0.44268826292972357  0.45328797726876979
  0.46404481903351602  0.47476595919957543  0.48568814114068776  0.49647133630548584
  0.50721308094183926  0.51795595221690138  0.52868238955953173  0.53931632726826828
  0.54982388221667866  0.56024729187465439  0.57058159032371947  0.58085811075398774
  0.59112678245500738  0.60139438379684518  0.61163770258374683  0.62203202584615491
  0.63262933424653212  0.64330765613717678  0.65366459199669436  0.66394320493257175
  0.67428458676162617  0.68471172401007918  0.69514458321329375  0.70558912760004422
  0.71623741873361324  0.72679101361931053  0.73746721306319829  0.74804363426915410
  0.75858501279304957  0.76887165324069662  0.77925517029183111  0.78963223445859776
  0.80030496221823777  0.81082089387120682  0.82144760726363364  0.83206892793866216
  0.84267877840436312  0.85341042682654944  0.86392103582865221  0.87453047633110814
  0.88510634542897848  0.89565464401739148  0.90623631785451186  0.91685112708154703
  0.92714832403865266  0.93750296162687952  0.94787830439902443  0.95838701753944355
  0.96894409294595019  0.97917804916740125  0.98977310586977996  1.00000000000000000
 -0.00227742274862427  0.00901291432859235  0.01929783838152495  0.02989642358174344
  0.04049458360364044  0.05100237518394161  0.06142079841636632  0.07174910612814209
  0.08214219433495526  0.09270430923726411  0.10333577499713920  0.11388491337906645
  0.12451168385635228  0.13497663470736945  0.14551440319433270  0.15596159487269273
  0.16671232352112036  0.17742310592503685  0.18822247698993463  0.19879388943277579
  0.20946187066970171  0.22005161125020692  0.23074249341998995  0.24137667677699615
  0.25196360886793240  0.26250254208895851  0.27302314147621659  0.28368793721542324
  0.29416205593938194  0.30454190725482932  0.31495315251735723  0.32562957040136337
  0.33615730862725862  0.34652351634925238  0.35680502516926316  0.36736525929177200
  0.37809189695705664  0.38892999521106847  0.39949612442192772  0.40988887921631861
  0.42032815034243926  0.43070780419849308  0.44101988200052644  0.45132566095447202
  0.46168562502920929  0.47247498754858813  0.48310712096225650  0.49389830568250892
  0.50457185824581152  0.51515089884259746  0.52581031826139568  0.53634658610226149
  0.54674138545934869  0.55730185240704111  0.56781704202739947  0.57864340925770386
  0.58921232042919469  0.59981994524107907  0.61023851976613053  0.62058584664082872
  0.63103887222649879  0.64136403922469720  0.65188216157850631  0.66239651913488817
  0.67294599252042253  0.68353996123669891  0.69423097233296138  0.70499755143380005
  0.71582221994553186  0.72646984372405965  0.73700234573918977  0.74741645629687137
  0.75774828638618308  0.76817596740240290  0.77865949036514015  0.78912075078893185
  0.79956722814879977  0.80978896167847236  0.82054295589341286  0.83097921910565464
  0.84157983749993992  0.85206108596408658  0.86289020890705204  0.87365724220969510
  0.88431790731861637  0.89499288469857929  0.90571900519054294  0.91633570429540756
  0.92696429911361822  0.93748156550059891  0.94786907621703331  0.95833038110012803
  0.96890260896455083  0.97933958323594916  0.98963067864094612  1.00000000000000000
   6.6559112109001272E-008  -1.0000000000000000     
 F F F F F F F F F F F F F F F F F F F F F F F F F F F F F F F F F F F F F F F F F F F F F F F F F F F F F F F F F F F F F F F F F F F F F F F F F F F F F F F F F F F F F F F F F F F F F F F F F F F F F F F F F F F F F F F F F F F F F F F F F F F F F F F F
  <DiscreteSampler_grid>
  grouped_processes
  1 # 1 for a reference and 2 for a running grid.
  10 # Attribute 'min_bin_probing_points' of the grid.
  1 # Attribute 'grid_mode' of the grid. 1=='default',2=='initialization'
  0.0000000000000000 # Attribute 'small_contrib_threshold' of the grid.
  0.5000000000000000 # Attribute 'damping_power' of the grid.
 # binID   n_entries weight   weight_sqr   abs_weight
    10   10   4.548937149111756E+004   5.926500786296248E+009   4.548937149111756E+004
  </DiscreteSampler_grid>
