  0.00239401417729692  0.01628326154125246  0.02988052955090143  0.04166830473649778
  0.05325673357105030  0.06471585925998868  0.07617836354665647  0.08744221933680318
  0.09824630370068241  0.10894068621740954  0.11963210971021408  0.13025688161040000
  0.14087510738587311  0.15155688803884965  0.16261257925580835  0.17371704917820621
  0.18486761156540768  0.19592888500585895  0.20689419877208756  0.21772496743976905
  0.22849461092469811  0.23925087414054641  0.24996601925782319  0.26071049432748744
  0.27142176435939236  0.28206065840369882  0.29273062721004783  0.30328950914648517
  0.31384444354272067  0.32446624043162842  0.33513934370354315  0.34582589139953157
  0.35623918417926587  0.36648575554725432  0.37687376531369093  0.38738479917397517
  0.39786008476242513  0.40819249912179745  0.41839775696288228  0.42865023204845293
  0.43894701400170077  0.44926232885518202  0.45970125748056595  0.47019186930378715
  0.48066242734065334  0.49104915826722484  0.50147653376083567  0.51196816944634527
  0.52251514580256719  0.53305886557690030  0.54354484892901067  0.55390794647331854
  0.56417627975171902  0.57446809450721004  0.58483442086480375  0.59528440457996645
  0.60575029524859170  0.61624405828661577  0.62678678526034382  0.63731200831554924
  0.64774937435673108  0.65808381916590386  0.66839621270724381  0.67868238202564901
  0.68896758710247408  0.69929858842430737  0.70967365825951079  0.72002016717774187
  0.73024034576352115  0.74043360852825879  0.75066519457723135  0.76090871804575178
  0.77118947542399763  0.78145177087862494  0.79162850843682719  0.80172749861259007
  0.81180230748276450  0.82193886641007996  0.83210739398693823  0.84225379560942426
  0.85238308110570427  0.86248807212496792  0.87258055281134039  0.88261653139829066
  0.89255219509017503  0.90241328220961636  0.91222969901890683  0.92198344244078978
  0.93165253157405592  0.94132365959976583  0.95097053590282343  0.96045762283844294
  0.96962866735440645  0.97807583536517606  0.98655949461493864  1.00000000000000000
  0.00237993155727758  0.01626136089700551  0.03026201007902382  0.04262624229493846
  0.05440249100553015  0.06591097990233069  0.07729812002185031  0.08851868625544268
  0.09970854793522527  0.11095888432931407  0.12226504760167531  0.13328661223103469
  0.14428069308203126  0.15530879342841986  0.16640428034720098  0.17731444300396329
  0.18819376862046100  0.19922485070035403  0.21024451544730383  0.22119058978061226
  0.23207229234653892  0.24284438091832061  0.25356466398822497  0.26437046565299410
  0.27526275760614749  0.28593514156516553  0.29644114135358135  0.30684864091738184
  0.31734872915883688  0.32790679090925462  0.33865364739672199  0.34945549836381079
  0.36019412759317704  0.37089608133102936  0.38177354260659224  0.39271340379744901
  0.40349634833002346  0.41407227136732166  0.42452903182268903  0.43501631795257750
  0.44554582196663534  0.45606658146958984  0.46659487996758697  0.47720054234876319
  0.48789785213711145  0.49861607222123783  0.50927224494293288  0.51988417326073766
  0.53043273049536233  0.54089382273617082  0.55123742421450583  0.56156486435443953
  0.57204356977015003  0.58261386669227189  0.59316733332646543  0.60364274985220001
  0.61417709802293530  0.62475890873500206  0.63535947115188707  0.64586289963129495
  0.65635757004724582  0.66685860517137918  0.67737958868565951  0.68781063584780844
  0.69825955166243681  0.70866611227141663  0.71912088004673447  0.72958826559438861
  0.74015050642054103  0.75074750713918204  0.76132126358420982  0.77186781253420211
  0.78225092965879328  0.79250563801001972  0.80269082680788550  0.81286212449517270
  0.82308000306362628  0.83327298401091576  0.84351151102556221  0.85388769280794863
  0.86407109946622640  0.87414829105555780  0.88414166820124973  0.89400947105336392
  0.90389995808207724  0.91381841191414737  0.92384839467356306  0.93382458960878234
  0.94354022716449248  0.95294705849180239  0.96217772769596732  0.97105153544035672
  0.97945962863875080  0.98686651237361644  0.99333306197919624  1.00000000000000000
  0.00554827769764939  0.00718241822841006  0.00843201177450483  0.00956925750780012
  0.01067266056142371  0.01177063656775917  0.01288893000945039  0.01406004170221416
  0.01527706818800450  0.01648839488032041  0.01771133433798292  0.01895028146000028
  0.02022927706948519  0.02157040577344355  0.02294925147384220  0.02430537011341849
  0.02552576763207729  0.02653476400851695  0.02755466952202635  0.02874673582503095
  0.02999877883858493  0.03127324383949284  0.03257025505305988  0.03389524917555722
  0.03524834872903593  0.03662669428578937  0.03803888730860347  0.03949652431763228
  0.04101063390451472  0.04256697534235663  0.04415285263851623  0.04577642740556041
  0.04746250150551076  0.04921685531738092  0.05103613244948145  0.05290581591784142
  0.05481755326974773  0.05676993809874142  0.05879337932104986  0.06091167776129450
  0.06313048498294613  0.06543605669628079  0.06780852736573231  0.07024527893181988
  0.07276253878710073  0.07537387896160475  0.07808760133784923  0.08090958511595610
  0.08385463310912146  0.08691452386778102  0.09009122448446073  0.09340790857056645
  0.09688729769356105  0.10052004766931896  0.10429656778180937  0.10823356461614679
  0.11234773598005671  0.11662433988802201  0.12105308103924242  0.12566585680271239
  0.13047139323132084  0.13547368736806567  0.14069310747941766  0.14614077365837522
  0.15189860913365902  0.15796812556339182  0.16442606298516241  0.17123352328688596
  0.17835724386305862  0.18582036175639538  0.19363938651383586  0.20189420602726874
  0.21062403156568024  0.21990474191812381  0.22968896821098847  0.24002448347871172
  0.25111417275324738  0.26305984728667958  0.27577578664988917  0.28929301179996120
  0.30384861710689431  0.31962592522232958  0.33660782184005916  0.35489909074086068
  0.37457340981632525  0.39583048633408335  0.41923822994123644  0.44531595001342217
  0.47444769493347561  0.50755855918941140  0.54621563526378925  0.59256453365095707
  0.65099188546963804  0.73488948429931467  0.86059979989511182  1.00000000000000000
 -0.00104694495146932  0.00401794151405880  0.00942647133637461  0.01470358638383498
  0.02001722265573940  0.02540415186380793  0.03081264126352860  0.03626077678248465
  0.04176460019383073  0.04732398066975689  0.05291485384251420  0.05853617205595357
  0.06421143045765415  0.06994111288346669  0.07568591818953509  0.08144429574527874
  0.08723344128999884  0.09307540981974995  0.09897480024102689  0.10492940808982339
  0.11090484413150045  0.11688081911276110  0.12287571364018685  0.12890906404426775
  0.13503123842658279  0.14122134027854785  0.14740552573756618  0.15363125649532175
  0.15990971597770628  0.16617500362046794  0.17243332379015186  0.17873022392736057
  0.18511255863971698  0.19157005663043816  0.19808997810304096  0.20470293168011161
  0.21141262164788613  0.21816971503137286  0.22496179467106586  0.23179802740425418
  0.23874582036875708  0.24575287377880656  0.25285547381096746  0.26001322061898274
  0.26722994951469259  0.27454438619670579  0.28200392498455240  0.28961348224098410
  0.29730156847059352  0.30524281848761420  0.31319658268256290  0.32126483346806872
  0.32943467387257463  0.33768857692862292  0.34603994745595951  0.35448633225370363
  0.36305605869683011  0.37171031874572863  0.38046190879621206  0.38931287503696094
  0.39828842193332603  0.40736609532381579  0.41657195657808205  0.42594969175790565
  0.43552827370539893  0.44525137172405793  0.45511459277164817  0.46516594691429419
  0.47540188488153040  0.48575395715824948  0.49625848260811423  0.50706549506217446
  0.51827948426143278  0.52989924067857663  0.54186445885886947  0.55402493596701730
  0.56639008259663248  0.57892751122204855  0.59197061573533194  0.60546813222846008
  0.61931317684375220  0.63374734297819502  0.64883514679187926  0.66423038066859164
  0.68023431947259994  0.69706218487525351  0.71497969321067312  0.73391014199011395
  0.75361633556989660  0.77463315219896944  0.79774807764082556  0.82385502775915009
  0.85361830450833054  0.88856081866635306  0.93426327162584333  1.00000000000000000
 -0.00237356008765598  0.00917443622659978  0.01961414024939806  0.03040936389422995
  0.04112356629973474  0.05159227778394822  0.06210893787652967  0.07254697531705112
  0.08305391819971177  0.09342155195206410  0.10384321020802405  0.11442385217195877
  0.12478591642031139  0.13564827496906301  0.14609693195400364  0.15700167715903815
  0.16744932954598493  0.17813266007582704  0.18882386336209583  0.19966872567603342
  0.21038172594030199  0.22106310934338871  0.23172168971516660  0.24251276072764755
  0.25313306243985373  0.26382373797188191  0.27445554365988090  0.28510525939994869
  0.29570969586629631  0.30615765015622509  0.31668809171899548  0.32701807733538807
  0.33733793658069217  0.34761850200650346  0.35804090220707269  0.36858616382505244
  0.37916184867633529  0.38961574223295253  0.40016857861704147  0.41080368158599517
  0.42128276493099287  0.43170195840778353  0.44222884092961806  0.45279907827122606
  0.46309518869514621  0.47335972892174866  0.48376676338686425  0.49425095896105314
  0.50478900003176741  0.51535884736054161  0.52604172889974254  0.53665165882695698
  0.54738752168527571  0.55810161442937734  0.56863250474477856  0.57913662600275784
  0.58972433492395315  0.60034896438948582  0.61075534216868876  0.62121555569880960
  0.63158822563791928  0.64230690690373982  0.65292260306041650  0.66344604255513540
  0.67375452579382766  0.68393978051941284  0.69421038365331345  0.70441947157576290
  0.71461041775179968  0.72503377477503295  0.73570342855142279  0.74650576179469474
  0.75719673715631353  0.76780128444491591  0.77848273925071088  0.78912517241489077
  0.79969617028583817  0.81019538956055404  0.82072584781850855  0.83126842403561851
  0.84183838267360356  0.85243954453220161  0.86308351296651287  0.87372261975372090
  0.88442940257023572  0.89510778940313052  0.90569451491912645  0.91635722172876577
  0.92681753079508011  0.93724950217309588  0.94759000548972183  0.95804788031416499
  0.96891050702599135  0.97922766542659712  0.98975514784555174  1.00000000000000000
 -0.01395846037058197  0.06259295371283533  0.10855552165406211  0.14453036219220372
  0.17436028220811831  0.20045104879277809  0.22411959174522039  0.24577703977030804
  0.26588908236631875  0.28474844865464533  0.30252373903059332  0.31939396566523048
  0.33556437406946721  0.35107875955657247  0.36605092217822444  0.38051254888683728
  0.39458117841405421  0.40849636788467070  0.42155605903252469  0.43389094654940119
  0.44607369771532862  0.45809770693578195  0.46974150147727189  0.48100889634914773
  0.49225504280401650  0.50327838067162800  0.51391848772284288  0.52437401949147422
  0.53456535308835618  0.54448279363174001  0.55417089390430385  0.56382260694501551
  0.57335166070570065  0.58269196690789038  0.59183467401784273  0.60087958614721104
  0.60988214054485113  0.61876687514898476  0.62744333673489749  0.63595626232079827
  0.64429822277673776  0.65257672420003454  0.66089157001452670  0.66916010448621210
  0.67730406473577287  0.68528157656947264  0.69311685036968795  0.70083196933542447
  0.70852253339134341  0.71598268428037604  0.72341816690958982  0.73075259602078568
  0.73799862436482544  0.74517150862990245  0.75225776307926062  0.75931616784961520
  0.76629680706011261  0.77320254764764740  0.78004402632894965  0.78682086610404112
  0.79352974951630773  0.80020200873429259  0.80682892906595893  0.81341853056189795
  0.82003285026397010  0.82655416452823316  0.83299023799773864  0.83936558343007917
  0.84568601796775789  0.85199101846109671  0.85826476090582871  0.86450261182984556
  0.87071450121589888  0.87683414973693796  0.88284562139702738  0.88880257433073462
  0.89470556152412029  0.90053796762637950  0.90629365628688185  0.91196807966803850
  0.91759157126202751  0.92320411444296535  0.92880266876012252  0.93438162627654764
  0.93996583554026591  0.94554791319954101  0.95108712139362306  0.95660558379894423
  0.96210356009254971  0.96755432000384733  0.97298064030258857  0.97837633311256078
  0.98379327376814807  0.98922141608670699  0.99461446892606120  1.00000000000000000
 -0.00233119540106141  0.00920485130338010  0.01905578396405073  0.02927202514981028
  0.03960231128346865  0.04977909849892954  0.05990869863716239  0.07011270505640986
  0.08050767144928152  0.09085709939422749  0.10148602016042949  0.11199894045620826
  0.12268686756732125  0.13351869994336354  0.14441023634602818  0.15513895077653164
  0.16573763580085552  0.17629745461293833  0.18701754121147962  0.19766232398899089
  0.20845691289372814  0.21926401303580961  0.22986624369581837  0.24041430780267067
  0.25102612745643293  0.26161839505808776  0.27219458769242494  0.28264943716684637
  0.29323460927119133  0.30372322456575579  0.31431133719582005  0.32469283065776200
  0.33520398486071978  0.34571734184691993  0.35627199336011456  0.36686427875581112
  0.37762037826297845  0.38847874817515454  0.39910334454818241  0.40957921251692536
  0.42011210395772813  0.43081985790788763  0.44155275852937703  0.45184300111592490
  0.46201931023918869  0.47218324315971721  0.48265272553840510  0.49319904343181292
  0.50376263752027706  0.51451966969668517  0.52518610747918326  0.53594810035255724
  0.54665277786894106  0.55732774391458006  0.56800640271368685  0.57861883912313161
  0.58930017171108418  0.60007616344129844  0.61069238683983773  0.62130529407261770
  0.63200721000939464  0.64265191336108352  0.65328618067121003  0.66381324424920407
  0.67461471190154720  0.68550028464714774  0.69578380546323948  0.70638328507062831
  0.71685026397366747  0.72763446096711371  0.73805035257643758  0.74847393133968254
  0.75897142656834260  0.76938014513670727  0.77988235402835981  0.79023603252063945
  0.80081905657869301  0.81145626390824666  0.82202107802709734  0.83261440256774755
  0.84323320104757105  0.85370500398704874  0.86398664893613331  0.87433909185817871
  0.88493822923331722  0.89553685539291039  0.90580259247163286  0.91603023320463273
  0.92655744998829614  0.93691539440030736  0.94724998471209565  0.95721099360706785
  0.96784241513090319  0.97839691369866333  0.98913965464922371  1.00000000000000000
 -0.00244358878711251  0.00955128453339643  0.01995257303285176  0.03044415770235102
  0.04103352833382253  0.05148590342434280  0.06191961059225944  0.07199038608734269
  0.08209605328718694  0.09253926419975377  0.10283490230717858  0.11336477527087924
  0.12385565956097964  0.13427335007777400  0.14488277926460841  0.15557727706520708
  0.16629419911785503  0.17666430529608657  0.18700430954401318  0.19752911590191402
  0.20806390558969423  0.21857682347738350  0.22922306011772606  0.23989680328395097
  0.25051300721532449  0.26098825740008014  0.27152243996639402  0.28213751275868709
  0.29275259718046165  0.30316269522793582  0.31346034759685482  0.32382123801017387
  0.33420805725477998  0.34452167507865233  0.35476607996262494  0.36524628715843577
  0.37572457212882998  0.38614864307912261  0.39650424458602707  0.40683104334614867
  0.41721552970905118  0.42782084955131089  0.43857958082747689  0.44935004139544871
  0.45999723643259843  0.47073415423027520  0.48143825472095242  0.49200829361435361
  0.50245865537470569  0.51305110024621270  0.52373023172653799  0.53444773151912839
  0.54510191922285378  0.55582320265622676  0.56654764358302967  0.57723223532494394
  0.58787462562322623  0.59851303455032201  0.60915849220463114  0.61979947669851410
  0.63039895867259088  0.64102785759326142  0.65152027268022861  0.66195757382428422
  0.67235086347775841  0.68279644712107446  0.69348478509463041  0.70416381164022790
  0.71483428973282248  0.72537594423151264  0.73592734909425428  0.74645781945812950
  0.75707552793865784  0.76761503768837214  0.77824523884903363  0.78879151803315561
  0.79936805854321491  0.80990339400613376  0.82045340767132402  0.83125235108658391
  0.84211851104498614  0.85251169404833904  0.86329654785030907  0.87391111437002100
  0.88474749461011537  0.89538947517891321  0.90575005541175457  0.91634273572456004
  0.92675279151968737  0.93717297941592637  0.94752992330760977  0.95771241345048386
  0.96834460495240837  0.97864423268750167  0.98949169617702348  1.00000000000000000
   6.6829684518648744E-008  -1.0000000000000000     
 F F F F F F F F F F F F F F F F F F F F F F F F F F F F F F F F F F F F F F F F F F F F F F F F F F F F F F F F F F F F F F F F F F F F F F F F F F F F F F F F F F F F F F F F F F F F F F F F F F F F F F F F F F F F F F F F F F F F F F F F F F F F F F F F
  <DiscreteSampler_grid>
  grouped_processes
  1 # 1 for a reference and 2 for a running grid.
  10 # Attribute 'min_bin_probing_points' of the grid.
  1 # Attribute 'grid_mode' of the grid. 1=='default',2=='initialization'
  0.0000000000000000 # Attribute 'small_contrib_threshold' of the grid.
  0.5000000000000000 # Attribute 'damping_power' of the grid.
 # binID   n_entries weight   weight_sqr   abs_weight
    10   10   2.768931268390077E+004   2.762098997650233E+009   2.768931268390077E+004
  </DiscreteSampler_grid>
