  0.00248695330936253  0.01595781717678924  0.02960021372732265  0.04164499344117176
  0.05338976292555896  0.06489485228568259  0.07646385272263038  0.08777751875347883
  0.09887149978343955  0.10980854457724355  0.12074491463812949  0.13183860171840409
  0.14272690032782875  0.15351391620929727  0.16413789254586869  0.17486852657104046
  0.18569138796067822  0.19641479375240808  0.20709137072227771  0.21769125816189119
  0.22824125068858331  0.23880451605237910  0.24939240620891490  0.26016105818743612
  0.27091961119836272  0.28162396723585154  0.29225002956478563  0.30285925975597244
  0.31354068347421338  0.32428359879607166  0.33494299446148212  0.34545173746349300
  0.35604912742184980  0.36678309402427350  0.37744792067458988  0.38793340899139428
  0.39840887744532366  0.40895974090129411  0.41941985549135186  0.42982833065136650
  0.44032487432399303  0.45093740605900767  0.46156760492328086  0.47216677282218628
  0.48267564445403516  0.49306872285735159  0.50347832063465814  0.51395391973888671
  0.52447198239716708  0.53496503190046052  0.54538390088042432  0.55575682075795674
  0.56607412802085921  0.57641577640563479  0.58680380416088473  0.59721474102032157
  0.60755781856660940  0.61775086209536900  0.62785043390158879  0.63792874230782337
  0.64809161259380876  0.65819520159477340  0.66828607160753828  0.67848656926256368
  0.68884926885406739  0.69930254876621045  0.70974567224653762  0.72017341542798619
  0.73057899158584205  0.74094906464389054  0.75129069842773843  0.76167774587861681
  0.77199341148815348  0.78213038799103007  0.79210921978226401  0.80211321292503246
  0.81211040941655865  0.82219622532881764  0.83233698344652463  0.84250567933482223
  0.85264118681762158  0.86266686096562373  0.87263755257565201  0.88263860617215673
  0.89260449379946016  0.90249852444712420  0.91234958431990598  0.92214715693053995
  0.93185303672869313  0.94142667058953000  0.95088480907750106  0.96015149120740551
  0.96907376273914725  0.97757777769362875  0.98560245168168437  1.00000000000000000
  0.00234404691828399  0.01662117847812421  0.02997826082738021  0.04179535140507217
  0.05331621145056872  0.06490740142750441  0.07638930268465401  0.08775269591363130
  0.09908161496430370  0.11025469620350806  0.12143293097771472  0.13254740723709910
  0.14357357576478172  0.15451294653222850  0.16528786943386697  0.17605362946336811
  0.18680770606699176  0.19763326092767708  0.20839961024979958  0.21915505984894665
  0.22982344306085301  0.24046946861745752  0.25100739383278908  0.26160902195003266
  0.27218856306826944  0.28279115730644611  0.29342319673802980  0.30403346088161293
  0.31466334668367502  0.32522262858525908  0.33573017426928969  0.34615671713860674
  0.35651624862541265  0.36686759775019118  0.37727343828398618  0.38770804181317114
  0.39814095583694931  0.40860692330849180  0.41915254437291760  0.42975404671452394
  0.44025375976829217  0.45070849472799579  0.46120005045196444  0.47174192599120673
  0.48219835403983619  0.49258940371779192  0.50300871956004412  0.51347763026318138
  0.52391187053305011  0.53428021736450182  0.54462027871255037  0.55500320659113322
  0.56536142915188847  0.57570780355966400  0.58603675121635146  0.59641762553583477
  0.60684109077648773  0.61731024597523465  0.62783464918264809  0.63837102581240945
  0.64888076203447653  0.65932881882830441  0.66972474907063317  0.68008655492766468
  0.69044111384898488  0.70079796828146268  0.71120327590099419  0.72166001452804851
  0.73212565270514984  0.74255650537068485  0.75293266973409567  0.76318758570072953
  0.77336683428641251  0.78353556148270742  0.79377845819847426  0.80413044065760364
  0.81447220704802392  0.82475775670857709  0.83489166525934522  0.84485555244716393
  0.85475916378889261  0.86477478996417723  0.87479317594956485  0.88480954749021656
  0.89477914620282828  0.90474580988852760  0.91470232627932391  0.92455476681076498
  0.93428262801499773  0.94383142924722829  0.95324123314421982  0.96247176452675198
  0.97143376035576245  0.97975750030865438  0.98779642715026528  1.00000000000000000
  0.00794105539462150  0.00938518377019978  0.01050766959532744  0.01162037546399265
  0.01274974897969658  0.01390119771081208  0.01508925401324614  0.01628515545311764
  0.01749053209066516  0.01869637845485083  0.01991574724856880  0.02116851877695513
  0.02246838629998183  0.02379906182497158  0.02508722050536721  0.02620030354511816
  0.02719271820319567  0.02831723099470693  0.02955624712334697  0.03081031720373197
  0.03208614748043054  0.03339154749563861  0.03472638144017796  0.03608751538890912
  0.03746977803751119  0.03887217510067324  0.04030452484530184  0.04178360203089257
  0.04332682661360077  0.04493583591593014  0.04658894088976803  0.04828127260226541
  0.05002103415388812  0.05183870218650021  0.05372738518859137  0.05567547281923473
  0.05768653218402745  0.05975501843565646  0.06187922992459136  0.06405873850877493
  0.06631297643571350  0.06865907514558121  0.07109928639803785  0.07363192455815040
  0.07626065406587978  0.07898690980728917  0.08180959815953362  0.08472147413319320
  0.08775615696643917  0.09093727075932631  0.09425914639669207  0.09769781868285350
  0.10125224387807094  0.10498003533512339  0.10886822730925963  0.11292209906969498
  0.11711263156134272  0.12145725321468498  0.12597508492927251  0.13071139594168954
  0.13570829926129779  0.14092376781918120  0.14634399510771468  0.15198373497797396
  0.15798912412596552  0.16429642989761289  0.17090774226943450  0.17789455008600408
  0.18529040801141863  0.19306970811873209  0.20124657483017935  0.20988853296996177
  0.21901990619460909  0.22865795891912610  0.23886628640913510  0.24971848830863133
  0.26128675313389893  0.27371167789500966  0.28713276630986645  0.30150464309035052
  0.31674519918832528  0.33307419599920923  0.35083430589179332  0.37018227259805642
  0.39113860771472164  0.41399995879999990  0.43899173518004314  0.46687943863374903
  0.49855100850318995  0.53496604287095251  0.57830408245826348  0.63166001807062044
  0.70757166281484474  0.81333400981820980  0.86407514150506215  1.00000000000000000
 -0.00102057041922824  0.00394605529780491  0.00924746338976539  0.01442769664859419
  0.01966763323424818  0.02503313063438603  0.03046056806596268  0.03595318581238215
  0.04146644303362253  0.04700466732933672  0.05258168535528013  0.05818823094546775
  0.06382612837087456  0.06947882953126569  0.07517027381458821  0.08093726887207923
  0.08678427228163087  0.09269687316458998  0.09866269674004781  0.10464411912431887
  0.11061297055156240  0.11657167263788307  0.12253767290319940  0.12853128609125475
  0.13456259232203310  0.14066762930257262  0.14686519994236552  0.15315208841259248
  0.15953956131461922  0.16596745654349723  0.17243227328029787  0.17892293964987888
  0.18547598475357036  0.19212013571380279  0.19880858946327817  0.20557710465094262
  0.21238412765669271  0.21933003053029190  0.22625287731774957  0.23321097667397947
  0.24023438651069651  0.24739030836056658  0.25468281322454639  0.26208032526874048
  0.26953433287088829  0.27696530312302076  0.28449681650003411  0.29203920388497384
  0.29964325737875952  0.30735487180624022  0.31506536916254696  0.32278251245280565
  0.33057294010143795  0.33851192178839812  0.34657576674040991  0.35488156678123661
  0.36329625810350152  0.37183489168361850  0.38054157708216235  0.38941929458391916
  0.39834696636968786  0.40743373886803624  0.41658291121821678  0.42583568301798036
  0.43521623769852386  0.44481147293190093  0.45459413893159856  0.46452256586511753
  0.47458829275452075  0.48494860327229422  0.49556629733258661  0.50641494249868979
  0.51754320047547497  0.52910995314279496  0.54102497651715176  0.55307927710447768
  0.56534509243316677  0.57778651505099199  0.59076819796672042  0.60397154626556671
  0.61803500747585127  0.63230845755221854  0.64731042009593953  0.66295750608368498
  0.67946726635464139  0.69680840475656514  0.71505498014454327  0.73419373962273005
  0.75439804435559210  0.77588266624988700  0.79900954487331133  0.82456615700638869
  0.85371724943192540  0.88833510217238032  0.93385531355367823  1.00000000000000000
 -0.00219789513285068  0.00872193600681041  0.01890126581068528  0.02940234838701365
  0.04012047216856926  0.05058851738142318  0.06105270159664251  0.07140038372074500
  0.08179796278395282  0.09220858437262003  0.10270186183342357  0.11318480725200648
  0.12363407892294041  0.13409711182068176  0.14455694505400499  0.15491850717912339
  0.16544762673593863  0.17573831283561478  0.18609609886588915  0.19628750294348765
  0.20642817893756446  0.21653299496173561  0.22656122253377026  0.23679902529053937
  0.24725024924899830  0.25775130071738200  0.26841459236654863  0.27906101639596920
  0.28969451277468611  0.30032569459167574  0.31097966526505816  0.32170648609404656
  0.33242903608226398  0.34303448920259461  0.35354352511187342  0.36402888138908313
  0.37457648348105904  0.38516917519254357  0.39572368848221734  0.40618232551547367
  0.41672990575301966  0.42729775329040720  0.43792693648803799  0.44845052654295731
  0.45886740384212010  0.46926066282857043  0.47977899169029747  0.49049996766222825
  0.50114296167447570  0.51179793144588781  0.52248161626449630  0.53320643388675459
  0.54406263106099706  0.55467236051862256  0.56545794061681143  0.57600513722645286
  0.58676833820344598  0.59732629349554811  0.60781948993235879  0.61828764658902247
  0.62881095577504986  0.63936557608478095  0.64995973922417927  0.66061342868920692
  0.67113872941927011  0.68154854011127075  0.69199200844007380  0.70264614008297621
  0.71345887979847045  0.72408850175871398  0.73457698898137325  0.74494615219351046
  0.75540997263890974  0.76584285146260489  0.77635136830476381  0.78702842687980679
  0.79793087416155972  0.80883359039086045  0.81953607226857716  0.83005456163346181
  0.84069706912188247  0.85145166368456582  0.86216936013757861  0.87265616080425734
  0.88309893487273028  0.89369282622840074  0.90427097283693147  0.91491474367332171
  0.92553943675119343  0.93641389183646329  0.94717319527850852  0.95820792857837400
  0.96877312801216209  0.97931668025341789  0.98970857798462430  1.00000000000000000
 -0.01392631953885729  0.06310219419985788  0.10864671633260693  0.14406668067623435
  0.17394366851295551  0.20012329173448812  0.22348094186464834  0.24487465569153324
  0.26498684915947029  0.28393991006586561  0.30179735098258781  0.31874202995356316
  0.33495013472946050  0.35063015842668133  0.36588036539355540  0.38041090645597020
  0.39428134390742720  0.40786388656836614  0.42115324738802951  0.43411281623086706
  0.44645280579278368  0.45837807645666895  0.47010641346269560  0.48174027097921363
  0.49315019593942749  0.50426057372261612  0.51516976148708959  0.52582072422442216
  0.53602776875408575  0.54613719698028518  0.55598161241620836  0.56563835734451795
  0.57508936228214669  0.58445101742247019  0.59375637841865381  0.60294358641977086
  0.61191381698505276  0.62078986154388882  0.62963701073600853  0.63838616195680309
  0.64689662799424841  0.65524524525514671  0.66347569252851346  0.67156556061546979
  0.67943650875256500  0.68721067876532071  0.69492745763686692  0.70264828423670733
  0.71024275012227034  0.71763267048212342  0.72498147298123505  0.73228862616163926
  0.73952726120317669  0.74668863943393460  0.75377252149147067  0.76080593317282874
  0.76776223008926625  0.77465293065635865  0.78145420467933813  0.78817282304634850
  0.79491190747927709  0.80166034593417046  0.80836138302883276  0.81495783026991064
  0.82142217575417953  0.82782121835964773  0.83416083706744493  0.84040154936609279
  0.84655576130583587  0.85267753219329745  0.85877237990365218  0.86481835569111132
  0.87084622585916360  0.87685858580177845  0.88283439709673495  0.88876954736569524
  0.89465413303317798  0.90050173931188904  0.90632186491707067  0.91211002382511464
  0.91787469244933062  0.92360470474365952  0.92929094412761992  0.93495196987488149
  0.94056877559482610  0.94611277051579068  0.95161246939087862  0.95710011072807555
  0.96261381948940394  0.96812200882095101  0.97358773121523901  0.97898815416239748
  0.98430022390350602  0.98952938978416083  0.99474458560791512  1.00000000000000000
 -0.00228602301001358  0.00892711964700294  0.01910135644625274  0.02952182062616772
  0.04012042215786541  0.05062077087653601  0.06127155360691158  0.07178360765043365
  0.08243002122290506  0.09312259800482357  0.10380362848697626  0.11439494709032913
  0.12491691905913015  0.13560467378371874  0.14634338981076733  0.15695729396751990
  0.16743246575007112  0.17779057489154831  0.18824475733498786  0.19877444035681835
  0.20945294691506747  0.22026595760019416  0.23090242787110726  0.24143773582309486
  0.25183594111053648  0.26235412435813826  0.27287491096978628  0.28341518630411811
  0.29399122953149509  0.30458204890007989  0.31512214016466522  0.32552091973811609
  0.33597062642182896  0.34646296581037772  0.35689930269280240  0.36723875094827191
  0.37766517285519480  0.38829412302330890  0.39891649892738984  0.40956999690967344
  0.42003231583337408  0.43047411554736859  0.44082208144646184  0.45127339083384321
  0.46162553410913731  0.47195604160301197  0.48230205141133209  0.49268931174026670
  0.50308040660130438  0.51355366325366469  0.52397129008278387  0.53462796239021837
  0.54515256698775894  0.55540509173892039  0.56576116121846975  0.57614156731259236
  0.58666613404163659  0.59715685107781147  0.60763952896954154  0.61836740857559691
  0.62887529838206158  0.63925353627598069  0.64963683092735858  0.66008335768305104
  0.67060942002309454  0.68112462938124418  0.69159519527401481  0.70216902635534306
  0.71271340065546374  0.72338219482539046  0.73414096967193432  0.74491067110533027
  0.75554138844313723  0.76607360309576755  0.77666369670494262  0.78725310635081058
  0.79783870241708366  0.80838030733690469  0.81897240835136154  0.82957153785850279
  0.84014669931539920  0.85078911495605980  0.86127775179161858  0.87176706027521433
  0.88218799207781740  0.89287664434561698  0.90351999283555806  0.91428300344105762
  0.92498746258324860  0.93583398316503619  0.94664373082829012  0.95737551966064605
  0.96804937014834169  0.97863804389347220  0.98931463659847407  1.00000000000000000
 -0.00228961403722165  0.00910759121533271  0.01901737037096150  0.02958671656792871
  0.04016564040537044  0.05056863880972893  0.06115454128682154  0.07173877673031402
  0.08245026421607128  0.09298808141564401  0.10363365089991049  0.11426066514446163
  0.12469845169525876  0.13515557284691632  0.14567136440043060  0.15639565690484308
  0.16721139953189029  0.17761570205027913  0.18827110641436806  0.19878531795163351
  0.20969366998975614  0.22019024669035692  0.23070024043827464  0.24114786124567739
  0.25165237501584659  0.26226243856972059  0.27282629853160056  0.28348172419382295
  0.29379723917858203  0.30414142201179595  0.31453925427303536  0.32529071974977092
  0.33602882031387760  0.34658849402022240  0.35718625437861579  0.36795617225740951
  0.37851545381803592  0.38917520895124535  0.39965523957981991  0.41011464544520843
  0.42062767303253384  0.43099836213676174  0.44139129221445861  0.45186461351532947
  0.46244958462556790  0.47311033201134922  0.48354569055729413  0.49402730641020270
  0.50443417855425732  0.51492430985914639  0.52524133537482764  0.53587164575343282
  0.54641931202342731  0.55668835589469456  0.56701212885452512  0.57733668192382503
  0.58778123208118260  0.59836987500616023  0.60891618812969628  0.61964643283031107
  0.63018947905323852  0.64070308372223117  0.65120595411615789  0.66175891869335624
  0.67224827244625129  0.68279429861431462  0.69353503176419384  0.70431895492781138
  0.71492627514492502  0.72548343711503316  0.73593234529156437  0.74630471156899159
  0.75690344578066449  0.76727381958651253  0.77765310625772377  0.78798374806731053
  0.79839371401928150  0.80901168343732965  0.81948982556427052  0.82999210006026303
  0.84046670189018935  0.85102735052880241  0.86164417997115905  0.87241922879639655
  0.88306704181780427  0.89374726487533707  0.90442214157328882  0.91522154657597110
  0.92581383696629815  0.93633370675648520  0.94676250235143644  0.95742890783757417
  0.96807792726371611  0.97888182198352414  0.98941201585873495  1.00000000000000000
   6.6707484994545785E-008  -1.0000000000000000     
 F F F F F F F F F F F F F F F F F F F F F F F F F F F F F F F F F F F F F F F F F F F F F F F F F F F F F F F F F F F F F F F F F F F F F F F F F F F F F F F F F F F F F F F F F F F F F F F F F F F F F F F F F F F F F F F F F F F F F F F F F F F F F F F F
  <DiscreteSampler_grid>
  grouped_processes
  1 # 1 for a reference and 2 for a running grid.
  10 # Attribute 'min_bin_probing_points' of the grid.
  1 # Attribute 'grid_mode' of the grid. 1=='default',2=='initialization'
  0.0000000000000000 # Attribute 'small_contrib_threshold' of the grid.
  0.5000000000000000 # Attribute 'damping_power' of the grid.
 # binID   n_entries weight   weight_sqr   abs_weight
    10   10   3.943313722455363E+004   6.255786368038111E+009   3.943313722455363E+004
  </DiscreteSampler_grid>
