  0.00233729054160539  0.01645970370913600  0.02984880897324448  0.04210468175336163
  0.05399720129566503  0.06579257159517395  0.07716227632593502  0.08839242916142655
  0.09944107327499513  0.11058384590217477  0.12159021969997133  0.13249711186479207
  0.14320910407694959  0.15402853360812249  0.16482536711656598  0.17594473071642833
  0.18702144473194368  0.19755757147888545  0.20806725613891972  0.21860499676217385
  0.22914572208085318  0.23957364582396548  0.25009119576058164  0.26090525090797334
  0.27180870692672116  0.28256930332213337  0.29341133807609332  0.30441294313631978
  0.31533490642539397  0.32611284488134462  0.33683733660790849  0.34747150808132127
  0.35805479278243652  0.36832769305090507  0.37866906037243059  0.38902651335432825
  0.39950736157640360  0.40978444056252011  0.42004265729070417  0.43030299924563231
  0.44053266877845232  0.45073032577027644  0.46099297067480616  0.47142803571050490
  0.48186300414508093  0.49224239397610114  0.50271832936988292  0.51338170989032250
  0.52405555811840665  0.53460432572728944  0.54512872006722413  0.55569224583727417
  0.56622963754233757  0.57672855391138378  0.58722750102475940  0.59768300755871762
  0.60802130245679442  0.61822907069972299  0.62844990636137188  0.63875845071361814
  0.64912222230503969  0.65939386098092490  0.66954995047993193  0.67964174399963873
  0.68984238165765854  0.70015805150261368  0.71058777437845155  0.72108247017374849
  0.73153043202310497  0.74194759635162122  0.75233253635606889  0.76271764525013952
  0.77302841978672043  0.78321833219748693  0.79331178563362237  0.80337131511475879
  0.81347946274380745  0.82364680862973283  0.83385223050770885  0.84404028847788382
  0.85422303955504753  0.86444336007064737  0.87464046996281153  0.88477344734846097
  0.89473387255105619  0.90461281003259897  0.91449948680082671  0.92446220308212268
  0.93437887627122884  0.94410923808070180  0.95363326125799508  0.96295078705952164
  0.97186731074717947  0.98009050642721030  0.98822496375513447  1.00000000000000000
  0.00228816637880860  0.01670910944894967  0.03016701503013713  0.04164798421692474
  0.05298490524581791  0.06429662275309603  0.07554711499894357  0.08662223587487042
  0.09764657154559978  0.10859315171517614  0.11953064554931360  0.13043862524983477
  0.14133226117944112  0.15215568823373601  0.16294615445090274  0.17356903877760799
  0.18412365751954940  0.19469129363962112  0.20531962300105991  0.21591299985012219
  0.22649020626939617  0.23718822841099801  0.24796916363027061  0.25877269323116470
  0.26956897707965727  0.28029433127777836  0.29095232942039717  0.30153009466171354
  0.31211367646180882  0.32278101969280115  0.33345019611716631  0.34411746132189946
  0.35473336948675704  0.36529488364716589  0.37582169808000476  0.38631347526037141
  0.39675786916635369  0.40709401605060175  0.41738368691931599  0.42774262378130162
  0.43820485200929299  0.44870500988315015  0.45923391081595955  0.46977206932007481
  0.48027929635816929  0.49073205159862765  0.50116456696853451  0.51166495597531680
  0.52222843791216578  0.53283963595192130  0.54334914465021844  0.55375306644382660
  0.56416891229758803  0.57465629393748874  0.58520405593166047  0.59578305470498316
  0.60641262059111933  0.61705914502859660  0.62764008779187508  0.63818692193578186
  0.64872671818714889  0.65922849715758502  0.66960638621316559  0.67992154523195436
  0.69023524447388562  0.70062811615619880  0.71105240100594047  0.72146437351997550
  0.73182317451037460  0.74216167241195263  0.75252916482266197  0.76289980748365560
  0.77324658119967016  0.78351109711803579  0.79369670945668536  0.80391202581276633
  0.81419176984522901  0.82445600771085636  0.83461679844302750  0.84469065055344372
  0.85466934863980826  0.86459902921327636  0.87457478303669256  0.88468077636762799
  0.89470539235486424  0.90455004871370459  0.91429369359940260  0.92401809511283783
  0.93369631500091088  0.94318652730298791  0.95249085697546709  0.96155903978469803
  0.97039563133532902  0.97864671450809471  0.98696544938068842  1.00000000000000000
  0.00648636730971426  0.00762462781230312  0.00880144530660461  0.00989673776427196
  0.01097193990058567  0.01209916545275443  0.01328174830423056  0.01450954894334769
  0.01575810241074019  0.01701829703782999  0.01827935018645576  0.01953535575797711
  0.02082196524224646  0.02214054439256585  0.02347198571740352  0.02477372009424773
  0.02594583966624419  0.02693962074882081  0.02799340089119958  0.02921326402643257
  0.03046782975956574  0.03173953372597984  0.03303444712518665  0.03435737543677019
  0.03571088127282544  0.03708779105000980  0.03848566563998947  0.03991916089674966
  0.04140560647127659  0.04294322768875430  0.04451839902638778  0.04614488685793581
  0.04784504866265655  0.04961213418362579  0.05144209056484119  0.05334070899162850
  0.05530805679215799  0.05733271313446685  0.05941537818811121  0.06157067436817986
  0.06380352185283802  0.06610833197759715  0.06848187814755664  0.07093927957989929
  0.07351693100970917  0.07621926792532020  0.07902264413032871  0.08189935944091258
  0.08486809882009834  0.08797075942361027  0.09119964033091187  0.09454793353099208
  0.09803691793504095  0.10167448022132290  0.10545638955959527  0.10937460776412462
  0.11346321410127497  0.11773607373854456  0.12218608750612911  0.12679367023759502
  0.13160132751740342  0.13664246246039316  0.14197195699387086  0.14759129589528150
  0.15352181101484766  0.15972657261236503  0.16621691126848087  0.17298724466939108
  0.18019572133574172  0.18778060553238035  0.19577554817764556  0.20416558581942665
  0.21306915796524492  0.22251036575737226  0.23244551196576821  0.24294340756834690
  0.25414127775674905  0.26604483880756169  0.27865078417145139  0.29215088908559139
  0.30681023418733649  0.32274578748829319  0.33994454107253075  0.35845244681824473
  0.37836013057424922  0.40004129457722593  0.42396484133477469  0.45069325189329984
  0.48064960219324571  0.51461160460096378  0.55399994338968706  0.60163326266600670
  0.66354348874359625  0.76167589640454825  0.86576086560363519  1.00000000000000000
 -0.00107481001531305  0.00405020720644131  0.00936332963163186  0.01464181572333297
  0.01994005111063918  0.02523895523648209  0.03058505991706707  0.03600018221912411
  0.04151558391149322  0.04709887075349628  0.05271406963986969  0.05833150085212967
  0.06397684203580600  0.06964489938085464  0.07530709801644364  0.08099401737575611
  0.08674853114398556  0.09259693625736108  0.09854534552966644  0.10454487230735138
  0.11055186842871513  0.11656002126285962  0.12258444439112666  0.12865686284870656
  0.13477071498074567  0.14094529632825950  0.14725289544934037  0.15365865451728974
  0.16011092198417740  0.16658662382457148  0.17311927764930618  0.17970023719702713
  0.18630546054513192  0.19291769830540709  0.19952099018560676  0.20619967835958630
  0.21298028343231215  0.21989794658374137  0.22682027250000197  0.23376123120175132
  0.24065411400971903  0.24767507735268493  0.25464200423360112  0.26162706167109562
  0.26870321558161475  0.27590145337973754  0.28327858358714769  0.29072362167581994
  0.29828948321329629  0.30593870424955488  0.31367676176300235  0.32165511006471037
  0.32967919115388783  0.33771526310344901  0.34586718790257676  0.35413951644641112
  0.36253052802960262  0.37105152754492643  0.37976380458906556  0.38861334474652331
  0.39756310546934465  0.40659994734948679  0.41575382058277444  0.42503612603504171
  0.43447424918883282  0.44402168363503308  0.45366811282765834  0.46363714833932090
  0.47391166996178341  0.48452486304808839  0.49539523213186454  0.50654001601058229
  0.51790843333790892  0.52943363214669759  0.54107805873212456  0.55292312515465847
  0.56506999878167474  0.57759689053732965  0.59062600397362519  0.60401124453566091
  0.61793075009598697  0.63242588789421228  0.64753842325228683  0.66302926979177756
  0.67929396442897827  0.69612400840457289  0.71364026688801174  0.73241659391075564
  0.75253300722535899  0.77408863365505343  0.79776053728842933  0.82413113070992172
  0.85381463456273199  0.88876357906474523  0.93449130085380283  1.00000000000000000
 -0.00232399081766588  0.00917679217178780  0.01926984602337947  0.02946472264043389
  0.03946949517166891  0.04983924111729404  0.06012180882008203  0.07038503576386539
  0.08073508189724474  0.09133881348345048  0.10231204030936274  0.11282585173735901
  0.12349081350717990  0.13393638638247216  0.14457900124876549  0.15513379234653335
  0.16571873735239279  0.17635843696802989  0.18693596052441294  0.19747668120827688
  0.20777151963364424  0.21825928495190741  0.22862903497337633  0.23901792034413627
  0.24919372628105746  0.25961184044741892  0.27015253387796512  0.28091211145427658
  0.29172287629642685  0.30232432746475613  0.31272533563921462  0.32299282573230120
  0.33341012521977104  0.34390170131445047  0.35458781940609896  0.36523642189583538
  0.37598007540330119  0.38680272226043594  0.39777971091186970  0.40794025465134359
  0.41840646900313716  0.42870517339379532  0.43903862540265681  0.44916861176056488
  0.45950856491738029  0.47002647360834227  0.48057395786817958  0.49106862164091941
  0.50163326785600781  0.51215026794856655  0.52246857830350735  0.53275781283102885
  0.54315619826563355  0.55367980815815832  0.56429750343915441  0.57490609209814414
  0.58546022114393526  0.59583262562239203  0.60637774832644942  0.61704607682862689
  0.62781056154838788  0.63853564591365686  0.64924528828627692  0.65996784935125907
  0.67064776692825123  0.68137785404899698  0.69213786910391095  0.70289523544981602
  0.71348987362197724  0.72409443326525391  0.73469966950739440  0.74543838884961700
  0.75610184028944005  0.76641907034086509  0.77709910080177969  0.78785632329582145
  0.79871762348409325  0.80926697928029312  0.81980115979609280  0.83037727405325656
  0.84107920329717190  0.85176979817112330  0.86240651160460602  0.87312436444145736
  0.88356212158253677  0.89424866000907033  0.90494085643314248  0.91545534629734004
  0.92595995905020434  0.93638987402242102  0.94713441890533823  0.95772981234880150
  0.96808514364881615  0.97873921287097188  0.98931820483010857  1.00000000000000000
 -0.01433452702159719  0.06389548987064675  0.10900573885176834  0.14359999948352500
  0.17323531918559898  0.19969023099018349  0.22340012419807259  0.24498949620939625
  0.26495942843221826  0.28349604633823050  0.30095318976391155  0.31771538827005619
  0.33381202173246011  0.34919749328549515  0.36399910316245881  0.37837868740915259
  0.39222594395366317  0.40559200726365302  0.41866682230058583  0.43157873921528939
  0.44417352218798761  0.45622464305701166  0.46796413894469685  0.47945221947258976
  0.49061124117220500  0.50152483819499039  0.51228322715206565  0.52296954589222955
  0.53345232285481603  0.54370037119498671  0.55362653199161305  0.56324548446227451
  0.57269740143674797  0.58201917681652515  0.59121002102023890  0.60024752895270750
  0.60923674088899005  0.61810226483005293  0.62686025798662937  0.63557503052096309
  0.64418697740332020  0.65274224595609043  0.66112774940793573  0.66945454087631140
  0.67761804287881877  0.68568737129806923  0.69365508336316706  0.70151147869532737
  0.70929719502889366  0.71703456620944983  0.72472973820547604  0.73226006944678834
  0.73959400283386700  0.74675856635403348  0.75378734662653757  0.76071110005920950
  0.76760639768616568  0.77441697622784167  0.78118202623474509  0.78790844130013227
  0.79463766266044578  0.80133098475524744  0.80795518912071229  0.81452200954717657
  0.82105153906216399  0.82758223575451950  0.83403846545580218  0.84035544779329463
  0.84664820584423006  0.85292138873771428  0.85914293688530430  0.86527884591263782
  0.87132819117457583  0.87733407483240045  0.88330013506129401  0.88921841852526462
  0.89509285697162166  0.90091647314671319  0.90667380907979700  0.91239657730124057
  0.91812443809425681  0.92384187108704474  0.92954430073647520  0.93521041587240161
  0.94081773179701311  0.94637415113378354  0.95190162361136199  0.95740019294232559
  0.96287872221277149  0.96830834075803907  0.97368456898158096  0.97901027267309515
  0.98428398468344480  0.98952998807649428  0.99477024993494201  1.00000000000000000
 -0.00228584084436902  0.00896460563498492  0.01916716850766146  0.02963128406441280
  0.04029970672494329  0.05076602912578945  0.06134929125129880  0.07190201462017580
  0.08240469742976503  0.09303174297180122  0.10372049972331755  0.11439076171643231
  0.12504713701145492  0.13563360643684802  0.14623471746517017  0.15688461123652939
  0.16756006923795086  0.17830226019148701  0.18901154891113631  0.19968096333374691
  0.21034580318094867  0.22094540498841017  0.23149809264531962  0.24207147990991115
  0.25264631682719468  0.26321570212856715  0.27375143040672167  0.28428550372000028
  0.29487662248595609  0.30546734819653026  0.31612924017804395  0.32686587175253123
  0.33771991065866303  0.34848741200934075  0.35912155402490059  0.36956979910804283
  0.37986877486064791  0.39009869576919154  0.40037898227799440  0.41074020506744013
  0.42120820481729737  0.43183785365130639  0.44248103779035314  0.45306471103250034
  0.46350969445649010  0.47393370327624595  0.48445976430234289  0.49484363071701759
  0.50519265649857292  0.51558066570766348  0.52616297713947136  0.53675949949788193
  0.54731345405054643  0.55794077866634406  0.56871634113862768  0.57949630979812117
  0.59020256159838247  0.60086496108968002  0.61133209315003423  0.62173484662669987
  0.63209476210851989  0.64260117616327250  0.65320921195387482  0.66380439736484431
  0.67457386520769147  0.68525429228511847  0.69567986154730843  0.70604648598962727
  0.71647758401180794  0.72704418943014182  0.73752354853861868  0.74804788585473780
  0.75867438895973949  0.76934329938718893  0.78014743214952909  0.79082588423165845
  0.80122341837051314  0.81157021214325842  0.82202104644563023  0.83253573230322531
  0.84298754658510311  0.85349586348150386  0.86411289551527837  0.87475007825064832
  0.88541094551406785  0.89598682061465706  0.90653822387905147  0.91702698199396793
  0.92751622675205825  0.93786618747997874  0.94810451033831356  0.95812281461541515
  0.96859673487748132  0.97874477701784968  0.98958268359960833  1.00000000000000000
 -0.00236896994765230  0.00932018349325178  0.01913869181909712  0.03002065137164023
  0.04043256360045844  0.05093907457425331  0.06129251949679573  0.07234502205752333
  0.08314674655982950  0.09361797867201246  0.10412944472459205  0.11483751363932634
  0.12564610450908914  0.13624919194892393  0.14687462531007484  0.15772753045044141
  0.16850549743004697  0.17921784437786123  0.18973599181150860  0.20020458342775468
  0.21066720233590072  0.22109569541777560  0.23176566615908767  0.24240521161661735
  0.25309068946960261  0.26366257154560030  0.27425685897781066  0.28502033082162731
  0.29561758971267771  0.30603975490370217  0.31643793248297170  0.32683782528009647
  0.33741153540350205  0.34792676051950600  0.35855407489498209  0.36907469320599806
  0.37949670521496454  0.39030300804959317  0.40092909208827537  0.41174363068090891
  0.42220738925726226  0.43250160917039931  0.44291933431707675  0.45320641475620321
  0.46356699902838838  0.47407903900327014  0.48424228920101520  0.49459963100204707
  0.50480973685210062  0.51521946493511817  0.52558441787687438  0.53600397299308433
  0.54653131628420937  0.55719550010621455  0.56787742672626185  0.57852676037474149
  0.58913232358631562  0.59966304320425978  0.61009087828589703  0.62056332184338048
  0.63112283104131039  0.64170847313478363  0.65227229764605399  0.66264783617244549
  0.67318234157695245  0.68370750038270822  0.69420163428448611  0.70458876645259738
  0.71500199066041981  0.72552215865096281  0.73601830207242214  0.74662797437794415
  0.75720897762870543  0.76750293591700280  0.77793175523795088  0.78838387430087165
  0.79886840903764267  0.80923998793538943  0.81973205340875566  0.83047044240908052
  0.84112428426538421  0.85160630956148964  0.86206289078048526  0.87254948370342256
  0.88305374100605927  0.89355442983356614  0.90410455978758020  0.91476597732389675
  0.92535999689674919  0.93607062769377691  0.94681551039403589  0.95743506165779901
  0.96826096882643187  0.97899411814867632  0.98967601765678936  1.00000000000000000
   6.6508369893767915E-008  -1.0000000000000000     
 F F F F F F F F F F F F F F F F F F F F F F F F F F F F F F F F F F F F F F F F F F F F F F F F F F F F F F F F F F F F F F F F F F F F F F F F F F F F F F F F F F F F F F F F F F F F F F F F F F F F F F F F F F F F F F F F F F F F F F F F F F F F F F F F
  <DiscreteSampler_grid>
  grouped_processes
  1 # 1 for a reference and 2 for a running grid.
  10 # Attribute 'min_bin_probing_points' of the grid.
  1 # Attribute 'grid_mode' of the grid. 1=='default',2=='initialization'
  0.0000000000000000 # Attribute 'small_contrib_threshold' of the grid.
  0.5000000000000000 # Attribute 'damping_power' of the grid.
 # binID   n_entries weight   weight_sqr   abs_weight
    10   10   2.588547300516579E+004   6.184351376554227E+009   2.588547300516579E+004
  </DiscreteSampler_grid>
