  0.00240151993090660  0.01615069837145578  0.02982376657481245  0.04171479776871610
  0.05332454806350709  0.06463459700705654  0.07609771284934656  0.08756743310634973
  0.09893871490774918  0.11022618229745046  0.12126439949632450  0.13229946214742694
  0.14328210908404460  0.15424833230717863  0.16517843616750874  0.17592095008307729
  0.18657485301584020  0.19739668817046502  0.20838319091062782  0.21913123245786453
  0.22974997444650225  0.24038197307614850  0.25086633808408848  0.26130538279463067
  0.27182683620111631  0.28268949615740097  0.29347856688656393  0.30415337411462456
  0.31467678149622497  0.32522632134987067  0.33587165240211053  0.34652504946518092
  0.35707864268787959  0.36755378662630533  0.37796871248748176  0.38831803616473981
  0.39858976978104255  0.40886911978639429  0.41912928827314760  0.42933930655582137
  0.43954355560281627  0.44988672283046205  0.46026169229837588  0.47059216346842320
  0.48084772080724059  0.49120526640646378  0.50165823642620122  0.51215588636257570
  0.52268387394137250  0.53322874696110056  0.54366642738368143  0.55400451412336282
  0.56434351287613782  0.57476797085112230  0.58525287655060299  0.59570794799274907
  0.60606459154442749  0.61634072686091701  0.62664552948294860  0.63701123547941063
  0.64735468160816367  0.65768098792299790  0.66807884915085780  0.67857914701947530
  0.68906169219337288  0.69941845450747808  0.70969137618127986  0.71990193809942227
  0.73013454146360024  0.74038807207284163  0.75058565516969400  0.76073390188633827
  0.77096744079010815  0.78138859283771722  0.79185793841825625  0.80200761107710783
  0.81187922739207807  0.82172659807716075  0.83155638626386252  0.84140133517711790
  0.85131719964962616  0.86135707731668643  0.87153121579836279  0.88170022657255753
  0.89186844183215896  0.90203852330440248  0.91204324554561456  0.92181653496781923
  0.93146511763607165  0.94107351449131338  0.95062491874271193  0.95998665889031631
  0.96899197444705865  0.97752535262238816  0.98550150093348787  1.00000000000000000
  0.00243764097426986  0.01613325926837877  0.02960268827393080  0.04147771965234322
  0.05319863753756862  0.06470325731293408  0.07614238604433249  0.08741515537169707
  0.09849286950909170  0.10964824369555728  0.12057308096546847  0.13146416039554559
  0.14218346243401364  0.15296733995824174  0.16365623848203723  0.17443415437282683
  0.18525365657405879  0.19609883736621436  0.20688965463783382  0.21756315818307617
  0.22831868010554066  0.23885484842410759  0.24946653308422184  0.25994324148847936
  0.27039283611003939  0.28086871217383025  0.29137327054876766  0.30187239201507721
  0.31237281518754229  0.32295603058527245  0.33370051776106058  0.34441204921244256
  0.35500018211869150  0.36555245327259656  0.37619336848102641  0.38689355787732693
  0.39760389756350756  0.40828471550793838  0.41896803632231433  0.42951669916388019
  0.43994341717104657  0.45023884426753130  0.46058911763049842  0.47108849078447868
  0.48172245149686982  0.49234831142025670  0.50292179157339545  0.51342330987499274
  0.52385905884330619  0.53430414230325163  0.54474088933990505  0.55519390035948346
  0.56571702266185608  0.57630197252561077  0.58693300427361816  0.59756272581555536
  0.60811873097945390  0.61863012068555989  0.62904983659017610  0.63946328732865243
  0.64986242764105129  0.66025125771746829  0.67060343694334479  0.68093377490768048
  0.69126442210016903  0.70164702741151708  0.71205506997476098  0.72251651678194584
  0.73291556228025434  0.74322332870482144  0.75342846511133843  0.76355787796966323
  0.77364812279071704  0.78365380658272055  0.79361018623932467  0.80362077483877992
  0.81369447741570988  0.82384363892061507  0.83404599671399648  0.84431047358838396
  0.85457135982252364  0.86475922368270286  0.87485834132000162  0.88489437896618006
  0.89490904059222076  0.90490579106490698  0.91485253035559122  0.92471530619619136
  0.93449396639806270  0.94411535686958170  0.95350591908831306  0.96261625372928350
  0.97147044710713126  0.97979543889238752  0.98784813106853686  1.00000000000000000
  0.00693757927532810  0.00840076501908475  0.00936464262501971  0.01035383921094656
  0.01140933213440345  0.01251686893562541  0.01366870256962120  0.01485783450147445
  0.01605721427188365  0.01725591495059723  0.01847807040499739  0.01973337195815227
  0.02106904952714887  0.02245925061783016  0.02380233093498942  0.02506957247346550
  0.02613383690064670  0.02709792908048216  0.02822860335530019  0.02945693213882658
  0.03071628188690175  0.03198493643362629  0.03327669039298419  0.03459122040160414
  0.03593978321500118  0.03733324341910629  0.03875146835071473  0.04019997800923765
  0.04169265706364659  0.04324473706990333  0.04484860310922636  0.04650471315067431
  0.04821405961698508  0.04996626774073420  0.05178017189792084  0.05368878614931099
  0.05570324961876925  0.05779189819692822  0.05992234040169744  0.06209978676803347
  0.06435759357134205  0.06671644717760852  0.06917291912604066  0.07170609229602212
  0.07432086801652280  0.07703985877338128  0.07987143068998462  0.08280188336253026
  0.08582030540008208  0.08895264061637072  0.09221587824030716  0.09561395422415861
  0.09914486250843262  0.10282047757515241  0.10664374301876245  0.11061988824611983
  0.11475105072529154  0.11903633931176566  0.12349480814534587  0.12816220781992510
  0.13308723950843890  0.13827556927444021  0.14370850552408346  0.14939055671650084
  0.15535160956571392  0.16160963006258031  0.16814447073385100  0.17497472474758655
  0.18219193245275586  0.18987945175905532  0.19804991773355271  0.20670700626852773
  0.21584013370683439  0.22545064478856680  0.23553814800495193  0.24623898711813882
  0.25773604161149766  0.27008828750695152  0.28328666358239307  0.29740015349157312
  0.31259196975936343  0.32895518701214427  0.34670897517354587  0.36585676214707963
  0.38661450894958560  0.40932589580946915  0.43423011505587916  0.46191729560254985
  0.49323135495655207  0.52935548450516878  0.57226170521075725  0.62580875846114392
  0.70204197103327459  0.81029869209259686  0.89102695814201738  1.00000000000000000
 -0.00105296700944140  0.00400671778138271  0.00936290407155630  0.01463999628904352
  0.01994978179314789  0.02534701123895567  0.03080711699764981  0.03630332272076443
  0.04181647338502362  0.04731103004642574  0.05280123294778855  0.05829549245867971
  0.06380417525850862  0.06933009799522041  0.07489991012952101  0.08050323152698320
  0.08615164642263388  0.09186423660673920  0.09763856637520424  0.10351370456381757
  0.10952559414759963  0.11563281872380707  0.12176147908216076  0.12788744438193336
  0.13404378658892799  0.14024299065844276  0.14647017868125681  0.15273260484530723
  0.15903092249591461  0.16540302141642996  0.17181527248231934  0.17820886780742393
  0.18459568998634071  0.19104078823180154  0.19761683372709460  0.20432661009712152
  0.21114483870767778  0.21799689486408000  0.22494174216112436  0.23196579666160758
  0.23906415428406758  0.24613951431583095  0.25327660236438260  0.26048821000953598
  0.26782045400085258  0.27524339473808090  0.28273967886881962  0.29020168262228346
  0.29783808920173860  0.30554725740760230  0.31346260863847614  0.32149022463021204
  0.32954302595247703  0.33777543610561228  0.34624945379649458  0.35477684116494956
  0.36331568367994194  0.37194646866564429  0.38072564372738832  0.38960547032368498
  0.39854210480644647  0.40762840996275118  0.41698391212023012  0.42660610025983514
  0.43635957081497034  0.44609171404665887  0.45591574289210929  0.46592048854510382
  0.47622968588556358  0.48674802533361372  0.49745009378562183  0.50832433347662387
  0.51938120038099223  0.53074715103142633  0.54254925513968588  0.55473656790264703
  0.56719315189307562  0.57993901152274596  0.59284596262551059  0.60614002274741197
  0.61989286717836922  0.63403171843108119  0.64852396566403037  0.66415921150713364
  0.68045204977862328  0.69746524020453649  0.71512626766838983  0.73394604375561834
  0.75391385625681639  0.77540193435168758  0.79880993882436224  0.82425482083292079
  0.85281751275768714  0.88722021626845038  0.93311674976049575  1.00000000000000000
 -0.00241706533731598  0.00938038097984107  0.01947714996107959  0.03031285243734951
  0.04106382567020845  0.05148181044993323  0.06193551196603420  0.07260466860429149
  0.08302476283790233  0.09341115895213477  0.10336415456948081  0.11408660309637236
  0.12456108856817730  0.13533688316651227  0.14588998491622368  0.15661284771977221
  0.16722707229468134  0.17803555721410477  0.18872742391597844  0.19927819353000914
  0.20976093116238465  0.22021021239845395  0.23091853174277108  0.24163542921054487
  0.25250295988331611  0.26308473915559566  0.27377738549332420  0.28442956506461242
  0.29504965039258191  0.30544042058361659  0.31579935856458108  0.32620225897089505
  0.33674851163847408  0.34749222919871059  0.35813540126795784  0.36869901028492452
  0.37909804377262096  0.38955022376712251  0.40004172053916465  0.41062240378522979
  0.42112587691931314  0.43153359058536117  0.44192710426456588  0.45250366207826215
  0.46303491203062813  0.47354586317116926  0.48411701525604345  0.49476402161670890
  0.50533464484917634  0.51576235015897143  0.52621048001826365  0.53671992970463078
  0.54726330464354367  0.55806057833085621  0.56821480438511884  0.57841475200188119
  0.58858011562959300  0.59921084237041577  0.60970840701758744  0.61985173254473624
  0.63033879012277105  0.64106888358339642  0.65169227224609605  0.66215342224316409
  0.67261793596317088  0.68320079902450603  0.69371581808001603  0.70428631140334397
  0.71482235081332368  0.72543680756714080  0.73613905391400491  0.74708263257420715
  0.75729358493070542  0.76777817863873232  0.77773153993419841  0.78812497279685756
  0.79842771436879167  0.80885184460601889  0.81935940539818453  0.82990886866751912
  0.84050133289820184  0.85126643211004382  0.86193189440746543  0.87266151623516142
  0.88324796764753577  0.89387210309508458  0.90446454574215374  0.91523082265188560
  0.92593679219115888  0.93664628411379580  0.94736343921669519  0.95812307195359725
  0.96865886686497504  0.97920241241043016  0.98969933094657403  1.00000000000000000
 -0.01409921664198593  0.06336539398161936  0.10893946244252981  0.14380396638982545
  0.17312442874653294  0.19936271722874538  0.22342792193540834  0.24540792166633774
  0.26552518632563288  0.28419075540859506  0.30180723890461386  0.31873049360610778
  0.33504268623419770  0.35067981026280703  0.36565229464258298  0.38020222840143647
  0.39432187622771830  0.40788255388263117  0.42093008062856491  0.43365120750385611
  0.44614868793300205  0.45836267619321958  0.47017073401202747  0.48158337938272228
  0.49255778622975327  0.50330456184065320  0.51385878612958069  0.52434714311911212
  0.53467078914954536  0.54480321882085825  0.55463297239168818  0.56426309028731514
  0.57378237598512161  0.58321012013509532  0.59236795516528584  0.60133301678612061
  0.61021697420334642  0.61904639869323608  0.62767354745510762  0.63623737474471087
  0.64467928096656579  0.65316039253196068  0.66148566966278155  0.66963954288754479
  0.67766803917147267  0.68556020712936661  0.69340890074356798  0.70110679238792251
  0.70877380122177136  0.71634378303472179  0.72384095609676935  0.73128972544535187
  0.73866349339873849  0.74596506754422587  0.75317001170781561  0.76035479445071386
  0.76748836969909684  0.77459356777555521  0.78162384836767740  0.78856540663324992
  0.79538321412129620  0.80205768750454998  0.80865645456227475  0.81516574852495371
  0.82162191410017293  0.82805052394830936  0.83442428403768487  0.84076002609788103
  0.84704668057693788  0.85326492686283173  0.85942386998411291  0.86554446153376696
  0.87162538245512522  0.87761161287022926  0.88349728748471890  0.88935272298501389
  0.89521346606021102  0.90109037925087199  0.90700669788949695  0.91290255808896204
  0.91871813273513758  0.92440635999011811  0.92999506628684603  0.93555142787711498
  0.94108991289822808  0.94662892708915769  0.95215903099902499  0.95764304233362785
  0.96305887097296772  0.96844235909586940  0.97377000860791452  0.97902421613124846
  0.98425181894000446  0.98950790370430708  0.99472187239330989  1.00000000000000000
 -0.00229018595421288  0.00910088850591442  0.01907383120088364  0.02980609549558703
  0.04031069957080341  0.05112022958025959  0.06182794039608797  0.07232801530226080
  0.08268700709759620  0.09323593617352140  0.10351419141612729  0.11389697434593840
  0.12413366631013557  0.13495137062249346  0.14558036538903621  0.15619877496383280
  0.16685535750403840  0.17764943073476619  0.18833216640289269  0.19902155126656104
  0.20942956302884763  0.22010670177858474  0.23050840270778494  0.24083119017868782
  0.25123956673743592  0.26174341301020698  0.27222232495028459  0.28237380840795423
  0.29248887638390270  0.30324024623754281  0.31416152882004778  0.32503516071784821
  0.33566181586964222  0.34622756093755042  0.35664570440070237  0.36704616623675385
  0.37749110689516813  0.38819117794461189  0.39890259012558110  0.40934848137281932
  0.41966065515156636  0.43001285014264151  0.44048325576435171  0.45102366785696246
  0.46155060939205461  0.47235047289568516  0.48295550729168807  0.49362515162023551
  0.50423007134192821  0.51506835236289106  0.52580786320259376  0.53652288677524063
  0.54708501322248326  0.55776517345059162  0.56814705478997840  0.57859311472952946
  0.58900138520772538  0.59951435665568542  0.61013065288497326  0.62077761469045556
  0.63157958752598453  0.64243259348614934  0.65331033558341378  0.66411120518190092
  0.67462626244516688  0.68506751543667277  0.69541486201855207  0.70601831800405512
  0.71648421924119887  0.72678764016097264  0.73708513717434365  0.74750561099202850
  0.75796184112427190  0.76865739725637772  0.77910042061185891  0.78996160415103089
  0.80044415050293305  0.81103556190921444  0.82159657001376718  0.83183434275366264
  0.84241579999575356  0.85280369792409383  0.86344354179648286  0.87403092996965637
  0.88463011966796190  0.89474838657092470  0.90501868882430458  0.91527123352793183
  0.92606527483439982  0.93644606131563857  0.94699972807891275  0.95755274107828758
  0.96821899071817930  0.97896732806103770  0.98941737854773781  1.00000000000000000
 -0.00224710089450038  0.00909680799386876  0.01878777423417853  0.02967584503849324
  0.04015711987962202  0.05073555581697904  0.06109226367967209  0.07183394649153334
  0.08233363629677189  0.09300672082440353  0.10351341226482043  0.11409860365380262
  0.12449709201518681  0.13530054136157485  0.14574056609901148  0.15650689324303421
  0.16695611361060736  0.17765921336518908  0.18828287841020439  0.19907117437184332
  0.20996861930250868  0.22037040686701298  0.23077534369044633  0.24107807143572052
  0.25151495288476355  0.26181753539445551  0.27190299851661986  0.28268477893825394
  0.29339403734329939  0.30374926435027105  0.31406332334086545  0.32443118130081816
  0.33490581366007977  0.34528486627599542  0.35578174547446800  0.36642704647557844
  0.37722849654692397  0.38787785864858271  0.39844214960543517  0.40908668955838356
  0.41968210534673878  0.43032042583689017  0.44101059510332513  0.45185583280369357
  0.46262517601325587  0.47329474822201217  0.48390684375031445  0.49467682424665421
  0.50555867733772242  0.51629362995698058  0.52691270961490655  0.53738761997227458
  0.54794796677918245  0.55850621111454257  0.56908722054424576  0.57958953631522336
  0.59000687124656614  0.60057928850472297  0.61111358121787984  0.62173284061767742
  0.63215957092459441  0.64277527888216002  0.65329013582325368  0.66396570482452211
  0.67445412035721330  0.68496968960139892  0.69560821942034867  0.70603424335928699
  0.71671118001174117  0.72743592854795969  0.73811415031861405  0.74861399231129611
  0.75905144159823001  0.76954470466107527  0.78008207122710904  0.79021296017135023
  0.80087061957494976  0.81147715804199350  0.82211115379393374  0.83276294334333867
  0.84295345259216159  0.85333908288374105  0.86379946153151199  0.87436975752558965
  0.88494158349067131  0.89533819298952466  0.90605413286738401  0.91651989892794461
  0.92681173133741412  0.93727641884151369  0.94764964831061982  0.95816227583232305
  0.96859666308052750  0.97894311261876765  0.98948944530741634  1.00000000000000000
   6.6784812807835431E-008  -1.0000000000000000     
 F F F F F F F F F F F F F F F F F F F F F F F F F F F F F F F F F F F F F F F F F F F F F F F F F F F F F F F F F F F F F F F F F F F F F F F F F F F F F F F F F F F F F F F F F F F F F F F F F F F F F F F F F F F F F F F F F F F F F F F F F F F F F F F F
  <DiscreteSampler_grid>
  grouped_processes
  1 # 1 for a reference and 2 for a running grid.
  10 # Attribute 'min_bin_probing_points' of the grid.
  1 # Attribute 'grid_mode' of the grid. 1=='default',2=='initialization'
  0.0000000000000000 # Attribute 'small_contrib_threshold' of the grid.
  0.5000000000000000 # Attribute 'damping_power' of the grid.
 # binID   n_entries weight   weight_sqr   abs_weight
    10   10   6.926794342325833E+004   1.880201663636930E+010   6.926794342325833E+004
  </DiscreteSampler_grid>
