  0.00252405489990478  0.01603116095101416  0.02943045080882448  0.04156666422999150
  0.05300756051188867  0.06412508644243803  0.07515359117152316  0.08626786827388493
  0.09738195124716841  0.10836095641453247  0.11911028673083839  0.12990463602912447
  0.14073846091354403  0.15152779602563241  0.16219936824490255  0.17287274051953661
  0.18376730091288712  0.19454807226150975  0.20526148141764436  0.21597656235835350
  0.22661818598964334  0.23731207301428844  0.24799667492915187  0.25861959325109907
  0.26915891982521700  0.27975975810854559  0.29050022852546120  0.30131553451325410
  0.31206811354087233  0.32272425601580257  0.33325671989447159  0.34380507195303467
  0.35444272518454867  0.36510946899317370  0.37572873917483524  0.38637079648843609
  0.39704557140179764  0.40769543032977007  0.41828500112677930  0.42888204114837408
  0.43948510604304508  0.45012194721750576  0.46075211400324811  0.47140449436557830
  0.48204240339921461  0.49264800823592053  0.50323128171674048  0.51377420877175650
  0.52428951349548347  0.53472668893166719  0.54513656184379500  0.55553474907881661
  0.56592635839467642  0.57622464829441999  0.58653109244086454  0.59689566852052323
  0.60729725802850110  0.61765360058995189  0.62803320249798344  0.63848066769771561
  0.64886503373669191  0.65911183580601573  0.66935533029297567  0.67968130786587522
  0.68997642032877127  0.70024750637976596  0.71054427620744220  0.72091036465630154
  0.73125122245172869  0.74151821650891747  0.75171201566416945  0.76189309642456560
  0.77214107401765342  0.78248172094946999  0.79284313693352704  0.80313772426961272
  0.81330571700641929  0.82340489323215160  0.83348872828275744  0.84364979253843009
  0.85382680811686928  0.86394023816654764  0.87397614200924345  0.88398583808875619
  0.89392803142764610  0.90381370557350449  0.91368523266727730  0.92348761264223445
  0.93323346145340169  0.94284776982064489  0.95239733305568386  0.96176052673379719
  0.97083114446750252  0.97934951336080234  0.98755715577799652  1.00000000000000000
  0.00238462508408656  0.01609304994202991  0.02982473322975022  0.04179293810047123
  0.05338695744305545  0.06472208934598191  0.07610280375369631  0.08734642706803794
  0.09853491681225322  0.10971387614607615  0.12099207118955196  0.13187902404745303
  0.14289164398145365  0.15364928849844844  0.16451311650531023  0.17530061476018713
  0.18601934192522435  0.19673555171278381  0.20727477134745320  0.21790665937690545
  0.22851468490962379  0.23916882974872244  0.24988107550912758  0.26047866904685124
  0.27097428608264285  0.28140538703800971  0.29182730773725180  0.30222927733831162
  0.31259652670773797  0.32314615088170562  0.33379624646717698  0.34452953929555519
  0.35521018409931682  0.36578286830133616  0.37634412791660776  0.38682492943494823
  0.39743644662679117  0.40804915517680668  0.41862266868938514  0.42901969951317392
  0.43939231620615593  0.44968351140350799  0.46006126713072931  0.47060540552296787
  0.48116553088971054  0.49152250275806153  0.50175642569923506  0.51202203183348094
  0.52236613126113007  0.53284723356325181  0.54337154281048494  0.55386564829658758
  0.56423959614233266  0.57455481654384377  0.58491799349232210  0.59537881701793893
  0.60594342270556445  0.61660895079266376  0.62727464941608435  0.63787740735457354
  0.64840977188553872  0.65888951686333619  0.66931188367609329  0.67969290590637876
  0.69007992502881399  0.70050698397133981  0.71091328525719544  0.72116445755217962
  0.73133432870577564  0.74152297634716036  0.75177018440761267  0.76193111203171371
  0.77209737775279852  0.78241751249303226  0.79275813174010801  0.80297361695611869
  0.81296584562905139  0.82298512613904296  0.83304378517702338  0.84317255004207015
  0.85320927859700169  0.86325658035254416  0.87326329341052666  0.88335852107153812
  0.89332643704801173  0.90307753583919104  0.91261412864242086  0.92219003137745836
  0.93187083093996248  0.94151762365532454  0.95103667557155414  0.96020523615115327
  0.96911466073884511  0.97763618637379202  0.98568303145363756  1.00000000000000000
  0.00778835780725423  0.00930955507955816  0.01035439735212956  0.01136236491999791
  0.01240352496611885  0.01350675448991732  0.01466755741818027  0.01584920168673124
  0.01702967189003357  0.01822718370168779  0.01944274810325635  0.02068790217200507
  0.02200151419992289  0.02339131258723891  0.02477272547716465  0.02585882595155340
  0.02680570407360273  0.02790140122848013  0.02910289951937647  0.03034222171080016
  0.03159846351926758  0.03287573641507362  0.03419914963707271  0.03555938055511950
  0.03695977117012413  0.03838462472126142  0.03981940654753758  0.04127924113104720
  0.04280223833764085  0.04441209936927451  0.04606505369871169  0.04776406658957739
  0.04950545505607289  0.05132294742557720  0.05321512612177887  0.05513963067596523
  0.05713140935008709  0.05915643740287639  0.06127982587872942  0.06347615286283333
  0.06572127310709340  0.06805930945849527  0.07049215905322864  0.07308205876949833
  0.07572557667337292  0.07847381960687867  0.08131542608850188  0.08428820319107032
  0.08733592565582500  0.09047701644793658  0.09375187462125997  0.09717965083491766
  0.10074571543170309  0.10444635462977778  0.10827210279865032  0.11224090276861529
  0.11636802558535779  0.12069583497618618  0.12526326981942074  0.13004366341713883
  0.13500755814506746  0.14019171122553134  0.14563218288840457  0.15134531058599091
  0.15734031530779585  0.16358956235055364  0.17008732537395521  0.17692828651595258
  0.18420544413880205  0.19194757941813945  0.20011573083959419  0.20872644438561891
  0.21781220459982659  0.22743052925346371  0.23762311098044905  0.24838484858145796
  0.25981207522583732  0.27208594646645518  0.28538016188710552  0.29968749096281877
  0.31506103349302578  0.33144525576350797  0.34907591870494842  0.36806787448704925
  0.38856675392269469  0.41116603639458266  0.43644422027885249  0.46428187435053958
  0.49557477864600491  0.53153963310605667  0.57389046107638508  0.62640108454010646
  0.70043885825525021  0.81236670949388534  0.87850658959455585  1.00000000000000000
 -0.00103848348625228  0.00402902310016444  0.00915486643696517  0.01432052199775041
  0.01956406652916465  0.02490026602202424  0.03025962364303035  0.03565896911641809
  0.04111754169887910  0.04661622567592554  0.05212915979778961  0.05762018977442315
  0.06314669392488675  0.06877506221147243  0.07446942951211204  0.08019640135742814
  0.08597111415948408  0.09179452904051491  0.09765499780017607  0.10354300561583349
  0.10942751188336600  0.11530057001470430  0.12122685376107549  0.12723427714467991
  0.13331693727526034  0.13945112896953923  0.14562818086825183  0.15184039769855887
  0.15809266409870129  0.16439357657754897  0.17076249618772837  0.17719944586252612
  0.18367923662307062  0.19024134563910536  0.19685934638978622  0.20350534594197206
  0.21023271607470440  0.21704420663623816  0.22393676595863024  0.23090332677678072
  0.23796323271189593  0.24510845552684002  0.25232720060023889  0.25963461150831707
  0.26699066030346441  0.27438769061074986  0.28188854507480149  0.28955754752681417
  0.29733704455555793  0.30513521344380889  0.31291074177724026  0.32072424842970054
  0.32866184074134730  0.33672713901476653  0.34493479226840784  0.35330505063553896
  0.36184576643132832  0.37053819492667434  0.37933562305449103  0.38819520625161924
  0.39710787286075161  0.40607516636890273  0.41519701148914151  0.42456736698992426
  0.43410903376670695  0.44382115731295674  0.45372599919365025  0.46386886187854981
  0.47426179077873604  0.48479070313498923  0.49545541939265053  0.50638223083365652
  0.51761258698409418  0.52921412536678425  0.54105899379300404  0.55312536906776433
  0.56533419191650813  0.57778741163006431  0.59062846584786421  0.60391261335608670
  0.61765792176076684  0.63199194581607032  0.64700034430116571  0.66267957556958412
  0.67890937806039653  0.69571111283779430  0.71332686228431730  0.73208391653234095
  0.75213280299791263  0.77380519639005541  0.79714731608269640  0.82268252793619168
  0.85186243074980184  0.88695218724441560  0.93337084397183445  1.00000000000000000
 -0.00226279478865139  0.00910090600982968  0.01882373981566670  0.02948399816335884
  0.03993586396779514  0.05043651502878848  0.06080662358564495  0.07120370168091650
  0.08169715214228786  0.09225517214467963  0.10279843949469902  0.11304510498240707
  0.12317515425577090  0.13350123073094261  0.14400680507472491  0.15422914753218286
  0.16460595978218004  0.17517554184018244  0.18575727403697895  0.19605055589066092
  0.20621255821626611  0.21661334973876067  0.22722936639596980  0.23774643319371150
  0.24824591732622425  0.25872402262017113  0.26928211016959869  0.27980053716056158
  0.29038914641498920  0.30096103290144177  0.31150564121597013  0.32202290249671678
  0.33250347135408453  0.34298927924963257  0.35347794117484027  0.36400929181585961
  0.37454263570485613  0.38510423618900758  0.39557917327101849  0.40598421097406573
  0.41641199908185500  0.42692480530667681  0.43743981560008544  0.44794929936891759
  0.45856044307097782  0.46933326798263370  0.48010165973077917  0.49082281003899153
  0.50144884052165895  0.51209022141716232  0.52279624493363874  0.53346936541970402
  0.54410714942857841  0.55467259108125821  0.56522967095991539  0.57579376269528326
  0.58638446990605020  0.59701770917839991  0.60764150856678467  0.61821347346571043
  0.62881373058632473  0.63943834448880355  0.65003584816513704  0.66063358853383047
  0.67133466965351174  0.68207899369627778  0.69278418552487642  0.70343211217152002
  0.71400683547564769  0.72446947992283861  0.73512238659261797  0.74575164382979153
  0.75632738798216004  0.76662815649040894  0.77693918701805309  0.78730211510186376
  0.79781687581158500  0.80854596856097283  0.81937501233942123  0.83003393185402929
  0.84060006552664956  0.85110846872836032  0.86171770952436166  0.87232984779926459
  0.88284387943766152  0.89332065346296874  0.90386810146654295  0.91464199136126345
  0.92541926758058823  0.93609478079419017  0.94682508488565753  0.95774785101926785
  0.96840226962237363  0.97897667163133906  0.98955878817408727  1.00000000000000000
 -0.01415088752845695  0.06339015334449957  0.10969957995468373  0.14515958208680949
  0.17425208780738613  0.19994278234669480  0.22353700662820564  0.24537137484660546
  0.26561534525133379  0.28447186402715513  0.30225236989590992  0.31932078491349192
  0.33563740621154575  0.35116147593507424  0.36599685927171671  0.38032248776660038
  0.39409473990095412  0.40734303748462053  0.42038493665640680  0.43319779402983999
  0.44576240720752913  0.45795228350837208  0.46978872266345928  0.48122328058313518
  0.49234049210420483  0.50333171225037343  0.51418178098001566  0.52471964949813032
  0.53485873255591421  0.54481592655286459  0.55474560526013361  0.56458045332193363
  0.57417157866575719  0.58356291941036009  0.59272749783468393  0.60173835926701158
  0.61058853993902307  0.61934191194672328  0.62797498839719279  0.63651208502663370
  0.64492226632635630  0.65322759442496892  0.66150013526026097  0.66964169407894047
  0.67770149577188665  0.68565104982034109  0.69347737877900917  0.70118067691492769
  0.70881902609114722  0.71634346002551785  0.72373630485333862  0.73107804145089306
  0.73844827624292342  0.74575976763184126  0.75298545840251430  0.76009640720462412
  0.76713928138319143  0.77408500492371857  0.78098230783341849  0.78782928340105407
  0.79457921161166145  0.80126984444054417  0.80786879115836052  0.81440562219681001
  0.82086111054933530  0.82727466614020773  0.83366449671909992  0.84005447852180126
  0.84645472350290307  0.85282554511655118  0.85903195149947098  0.86512414642421165
  0.87113517578930322  0.87708875072392212  0.88301754812646371  0.88893197490664311
  0.89484592336291957  0.90071655355140245  0.90655847738079720  0.91240913056351425
  0.91820993184424105  0.92394979735931415  0.92965870279773055  0.93534482165679922
  0.94098501706401916  0.94656008655290080  0.95208218496500541  0.95755875940394619
  0.96298159023697860  0.96839835663079765  0.97380225562184863  0.97917460093368724
  0.98448721610288314  0.98970354369117686  0.99489551723445546  1.00000000000000000
 -0.00240525827115751  0.00928763925871362  0.01962243779260107  0.03011041648484180
  0.04069538709018198  0.05111803122693759  0.06156364252964812  0.07201321856648092
  0.08243566638827944  0.09306153209846899  0.10369548442397356  0.11412673842486598
  0.12451255267931935  0.13487097915652732  0.14546504066215490  0.15590580130441212
  0.16655237135906037  0.17716727922921666  0.18769368780129167  0.19823282591943336
  0.20887974297752282  0.21932308698710978  0.22992625945464484  0.24049678003679817
  0.25121050083097346  0.26174739204672215  0.27220447503719980  0.28271392988456778
  0.29321015893853564  0.30377108021545579  0.31421657110261386  0.32487958688791274
  0.33539573695365732  0.34620352066937571  0.35666368280479710  0.36734781968045221
  0.37776651543826389  0.38842027733095830  0.39896277714358491  0.40987705646904760
  0.42038053292319527  0.43056524284680375  0.44075153476634832  0.45106320107359787
  0.46133755894219436  0.47167537210440169  0.48186228423357252  0.49250599838002496
  0.50291421344737175  0.51358791514878155  0.52415134055709567  0.53459621873427687
  0.54500825034050304  0.55548984830670300  0.56597810197115117  0.57652546823298667
  0.58722872330528919  0.59787507135424189  0.60852713742157127  0.61921447467433499
  0.62987485184955971  0.64043853716000509  0.65104104443352795  0.66174110900193983
  0.67233548651262853  0.68290249503675815  0.69351704359322075  0.70400371120792460
  0.71433029900391631  0.72444420167268586  0.73475529836996534  0.74524712217080391
  0.75599079189811502  0.76681375722147238  0.77756944791827820  0.78829643843687003
  0.79884958297886999  0.80950614953868794  0.82006747556133486  0.83087376022565396
  0.84153474681118168  0.85234677187843888  0.86283388402358885  0.87337715581855702
  0.88392213905850059  0.89464234645472140  0.90505813271354463  0.91552312910415246
  0.92605134900149488  0.93649464300819163  0.94687468846319234  0.95727209056223350
  0.96783875684165666  0.97857037115353007  0.98918559196068678  1.00000000000000000
 -0.00225758395204710  0.00891697032424997  0.01890470195484089  0.02938266502433177
  0.03992028766577448  0.05046085955890322  0.06128843676415736  0.07197087133220165
  0.08282434000780041  0.09337985241323739  0.10412637638657572  0.11475994422193722
  0.12527019630639419  0.13575300923447783  0.14612268174224738  0.15674586532198229
  0.16715239872788601  0.17774560104896192  0.18817135597230245  0.19874856560219745
  0.20936490145007644  0.22008689752648480  0.23079019090840586  0.24132347063294721
  0.25200603666573779  0.26250704811088632  0.27307790079483346  0.28367201909485845
  0.29433896953931182  0.30503708798429019  0.31549279883303361  0.32599880136398629
  0.33629021177058910  0.34661588154624023  0.35695331794887480  0.36744377117362015
  0.37797825283094194  0.38854370525628840  0.39894175561549522  0.40919430750332586
  0.41967549407590327  0.43006007289945569  0.44057112237352791  0.45100599970424460
  0.46149989374784817  0.47206749510166035  0.48264424303483644  0.49337005795375971
  0.50401336528926644  0.51460543207839438  0.52509446069580890  0.53576637387434034
  0.54621065997665164  0.55676320353664976  0.56709724935881289  0.57763868857113287
  0.58826685420554536  0.59909650145532600  0.60986302291788930  0.62052699509110076
  0.63120959589419012  0.64184724307832786  0.65241867539519349  0.66300037299207759
  0.67345953254490920  0.68383705449349352  0.69420888848546247  0.70478995194254090
  0.71543758657074297  0.72607093540237966  0.73670413112729816  0.74727117212988781
  0.75779100962685908  0.76843913841283684  0.77897970387532189  0.78950586069076600
  0.79999036785056110  0.81061973191347836  0.82118969687935883  0.83158565027505005
  0.84219691206332881  0.85290201453028469  0.86355926905976577  0.87405304336703360
  0.88454485664736504  0.89532814797516236  0.90588606644413083  0.91646035097166623
  0.92664595929765781  0.93712080542855991  0.94767893416202587  0.95837350567000046
  0.96891048049061979  0.97917242980428609  0.98958868761647845  1.00000000000000000
   6.6577898514777911E-008  -1.0000000000000000     
 F F F F F F F F F F F F F F F F F F F F F F F F F F F F F F F F F F F F F F F F F F F F F F F F F F F F F F F F F F F F F F F F F F F F F F F F F F F F F F F F F F F F F F F F F F F F F F F F F F F F F F F F F F F F F F F F F F F F F F F F F F F F F F F F
  <DiscreteSampler_grid>
  grouped_processes
  1 # 1 for a reference and 2 for a running grid.
  10 # Attribute 'min_bin_probing_points' of the grid.
  1 # Attribute 'grid_mode' of the grid. 1=='default',2=='initialization'
  0.0000000000000000 # Attribute 'small_contrib_threshold' of the grid.
  0.5000000000000000 # Attribute 'damping_power' of the grid.
 # binID   n_entries weight   weight_sqr   abs_weight
    10   10   3.169880192562730E+004   5.272897337936270E+009   3.169880192562730E+004
  </DiscreteSampler_grid>
