  0.00240882295021284  0.01626197250419482  0.02997644869352685  0.04209196100581401
  0.05362797694612197  0.06483146817614870  0.07596503840024627  0.08693974487263087
  0.09785503508195716  0.10882543878957437  0.11989800623687363  0.13089624000775393
  0.14187397434773083  0.15284073404981782  0.16369068168525736  0.17435923308900483
  0.18498988736654182  0.19574775205240968  0.20643280694104671  0.21707050769094560
  0.22778691103281321  0.23865754183571677  0.24962643769025003  0.26050068384476421
  0.27138291258067476  0.28227895751343235  0.29311449485928026  0.30373744324619756
  0.31432153881513231  0.32483028381513218  0.33527922338774685  0.34567556372891772
  0.35617137536786225  0.36675341639164721  0.37737831417654033  0.38795511128906968
  0.39857837230620125  0.40920524447736573  0.41986244678791190  0.43063837944277994
  0.44132649922960249  0.45178301422237604  0.46212396064102362  0.47243691682599603
  0.48264295438868537  0.49274826213005291  0.50281693266927374  0.51297313214914952
  0.52324455498019551  0.53361798908637947  0.54406128088746475  0.55446057532151705
  0.56483852681931301  0.57517918520392486  0.58550577242958968  0.59585494697979946
  0.60627543259636485  0.61675511945153527  0.62714073037923579  0.63733678542436900
  0.64740573439736326  0.65750293060542997  0.66763328132344624  0.67778970333165023
  0.68800815192500375  0.69839740903855274  0.70886237230121596  0.71928890815944879
  0.72969106359498570  0.74014143339741556  0.75061030322056987  0.76103457594264123
  0.77134876564341059  0.78156718331201991  0.79175572715254217  0.80192674990473434
  0.81205378876461409  0.82214168294034651  0.83218952371800514  0.84221789923708212
  0.85225595199631121  0.86230541769934310  0.87233871530650864  0.88234806887542749
  0.89234359410334141  0.90237894228030735  0.91242327446803839  0.92237025053189337
  0.93218044916892606  0.94183237499729855  0.95130413691892091  0.96063575111786470
  0.96976808419142912  0.97828693542891443  0.98685785901582579  1.00000000000000000
  0.00220755101193156  0.01679016688882556  0.03101639806303022  0.04305039669843273
  0.05481570019727437  0.06615658662301767  0.07754811303091118  0.08876801817991598
  0.10001015366207142  0.11111771288331380  0.12204029357866993  0.13306789852853301
  0.14399864767570397  0.15490659945657842  0.16577723503425368  0.17669045915796500
  0.18756639609500098  0.19835813314925260  0.20912266439368449  0.21985840725081618
  0.23048533406986574  0.24115339987477669  0.25187114767014285  0.26265385364559279
  0.27346404132533186  0.28434717656386144  0.29524181929375320  0.30610989016285489
  0.31686149560755400  0.32750617102240803  0.33808338661440912  0.34859851982946938
  0.35905699771451055  0.36950267442823936  0.37997035872201068  0.39049254347986556
  0.40098040624664799  0.41158257614176091  0.42229272945695207  0.43305697457592207
  0.44367020105752597  0.45426128981602365  0.46493886616223734  0.47568340668923897
  0.48637979811279242  0.49706213399554511  0.50781865507984558  0.51853566309637600
  0.52918565109264770  0.53983201341169496  0.55057156405338614  0.56125838179708010
  0.57186224460105750  0.58240224379678251  0.59293665165985121  0.60346832873220568
  0.61382784601011608  0.62409887943898501  0.63435000616359272  0.64457651623326340
  0.65494662971914930  0.66544176364393226  0.67618882234424793  0.68695105250024180
  0.69765306591317744  0.70827736696321220  0.71882948723816564  0.72935491908146888
  0.73979667722633247  0.75021800174518727  0.76062388528486624  0.77102865109687302
  0.78143314185968904  0.79175854915788790  0.80189530046772139  0.81201744635327822
  0.82212278442500097  0.83215200412886003  0.84211026365371855  0.85210654361755955
  0.86229052842596432  0.87254787989606586  0.88272609804794533  0.89284672693419831
  0.90298386711588241  0.91317748762221429  0.92338503376711589  0.93353368885815047
  0.94340855188037143  0.95292499859694346  0.96221407432790484  0.97116914273540034
  0.97961462027586443  0.98693657487038733  0.99333582701059464  1.00000000000000000
  0.00859132540440221  0.01005257130149179  0.01111637298609318  0.01215433028793708
  0.01322355949781218  0.01433856653884358  0.01549190148622746  0.01666067628616032
  0.01783255009594948  0.01901884422799602  0.02023363186485137  0.02149781613230215
  0.02275363312549938  0.02397393849364580  0.02515879393291949  0.02623972585256105
  0.02723152014924814  0.02831697281318953  0.02952312976656965  0.03076987995655802
  0.03203355458347394  0.03332231199722639  0.03464795475904964  0.03601945734031220
  0.03741866300630964  0.03882980719316655  0.04026408211068080  0.04174030209053218
  0.04327203381839404  0.04485210485346318  0.04648505371538933  0.04817445788059604
  0.04990292004974433  0.05167183482702808  0.05350607559032748  0.05542831625676584
  0.05743268830265994  0.05949649278424237  0.06161705132332877  0.06380219165502381
  0.06606193657182484  0.06839478200333217  0.07081088504659543  0.07331681886361111
  0.07591178561180696  0.07858970602718617  0.08135830210352939  0.08423688884212516
  0.08724442812362691  0.09036928512918273  0.09360979178343116  0.09697421274945418
  0.10049363273916773  0.10418452224581354  0.10803044510274913  0.11201915535330233
  0.11616223542628405  0.12046801766322453  0.12494334187548085  0.12957099440158917
  0.13440277117818014  0.13949529549908293  0.14488939700834449  0.15056930158182524
  0.15647129260839074  0.16263557993422040  0.16911129422471252  0.17598222672445846
  0.18322423964430726  0.19077886550984174  0.19864894923514365  0.20697234224272609
  0.21587359263411013  0.22538693386985556  0.23547971577607896  0.24623113306894648
  0.25753460117990612  0.26948984127725822  0.28218900701636174  0.29577143349543134
  0.31036049617371431  0.32613200300235462  0.34316183728799798  0.36152401030848380
  0.38152360200632729  0.40348259376600437  0.42762269385885565  0.45438159140173284
  0.48407308515461839  0.51777835989461329  0.55744274948182371  0.60557101540410796
  0.66853518696300740  0.76380762699623783  0.85354060904058837  1.00000000000000000
 -0.00107682425729995  0.00407508031748510  0.00943206761382819  0.01473466719763252
  0.02006414002267626  0.02542848430646966  0.03078109687283412  0.03614788838787751
  0.04151125045286624  0.04689327241879551  0.05233333629250743  0.05783440173585191
  0.06337876729252180  0.06898649250580773  0.07465000338307780  0.08036342216551381
  0.08610556393267679  0.09185375686700696  0.09758042291016146  0.10332608875302118
  0.10918247841051054  0.11516422047872600  0.12121319768254825  0.12730541346772303
  0.13342666630217273  0.13958654310990720  0.14582789264030402  0.15215447719803132
  0.15854896622107995  0.16495763395826832  0.17137299277030985  0.17784673501463705
  0.18436598814731672  0.19097804974247498  0.19762779593268054  0.20432708761130616
  0.21109792406010314  0.21798164933063910  0.22494506853168245  0.23193950893123272
  0.23893952958183165  0.24594631233894124  0.25305020445361265  0.26025305775619989
  0.26756918544644670  0.27504311731725384  0.28256441463665100  0.29017859718616773
  0.29783182066882952  0.30557325907046862  0.31344865042282272  0.32141469658964683
  0.32945817959334306  0.33761448790600196  0.34580833946320710  0.35410604815704871
  0.36264844569852234  0.37131834130225361  0.38005226235505546  0.38893426808126191
  0.39784119946968327  0.40682411928081669  0.41594035899492410  0.42525948747290682
  0.43479313946648596  0.44446956962103545  0.45426362286452227  0.46431492577456174
  0.47460698491601888  0.48502937813556962  0.49555552116050761  0.50634645339148543
  0.51747205721441292  0.52881614608516769  0.54040163474650493  0.55232104368973101
  0.56464709001675739  0.57739699162119207  0.59048729043940285  0.60386717550935864
  0.61760983625846111  0.63188854614358259  0.64670169579242565  0.66190323158920872
  0.67779845064828315  0.69458325439922630  0.71240311299775405  0.73139753115159523
  0.75149849665676349  0.77312048380750109  0.79692920382432897  0.82318850901552587
  0.85289155519371529  0.88784286913415711  0.93323621344375574  1.00000000000000000
 -0.00217111432756049  0.00883105780379467  0.01844675335377576  0.02890367078771879
  0.03930943944842606  0.04979404800050323  0.06021228232948848  0.07079702010148513
  0.08146684406517139  0.09199218494375550  0.10257142593926565  0.11318745773114619
  0.12392675612006751  0.13448976318973871  0.14507606527182179  0.15581367700091356
  0.16640460914914199  0.17706970127080385  0.18762284586134528  0.19825608790679100
  0.20893116974418977  0.21913704665478551  0.22965376006169294  0.24013627448984329
  0.25059119458087559  0.26099027123549179  0.27136312742970281  0.28203552710028235
  0.29266984459426998  0.30328623929907994  0.31403062204526416  0.32483023742130485
  0.33569700459131174  0.34636768454742206  0.35714758769225124  0.36777789202362776
  0.37851632585323497  0.38919870214874003  0.39986475444288672  0.41044080717404907
  0.42104396000037986  0.43159548242864143  0.44230755397295485  0.45291703392885124
  0.46363056802880664  0.47411555625021534  0.48455729981437523  0.49506865632730990
  0.50571723261887325  0.51628562262295230  0.52681510313690216  0.53745508410770637
  0.54802849038121260  0.55856616904381862  0.56916747899181430  0.57976982175483371
  0.59037388685748526  0.60093536040674012  0.61148009474066944  0.62194260604572538
  0.63241553057887678  0.64308886859304537  0.65366090236602947  0.66412843482727779
  0.67452675565352593  0.68493310297062893  0.69546107145752578  0.70591792921796048
  0.71631980027135411  0.72680956782116146  0.73735098142592470  0.74787022909840306
  0.75817970362930043  0.76852361241702627  0.77909940224182617  0.78962756109384435
  0.80009306937539459  0.81041477537038475  0.82078547514136779  0.83106026184157966
  0.84144103700337658  0.85192478773937064  0.86261252630409302  0.87333282626619890
  0.88404844720710363  0.89473864052263163  0.90536881032842231  0.91596904067305329
  0.92641691443199381  0.93697049623600204  0.94749522631193939  0.95801892446728920
  0.96842001799745980  0.97880302356078497  0.98936014328521615  1.00000000000000000
 -0.01425784578434958  0.06360222970416693  0.10883903259387309  0.14356867397326159
  0.17351026637287978  0.19992380246927399  0.22367206955229432  0.24553078904278214
  0.26595561676024226  0.28519203803127213  0.30333444752351629  0.32048960781116809
  0.33683071524450925  0.35232311986141923  0.36704556900672136  0.38121609199534062
  0.39488745972109246  0.40792061297873700  0.42059608738299947  0.43306863201655554
  0.44522153619589161  0.45719439076109647  0.46883677896422116  0.48031441929004326
  0.49128851845009658  0.50210129853982544  0.51267798213696225  0.52303336417941682
  0.53322151101431636  0.54331354330326032  0.55325927318217183  0.56304779303618713
  0.57268045949922874  0.58223466029290749  0.59155158840754696  0.60062930681493754
  0.60956825522299429  0.61840714020090548  0.62715020196509408  0.63579947633123912
  0.64436453195680066  0.65278808325958249  0.66113394281794868  0.66934055547564775
  0.67752008669890507  0.68560984672614556  0.69349925020662284  0.70117864801270247
  0.70874551572161015  0.71619946760123998  0.72355587864499338  0.73082945085755824
  0.73799562398107055  0.74508041003883152  0.75224428490008310  0.75952017612051947
  0.76675090810052804  0.77379454442989393  0.78072873017366584  0.78759965770195473
  0.79436946360086425  0.80099462351307793  0.80752505346123993  0.81402181868580936
  0.82044466150851891  0.82680864301959367  0.83315000630925995  0.83948814371465730
  0.84579193322964297  0.85206544358673109  0.85834593684370819  0.86462074223639229
  0.87080656189780625  0.87688653796225224  0.88291054978269290  0.88889811215789039
  0.89484752850312088  0.90072727340963654  0.90652322350802306  0.91225272757995535
  0.91792743464068194  0.92357955512121248  0.92920874514919161  0.93480166747977511
  0.94036450949321515  0.94591211172189293  0.95142102283382279  0.95687815527121545
  0.96231734810156400  0.96775638287639487  0.97319522521432889  0.97860768914067453
  0.98400545220500768  0.98936497095337328  0.99469785946402278  1.00000000000000000
 -0.00228815654482221  0.00896449361585551  0.01942366696980465  0.03047112392277731
  0.04134439313739151  0.05189910536975407  0.06228847196973148  0.07261316391077219
  0.08304495739006962  0.09346615775585217  0.10387574817033496  0.11453834040518471
  0.12504900256198875  0.13558502385593499  0.14603739929321771  0.15656543906209675
  0.16712763413563028  0.17791118240710774  0.18860202165542911  0.19907301851855730
  0.20946635579328046  0.21994769293380090  0.23034509417503635  0.24068818332147301
  0.25109804401395391  0.26164536713445835  0.27231567669137113  0.28280134113071148
  0.29325524036075362  0.30377228253225885  0.31444203748795763  0.32475471661573496
  0.33532467998606968  0.34580238149595127  0.35633512349645013  0.36681614721716160
  0.37752923715544362  0.38803610415496015  0.39861308481251201  0.40911591177309825
  0.41967829723880318  0.42994109775818107  0.44029116892798265  0.45086624690622190
  0.46150181432009757  0.47213331697745475  0.48268488671164411  0.49329855344065515
  0.50389365448507095  0.51449052637800918  0.52503595480585097  0.53563095278242956
  0.54615067972665354  0.55666921030462968  0.56719527240234457  0.57771731933657577
  0.58818926510459024  0.59856578784409098  0.60903347521789830  0.61981075761204785
  0.63044859123800434  0.64065057720806029  0.65114999441550481  0.66167056754113340
  0.67205635462761482  0.68239100988888080  0.69284005324289266  0.70345968897088507
  0.71397648030708760  0.72443666886094227  0.73492870715262548  0.74552354360017603
  0.75610187687592778  0.76668186059440957  0.77724308218625338  0.78779430531571237
  0.79833868534228047  0.80902223489451697  0.81967345705536299  0.83050313043419510
  0.84115860112155616  0.85198543063347909  0.86257910117315573  0.87322993443995323
  0.88375268302102572  0.89447192504937045  0.90505513158483519  0.91572708103458700
  0.92629551876317151  0.93669214544672252  0.94698779304778180  0.95735787308529174
  0.96797874145014895  0.97862760671983251  0.98923838190801605  1.00000000000000000
 -0.00231936895895593  0.00899955667861651  0.01919831607378135  0.02976773971834039
  0.04040464424348510  0.05100576682509904  0.06186311494921404  0.07259718340819452
  0.08318576762373918  0.09383197717458784  0.10453521805442212  0.11524623040043659
  0.12595736367065041  0.13643006961714985  0.14691566837240216  0.15727099928814101
  0.16790076801606374  0.17870079935810307  0.18935022642437838  0.19981923996223494
  0.21023348369570097  0.22056503760083188  0.23083749976125828  0.24105738078181130
  0.25134808642495954  0.26198110479868209  0.27258872966657155  0.28313167710206433
  0.29366914862111276  0.30403578469999315  0.31461038289546778  0.32511735357769822
  0.33582338580067761  0.34648802290789371  0.35718270444365108  0.36781005043858317
  0.37854894585650101  0.38947201776226675  0.40018816824994552  0.41083141096939207
  0.42146726235642878  0.43216717499635404  0.44276583495427668  0.45329293561971196
  0.46390053313236046  0.47453325016308878  0.48508757223851762  0.49569525981439266
  0.50629560217429159  0.51684301314319003  0.52742472077507552  0.53803596844911639
  0.54857072613976965  0.55904775411468710  0.56938339366180657  0.57981059848101157
  0.59033091041007846  0.60100424780364248  0.61161641551684087  0.62214540785220473
  0.63258247696351566  0.64297971428777889  0.65328875053418844  0.66361987525756216
  0.67394370670853876  0.68430706457619972  0.69476083955305723  0.70511685386199363
  0.71555793467306661  0.72584971198966020  0.73613909660435317  0.74645367055377210
  0.75697171561951260  0.76739194262559784  0.77781078682770732  0.78819632738590995
  0.79864770676610064  0.80932073967088980  0.81982949079391076  0.83036882172590210
  0.84114610805163048  0.85179380756110556  0.86242912734636723  0.87313386548457783
  0.88380806967364633  0.89477031863954082  0.90494901512273906  0.91546513138022523
  0.92597387525311092  0.93642299643341009  0.94679121636123542  0.95700748371440525
  0.96770241491156606  0.97832958259082137  0.98915559349672921  1.00000000000000000
   6.6824434944604819E-008  -1.0000000000000000     
 F F F F F F F F F F F F F F F F F F F F F F F F F F F F F F F F F F F F F F F F F F F F F F F F F F F F F F F F F F F F F F F F F F F F F F F F F F F F F F F F F F F F F F F F F F F F F F F F F F F F F F F F F F F F F F F F F F F F F F F F F F F F F F F F
  <DiscreteSampler_grid>
  grouped_processes
  1 # 1 for a reference and 2 for a running grid.
  10 # Attribute 'min_bin_probing_points' of the grid.
  1 # Attribute 'grid_mode' of the grid. 1=='default',2=='initialization'
  0.0000000000000000 # Attribute 'small_contrib_threshold' of the grid.
  0.5000000000000000 # Attribute 'damping_power' of the grid.
 # binID   n_entries weight   weight_sqr   abs_weight
    10   10   2.431771642367725E+004   4.373689592812354E+009   2.431771642367725E+004
  </DiscreteSampler_grid>
