  0.00231436715178464  0.01653970211365179  0.03029927910331038  0.04257365762082029
  0.05428617603281911  0.06580500499435706  0.07725201610383181  0.08855669985165796
  0.09980251314754550  0.11091866928746549  0.12211990410144202  0.13311959511442920
  0.14402578943023145  0.15492058684134549  0.16577509886331923  0.17643082245130032
  0.18701797800978365  0.19778013577054010  0.20868156227619855  0.21958075148411740
  0.23043045385684602  0.24126188925522724  0.25205442998745692  0.26278481378646429
  0.27361356952074323  0.28444601061569647  0.29527007975815278  0.30588498212634330
  0.31647719776185279  0.32704994640143026  0.33773279230439868  0.34827193784973659
  0.35883538249311803  0.36930378019734555  0.37975654364704248  0.39011309915070486
  0.40057468004427843  0.41120935722115926  0.42186077273053790  0.43234784081727323
  0.44266709277721644  0.45291857337774843  0.46321183843317482  0.47350991890846117
  0.48388985249419281  0.49437190564286632  0.50499312317776157  0.51558968030769470
  0.52617785509546611  0.53672780587059921  0.54723157569505154  0.55772491620919995
  0.56821037833182564  0.57874880201088275  0.58933148713373107  0.59997468958276656
  0.61065182991277056  0.62126790764030415  0.63187107642283524  0.64246493096868473
  0.65293309103680286  0.66340461075335577  0.67398336698827710  0.68475548828104071
  0.69549509780940888  0.70606318178892769  0.71655934277318434  0.72690915868686656
  0.73724762769739616  0.74749681165787818  0.75783131324238395  0.76819450755954477
  0.77854493320471696  0.78885328944661748  0.79918071292710213  0.80952703530577119
  0.81971876810259559  0.82971189949603286  0.83977181307058280  0.84992180205466572
  0.86018789277311103  0.87039243954457546  0.88053368673351273  0.89059777485600600
  0.90058645999530673  0.91047787953724202  0.92030052158849562  0.92998017683785394
  0.93965861046171950  0.94919058057523797  0.95849466108231107  0.96747675134701172
  0.97613742249491553  0.98426960830388777  0.99220873381276120  1.00000000000000000
  0.00227451562869804  0.01674148798769603  0.03028013668969447  0.04210456072072222
  0.05359599977907942  0.06475582055307927  0.07585392805297181  0.08692882505565928
  0.09798311963724170  0.10885092626271309  0.11963326710493417  0.13033159220050131
  0.14104228041785133  0.15176341957465184  0.16248275251265065  0.17316018380137396
  0.18391252957881332  0.19472862329191959  0.20556408945776444  0.21635066173174167
  0.22715566602850934  0.23790632849723159  0.24863232521480311  0.25938113372136878
  0.27015122533580799  0.28077071491768896  0.29120569687331777  0.30162707157320090
  0.31209408096795060  0.32259756747682505  0.33310378582406441  0.34370433292390312
  0.35435500071197323  0.36496645120392995  0.37557972428834346  0.38626003847557583
  0.39697863315786369  0.40766360947318803  0.41829828265266017  0.42895187757997771
  0.43960248461649559  0.45016542257806597  0.46066302232365863  0.47112889598434959
  0.48166998862992821  0.49224143468293086  0.50289892328753794  0.51353233588642799
  0.52409357511244670  0.53460323301591872  0.54519127103600329  0.55590251263877932
  0.56658106586448209  0.57710979991145583  0.58755133546199123  0.59795055759633431
  0.60838158796725916  0.61882929750438120  0.62922510680289812  0.63955527742861495
  0.64988743502668156  0.66025850015689036  0.67066833188825070  0.68104427746217810
  0.69139864397050244  0.70168434790825374  0.71189281135598315  0.72212098180753059
  0.73245128322774300  0.74284141771434342  0.75315175964790571  0.76331801173394798
  0.77344838487944900  0.78361097052264750  0.79373757281834123  0.80376656473359520
  0.81378141080347632  0.82392238951453900  0.83415842996969436  0.84442805645037955
  0.85467291117894195  0.86489688612349291  0.87501305960499831  0.88502003662043605
  0.89499869499808327  0.90495436723512024  0.91484981033854407  0.92466036858186917
  0.93440144884394505  0.94407261029424916  0.95359412798520926  0.96289434772410143
  0.97180951936923088  0.98007714353814324  0.98831036703372543  1.00000000000000000
  0.00808811180008098  0.00962696912456505  0.01075930393181146  0.01187445631441575
  0.01301360256977168  0.01418041841975604  0.01537284777330134  0.01659842521647424
  0.01784714989986043  0.01909367149271420  0.02039426575124747  0.02173424202412791
  0.02301791325669918  0.02422156759552210  0.02538529600520478  0.02651268102788201
  0.02759145229213704  0.02871910277422710  0.02994988622773921  0.03119050554126630
  0.03245651874120019  0.03375085303715154  0.03507363605579080  0.03642285874402381
  0.03780341178097950  0.03920968448462411  0.04064243693025713  0.04210919984422894
  0.04362293041418445  0.04520092855363394  0.04683933182765888  0.04852736980279096
  0.05025828011073889  0.05203900680972719  0.05387214509702282  0.05575933342891439
  0.05770646612420640  0.05973232692978426  0.06185579317338852  0.06407336896006743
  0.06636670572485835  0.06873419686502759  0.07118845107740233  0.07372844800095023
  0.07636276977113926  0.07908378425114018  0.08188968620484958  0.08477982428105171
  0.08778269512349744  0.09091601512150944  0.09417058552897374  0.09756921536154431
  0.10111866029015748  0.10479106621288051  0.10862706325151758  0.11266793354300964
  0.11693018330440373  0.12137091610633573  0.12600435661363965  0.13082327775851763
  0.13577417188745269  0.14093513554952689  0.14630175862038255  0.15190441151441314
  0.15774936904175940  0.16391751227826765  0.17035233163806238  0.17710795700563914
  0.18425633619230364  0.19185521467195793  0.19985056176477367  0.20829849449610058
  0.21720226395975697  0.22656875484178229  0.23642297363470605  0.24688034068871978
  0.25808670605724371  0.27011603004796592  0.28298864510773236  0.29673306798486276
  0.31138915120031552  0.32718134924724113  0.34428153601159484  0.36283407735135031
  0.38279652075064341  0.40452575083853659  0.42862441365965193  0.45542877924832414
  0.48543979853642810  0.51946510653768185  0.55887505723655084  0.60615508504197602
  0.66832751329206319  0.76382028775137223  0.85863258443917034  1.00000000000000000
 -0.00107747395829993  0.00406792868089398  0.00941055778467773  0.01472482875606640
  0.02010026351978200  0.02550328898538961  0.03095183711777265  0.03641554542471563
  0.04189959849582017  0.04739701854123343  0.05291437396338464  0.05845175513704298
  0.06401973780176129  0.06963562086802449  0.07531109234206830  0.08104274490044248
  0.08681936499665593  0.09258423560159963  0.09834461178805508  0.10415517741182088
  0.11005159945575289  0.11604519545704545  0.12212679286037398  0.12828864123725531
  0.13449417805591957  0.14073448315941445  0.14699082125034746  0.15326164362701869
  0.15960030651398568  0.16600309119676568  0.17251718550140976  0.17913567350368442
  0.18575956938037819  0.19238381741124780  0.19903258744805694  0.20571762282682676
  0.21244957438381923  0.21927437511023823  0.22616000155089946  0.23312993040422750
  0.24022462937936856  0.24739773735457152  0.25466367542216883  0.26195293898098965
  0.26932762545686156  0.27680113932999717  0.28427761529750606  0.29182179076324105
  0.29940763028489559  0.30713095741140867  0.31493899628353506  0.32279039537878496
  0.33070041755530694  0.33874661537995721  0.34690182950064880  0.35519929657246785
  0.36368810813109942  0.37236280822069240  0.38121171315540398  0.39012208699164269
  0.39908470538828800  0.40816078867463418  0.41744641215912504  0.42698802477775366
  0.43673203403938238  0.44659566220401181  0.45655564665534698  0.46659977916331669
  0.47683292573125041  0.48727436967334514  0.49795613319523052  0.50890071523314484
  0.52009137182171794  0.53143449111772312  0.54303744856804537  0.55492634867573876
  0.56701718950549984  0.57931911404520042  0.59203948090168856  0.60522724252011517
  0.61887082082664469  0.63313455068488578  0.64799054460506256  0.66353559404775064
  0.67969121477784278  0.69647453350980271  0.71424928176536329  0.73303750182455718
  0.75300145676992591  0.77444378577152262  0.79794681423222669  0.82401331019295565
  0.85334080783753730  0.88762703399279641  0.93294028913009841  1.00000000000000000
 -0.00244763253640147  0.00944271001127690  0.01983609270531493  0.03035079243541761
  0.04075131489823475  0.05108110030010599  0.06155414060264430  0.07180311009445139
  0.08208544423342660  0.09261561063010466  0.10317440452200190  0.11375500762150745
  0.12421778356867490  0.13471206363791011  0.14534774416882781  0.15586879354885369
  0.16640094257770771  0.17693957110011502  0.18744178708935871  0.19813887926601936
  0.20871858461580409  0.21935091559934311  0.22995781982186672  0.24037088041890817
  0.25097158679808723  0.26148934361837795  0.27210391365125380  0.28300868771457061
  0.29360628655967247  0.30438912785084232  0.31490768916452078  0.32574994515731909
  0.33650555120286602  0.34703971787125115  0.35777380778288426  0.36815244364103283
  0.37864897991491991  0.38908110787500344  0.39960348574979848  0.41004685139663860
  0.42049930912885347  0.43095514373668542  0.44142186492640112  0.45193122224421017
  0.46258441710043585  0.47319435108777397  0.48376728456622003  0.49447902209388034
  0.50518567887904098  0.51591242908114510  0.52660649559267769  0.53721425602314377
  0.54766212870299835  0.55808094695085952  0.56868916986831941  0.57921170747858364
  0.58985606183443429  0.60043277995107602  0.61109043816060771  0.62164435240749671
  0.63213783732629292  0.64284444587565970  0.65334931370924532  0.66404414652656596
  0.67438470854520305  0.68487878685147663  0.69542812648218377  0.70598896907521014
  0.71646664864742216  0.72671952627010461  0.73728227076064334  0.74778381652931825
  0.75819498073280278  0.76863857615402009  0.77925636998799008  0.78996010750467904
  0.80027173916714422  0.81078763921595609  0.82123542830378149  0.83176505950216673
  0.84223269695915870  0.85260720948263091  0.86307964074184462  0.87363407884894662
  0.88425721129132173  0.89460058859875469  0.90481946125122215  0.91503114597508739
  0.92554736717922825  0.93601505662198770  0.94654912862859986  0.95709512063716273
  0.96761036811673118  0.97838404215581110  0.98906156433706560  1.00000000000000000
 -0.01410087330515281  0.06381183419780548  0.10954479734129818  0.14446172491204837
  0.17386973856824325  0.19999956351832904  0.22371204662086464  0.24533017532719326
  0.26525561205213583  0.28387118530034355  0.30170530545387902  0.31888919379953662
  0.33529992912547468  0.35090353248144690  0.36593393428588528  0.38019825884146707
  0.39403057753443260  0.40748236371156954  0.42061469389377532  0.43312027060315061
  0.44545231359767468  0.45762065219689774  0.46954394117444104  0.48108444295581365
  0.49217693046796301  0.50293312799706180  0.51357569112447410  0.52407013276497172
  0.53430466271616883  0.54423263270086175  0.55396371442271497  0.56359129911987005
  0.57311792465558775  0.58248349303814462  0.59168872685405782  0.60069333562330685
  0.60956650159363857  0.61837741980053518  0.62713879869601374  0.63585040584592412
  0.64453117359735701  0.65305757612247473  0.66144847902514081  0.66961454841427448
  0.67764222997868140  0.68559286314962498  0.69348603382503526  0.70130168794556413
  0.70907497620609772  0.71668354068593720  0.72417913307266257  0.73157309066914178
  0.73886575774151442  0.74611581142107641  0.75323037079296340  0.76025786065932799
  0.76727166678763326  0.77430618383920502  0.78132840435323658  0.78828498240517497
  0.79514112008298954  0.80185469041726531  0.80850072819718621  0.81506494213038905
  0.82160938969003594  0.82813123310934145  0.83457789002286797  0.84094145045761293
  0.84719780763932873  0.85336913136653769  0.85948010449339241  0.86556240346564473
  0.87163617356040746  0.87764226076994856  0.88354474313739728  0.88937624807430893
  0.89517149988813627  0.90094478623439977  0.90670903108119183  0.91247531002435800
  0.91823255525680825  0.92392587065061249  0.92956123337733598  0.93515241871248378
  0.94070396233399056  0.94624635981242777  0.95177791783827359  0.95726494499283310
  0.96272516241339445  0.96818009029169327  0.97362325453418264  0.97903667882811940
  0.98440194989477581  0.98968768632940107  0.99487968931836013  1.00000000000000000
 -0.00240479435412986  0.00929587412664083  0.01934935234569023  0.03009861506564317
  0.04063189883464041  0.05100604481394726  0.06138045625236455  0.07182175472572770
  0.08236786378368435  0.09296208864357369  0.10371782302436421  0.11429657890690342
  0.12482588073508052  0.13548634696982897  0.14617994585524430  0.15688896954181866
  0.16743843662427535  0.17814877340475840  0.18883078329820113  0.19956319773927728
  0.21007492270539860  0.22058053945471132  0.23120883527166006  0.24175812058065244
  0.25220384817733343  0.26252502192645216  0.27311700275706863  0.28385718597858878
  0.29452699657076381  0.30498052879605908  0.31546390072059549  0.32608139279430809
  0.33666303975137318  0.34730086601715021  0.35775369240327887  0.36836801164465066
  0.37880187547782268  0.38929035148096985  0.39968447095833526  0.41018564929935147
  0.42068695601979622  0.43127770152017458  0.44182632167678237  0.45220924692264158
  0.46282146868088198  0.47338925528070230  0.48386225574727559  0.49435944335747523
  0.50490028948503707  0.51550954190341136  0.52593187441228417  0.53634071261113225
  0.54675562805660405  0.55727139393095526  0.56772716751126506  0.57832501403540337
  0.58879746496415986  0.59921575455003184  0.60956844861453507  0.61988793866401182
  0.63061602563628760  0.64119226566824861  0.65189744180744480  0.66242573759258461
  0.67291503092379146  0.68351712118432451  0.69401721285459483  0.70473893519488617
  0.71526086117264198  0.72581157205468949  0.73620078893618501  0.74692397389173726
  0.75757681194039783  0.76834344630158813  0.77892912754899424  0.78949882403785543
  0.80020263854292895  0.81079799534060981  0.82142789888020218  0.83192245631956629
  0.84252146067844613  0.85305094559698669  0.86338562780133632  0.87370282280046896
  0.88414916959218759  0.89471656102925945  0.90522870098381192  0.91558338367284975
  0.92606916854111376  0.93656074578005200  0.94705020028107745  0.95753097028028245
  0.96802809798511813  0.97863309742199034  0.98930049573932410  1.00000000000000000
 -0.00242364744401289  0.00943246458663675  0.01956203925017603  0.03031603351532864
  0.04094777259550287  0.05172772925766437  0.06251189015493587  0.07287966713294228
  0.08338246801602515  0.09380302482791895  0.10450134012937715  0.11489317759821749
  0.12544980454785523  0.13609820078017726  0.14680871922782818  0.15742055819576573
  0.16799029256242723  0.17830791306712376  0.18880246927381378  0.19940253191652940
  0.21002712029736970  0.22037048120280192  0.23070298172455450  0.24127010375232585
  0.25188305067005462  0.26242506901337376  0.27296729247165341  0.28338248194157217
  0.29379043057557541  0.30424019517574863  0.31476161315012513  0.32516023161659907
  0.33569208491362262  0.34632576025333123  0.35694954352224456  0.36748970549549242
  0.37800738647335419  0.38851955932291454  0.39894469943658939  0.40972428036323577
  0.42022252324717946  0.43073608706505112  0.44114605699904541  0.45160736597530998
  0.46211282200202070  0.47260614978058446  0.48312733484472747  0.49363836716157156
  0.50406264296733660  0.51478712348765243  0.52552788975234976  0.53634852196436944
  0.54710724318589710  0.55780091663336018  0.56845504470119990  0.57890542282560875
  0.58941582024090766  0.59986775667491288  0.61042643331608692  0.62092079112435805
  0.63148867955851551  0.64200659654158454  0.65267211137364023  0.66321800098486805
  0.67398432154924337  0.68432349822039595  0.69471999373497551  0.70497244372039103
  0.71562997469280687  0.72615026894364321  0.73667603100163426  0.74698243209005100
  0.75751717620325609  0.76794760611364965  0.77855572899754011  0.78906834243925039
  0.79970685622644833  0.81045140704815211  0.82118449310280228  0.83191711531463242
  0.84243787448279805  0.85306082037486086  0.86352654808925600  0.87414168078069177
  0.88450566540340625  0.89503568584757820  0.90565177900728522  0.91598279875076116
  0.92621753976343957  0.93629226238565988  0.94686828760641462  0.95753366934947104
  0.96813941255872804  0.97866076122950152  0.98936032621377779  1.00000000000000000
   6.6538726657062552E-008  -1.0000000000000000     
 F F F F F F F F F F F F F F F F F F F F F F F F F F F F F F F F F F F F F F F F F F F F F F F F F F F F F F F F F F F F F F F F F F F F F F F F F F F F F F F F F F F F F F F F F F F F F F F F F F F F F F F F F F F F F F F F F F F F F F F F F F F F F F F F
  <DiscreteSampler_grid>
  grouped_processes
  1 # 1 for a reference and 2 for a running grid.
  10 # Attribute 'min_bin_probing_points' of the grid.
  1 # Attribute 'grid_mode' of the grid. 1=='default',2=='initialization'
  0.0000000000000000 # Attribute 'small_contrib_threshold' of the grid.
  0.5000000000000000 # Attribute 'damping_power' of the grid.
 # binID   n_entries weight   weight_sqr   abs_weight
    10   10   1.597426299707772E+004   6.994219563688822E+008   1.597426299707772E+004
  </DiscreteSampler_grid>
