  0.00246534497473442  0.01610192807558377  0.02937481909340874  0.04085346004524311
  0.05225868351542444  0.06352248262698851  0.07445388235876323  0.08519613310715195
  0.09596891390131886  0.10675136899163126  0.11737695626494654  0.12801823300898832
  0.13879289377811213  0.14957299602039942  0.16035101619605555  0.17129449128414848
  0.18237630796543963  0.19340767329387626  0.20426009988973007  0.21516377247548801
  0.22610250187815828  0.23697719554086827  0.24782419515374837  0.25863881572855119
  0.26949043209518531  0.28031097037960490  0.29087320923018700  0.30131062179531176
  0.31166462783413273  0.32216766755652315  0.33278945505819058  0.34344473168782269
  0.35407879717874380  0.36469819288448868  0.37526091444391907  0.38583439916387596
  0.39646971459948782  0.40711543723228316  0.41773159075387511  0.42832037667930473
  0.43889758358686509  0.44944360998309602  0.45988601677001983  0.47027736301502476
  0.48069170992140420  0.49115876042458834  0.50161564355428778  0.51204476115298037
  0.52247909465495490  0.53299497567859688  0.54358107620560059  0.55411747065077188
  0.56456744004672244  0.57494457220258033  0.58535909405777786  0.59577242346532233
  0.60616796180417776  0.61661073361909147  0.62716139737391607  0.63777854641003329
  0.64828471834902057  0.65864518986556564  0.66890222284670509  0.67913130233725072
  0.68933051076775798  0.69955559628248898  0.70986933234472605  0.72025871190477353
  0.73061465363855005  0.74090204367995960  0.75116090913511990  0.76143039782682331
  0.77165364243516421  0.78184089898605214  0.79206698726951108  0.80233706744525279
  0.81264464368692879  0.82294466690973356  0.83324541239224847  0.84349655526600276
  0.85374955555301169  0.86401690377720297  0.87431617561783392  0.88458819596189919
  0.89478144857339537  0.90484706300781625  0.91473954620626874  0.92454608660858950
  0.93426223876918024  0.94391520921147487  0.95338077187153691  0.96264038990373024
  0.97161007691914636  0.97990209360976821  0.98818332894743077  1.00000000000000000
  0.00231087878231585  0.01625855385111926  0.03004754377825518  0.04207795498599783
  0.05384542090051050  0.06534430399910214  0.07658845966283177  0.08782820349820973
  0.09899139429250112  0.11011320303607977  0.12088904170594734  0.13167502511158216
  0.14236611340870320  0.15303354959713772  0.16394100084891344  0.17489015467762026
  0.18579176406290679  0.19631833022620843  0.20690862385543146  0.21760590876334704
  0.22833705775985438  0.23901785746243029  0.24960168054434737  0.26027366637617366
  0.27073498500219639  0.28137664912464055  0.29179247361997757  0.30234674416717022
  0.31286573625131647  0.32365340753942545  0.33439330589559790  0.34461293803227039
  0.35482959101766459  0.36522778438348680  0.37559928806375259  0.38586584222343090
  0.39610609640334421  0.40651026460628831  0.41695990360497648  0.42735366781156175
  0.43779842820395848  0.44829919968494036  0.45878198185836688  0.46898340550016032
  0.47913778312422206  0.48943759826675942  0.49981227581983079  0.51013197730833959
  0.52041164952994123  0.53079025712628680  0.54117334034592501  0.55144401032174895
  0.56170906484124961  0.57207545750064503  0.58243937287571745  0.59268105282716377
  0.60290567986152332  0.61320858889795526  0.62349724471387680  0.63368029603594134
  0.64381020913756826  0.65399248835492452  0.66423727673206157  0.67452510358585094
  0.68485971389344646  0.69522976376920242  0.70558574476770242  0.71590180527347591
  0.72619989246412875  0.73646511414984361  0.74668531000775740  0.75689380138708040
  0.76714089337414337  0.77740644044576157  0.78763521509454837  0.79791949707298981
  0.80827361337762416  0.81860612783513398  0.82887394307915740  0.83909234869343885
  0.84927992444423084  0.85938212239398160  0.86940419385862766  0.87939853757787401
  0.88934784318570081  0.89932127995442723  0.90923741052502050  0.91909952464960420
  0.92890813971368025  0.93862391802202649  0.94828615092643775  0.95781661491832337
  0.96711981554977677  0.97607470666581009  0.98447883251004731  1.00000000000000000
  0.00705434467680513  0.00797112153250385  0.00897716030504826  0.01002142270518611
  0.01109521015669978  0.01220922135521710  0.01336204466922148  0.01453973747899966
  0.01572986495708650  0.01688661856742512  0.01811762101722613  0.01937079249754093
  0.02063909569143646  0.02194282522563694  0.02329336747097565  0.02452317930109643
  0.02560493921780697  0.02666265360708812  0.02772165360687873  0.02893338086356492
  0.03019437945885465  0.03145679651744877  0.03274718816823714  0.03407345156192764
  0.03543721413507409  0.03684048784248574  0.03828306438483677  0.03975768445613386
  0.04127844641405591  0.04284919706904577  0.04445927197188303  0.04609857493320678
  0.04776760894796780  0.04949159680768676  0.05129817350833370  0.05319961501875160
  0.05517040531941367  0.05718708041161955  0.05924796350192246  0.06137279776378853
  0.06357732246087172  0.06585931507843551  0.06821804930911352  0.07066715611401508
  0.07320545158627322  0.07582971919791760  0.07854766267886208  0.08137565964038311
  0.08433096884041938  0.08741718513005363  0.09062676621617168  0.09394060009437991
  0.09738482346755797  0.10098171113160805  0.10471467162700450  0.10860730813714943
  0.11268317964437992  0.11700311531817538  0.12154096191261583  0.12625057420384594
  0.13111708797945806  0.13619138240686010  0.14145528405791671  0.14701773055243522
  0.15276525722239928  0.15912585236420054  0.16554923185135756  0.17240574703826184
  0.17952015234866150  0.18715860289705852  0.19505954138228748  0.20339768303017014
  0.21218959560331119  0.22154480851957301  0.23146528848272022  0.24202239020964036
  0.25334183525919773  0.26549994457009868  0.27845112269362438  0.29223549470344845
  0.30691852191428592  0.32263324893126410  0.33967380891682575  0.35836199521723422
  0.37884715903808869  0.40098426568808143  0.42505154312824622  0.45189610962191212
  0.48225887413753415  0.51698094820357721  0.55753655624933041  0.60686638438865936
  0.67302093094140369  0.77164649179323641  0.85412971626730816  1.00000000000000000
 -0.00104266690886221  0.00399991752984079  0.00931175865356726  0.01448478088506067
  0.01973004138815115  0.02502275014691238  0.03036140642396639  0.03574197218826481
  0.04118020551034156  0.04666205821097841  0.05218814573846831  0.05775603672863897
  0.06331883236848417  0.06886808370895346  0.07444027054528549  0.08008788569687753
  0.08581990193526960  0.09161443443520340  0.09742652937313402  0.10325186934832149
  0.10914365723700806  0.11508681191996778  0.12105309606572570  0.12708957405222973
  0.13323701074120439  0.13947315735256224  0.14576620072179669  0.15209524429434923
  0.15845546533385438  0.16482948152989985  0.17120172986348783  0.17762179953836613
  0.18411047330317934  0.19067021707330908  0.19726271620886945  0.20387483799232820
  0.21054870933214759  0.21729925669462627  0.22412994434656289  0.23111329988135532
  0.23820142036145700  0.24529685408371632  0.25241850829490131  0.25961710987449038
  0.26691599626650753  0.27433352725967536  0.28180022785824388  0.28937856212018187
  0.29701855832682755  0.30477095697519596  0.31260661129036971  0.32058907254604280
  0.32861719922814170  0.33682674729796003  0.34515188413744019  0.35357931904998580
  0.36209084395445768  0.37065947842128927  0.37933615545938310  0.38808471656547339
  0.39696474226665729  0.40596072254612897  0.41511779088556522  0.42445995355341282
  0.43399694618869455  0.44368242382221934  0.45355852659219875  0.46371503252588842
  0.47416603813098324  0.48468870912496642  0.49526333083770496  0.50602735646202501
  0.51711173956600820  0.52839380828192450  0.53999317714496953  0.55214066361476977
  0.56472162820978256  0.57752731092953791  0.59064976462293428  0.60417393321360457
  0.61809385733893973  0.63250699903257801  0.64738836275887612  0.66277012917311828
  0.67870000145162723  0.69546938826190841  0.71322454125107404  0.73194221604819731
  0.75190083172617461  0.77342530337904436  0.79696799907819138  0.82303036582997491
  0.85255550830133120  0.88719165382737930  0.93309956661036253  1.00000000000000000
 -0.00239966397542713  0.00934623058288098  0.01931193662038617  0.02987739366618130
  0.04020075118361762  0.05075174107413051  0.06162472338285163  0.07198949922520591
  0.08254914284988572  0.09286669151374921  0.10342511854171273  0.11390135405169564
  0.12423393513985231  0.13484747839307337  0.14553442411776377  0.15610119438280615
  0.16687556542379214  0.17757070624007848  0.18840425631935698  0.19914085296642120
  0.20982301747106530  0.22052924462872506  0.23118892897583435  0.24191743683747982
  0.25250328184439930  0.26304395305187722  0.27341778909626990  0.28413451977954768
  0.29466733617600122  0.30522555809008034  0.31559672424445917  0.32609763540140624
  0.33648518238858183  0.34693754862600829  0.35714079283782213  0.36784731455013459
  0.37834679393029214  0.38885994617712133  0.39949186233809875  0.40979038400657719
  0.42025269831964335  0.43077024360116967  0.44131244204254189  0.45198205194193186
  0.46247624376263974  0.47324940314685587  0.48375550010121143  0.49425734303099295
  0.50473654440237181  0.51527750667178396  0.52586245228631390  0.53656824733185049
  0.54720135740242326  0.55769581651650024  0.56813529492370174  0.57858112308393794
  0.58918435212006581  0.59983171277095526  0.61061524708446457  0.62135767574652423
  0.63172820026552434  0.64197745377495508  0.65232036613091038  0.66279879000240682
  0.67337916709705026  0.68387853559943468  0.69457268613471679  0.70513573415245634
  0.71566625371224457  0.72596192213762334  0.73640561831962548  0.74677716768620250
  0.75729383676468209  0.76779685505130024  0.77830148979184643  0.78871725974965234
  0.79914230478382964  0.80975927493847377  0.82021127459026544  0.83061329382946403
  0.84109370816570772  0.85155884535838589  0.86189177552782381  0.87216554670559487
  0.88271822656485965  0.89358172776734479  0.90425957193445738  0.91484937918431875
  0.92531746867854681  0.93597072182679131  0.94672882636718669  0.95737348606555150
  0.96811389421956240  0.97866618573375952  0.98938869038920074  1.00000000000000000
 -0.01419000071880866  0.06354465379722816  0.10968787297675027  0.14497785035737581
  0.17450134614869564  0.20060280223720284  0.22422989139158600  0.24596142036016927
  0.26621764276244342  0.28539810800855892  0.30351101931362023  0.32046360136416779
  0.33641263984474018  0.35165483432924166  0.36641128687674157  0.38080603354876680
  0.39481351482729160  0.40840689344648529  0.42161733893592596  0.43426862428892282
  0.44651308512239124  0.45850941392182221  0.47039089511338777  0.48181918275900121
  0.49274418920093854  0.50349189267378747  0.51416632787946159  0.52477091664940734
  0.53521295706098226  0.54530214401733590  0.55496203647077957  0.56446521271066741
  0.57385680203101097  0.58312856744503672  0.59208542386065077  0.60084063216135175
  0.60961734281812519  0.61844847829772531  0.62718372033100456  0.63582957111763261
  0.64437149551561912  0.65276730377159764  0.66102851567672738  0.66914321926833620
  0.67712569250524191  0.68500518670980937  0.69281733350852248  0.70056430963293015
  0.70824177587444537  0.71582657286032980  0.72328380617110588  0.73066215861756112
  0.73799678358464249  0.74525208109153707  0.75243517861347087  0.75946922650438609
  0.76643870930373492  0.77337835500242746  0.78026728750273766  0.78709627441756458
  0.79384231005187844  0.80047974963634572  0.80709509694524240  0.81367020230814346
  0.82019472995899712  0.82667760535081147  0.83312885395457070  0.83954059285243510
  0.84591409086733116  0.85221490723503013  0.85845393832075712  0.86462592150691997
  0.87074154653424085  0.87683372524864378  0.88288753363203065  0.88892034197574521
  0.89492934157361814  0.90084425814333668  0.90666472181584401  0.91242749487427188
  0.91810980924212959  0.92370397400493265  0.92925864850016082  0.93480521697233232
  0.94033650747271091  0.94584220704283306  0.95130323044136766  0.95672891596632026
  0.96215713610690101  0.96758997284139514  0.97298202040049497  0.97835879197581821
  0.98374759883774276  0.98919630916441526  0.99461751167818357  1.00000000000000000
 -0.00226722369507995  0.00900981016075034  0.01928834970327130  0.03001887048706916
  0.04064770528020389  0.05116246829442080  0.06178799890059205  0.07235377763371931
  0.08279630426875270  0.09319975987577886  0.10380825647252349  0.11443654918157621
  0.12508017785764386  0.13583571284529269  0.14645388300290813  0.15693666886967050
  0.16725653365134271  0.17738757420426846  0.18746258650235234  0.19758007207619657
  0.20770532266117198  0.21830872103670360  0.22864917575324356  0.23936530862645564
  0.24985020255279625  0.26045114902629107  0.27106071569793677  0.28174140605275072
  0.29232561699548321  0.30257709722972886  0.31308485538631325  0.32318242419114773
  0.33340490391588645  0.34348337829636882  0.35369256469340188  0.36409918549308201
  0.37458399002163634  0.38514773617778619  0.39596200776564527  0.40680657567483025
  0.41755489794443074  0.42814305807786518  0.43876661644176196  0.44947934051038779
  0.46022040833699629  0.47082177552448756  0.48153787568547463  0.49239915911146670
  0.50310443001875083  0.51348786791424528  0.52401936147369887  0.53444414269700335
  0.54488622258493880  0.55527551314532242  0.56565479744493985  0.57609763905285682
  0.58646903172544818  0.59684097675241632  0.60727589436682494  0.61768945709493905
  0.62808216204611578  0.63848219923633831  0.64899327219440361  0.65966860968107710
  0.67035171155588447  0.68100531112773721  0.69168928068686930  0.70244588025860666
  0.71312498642174360  0.72368458354019061  0.73428685316112741  0.74494330178401524
  0.75579128905035931  0.76631071766781966  0.77691261381212751  0.78723523710469179
  0.79767212991689540  0.80803114386616293  0.81850080557168670  0.82902311510864923
  0.83959246331841253  0.85041816991751262  0.86108771205111811  0.87168861576519585
  0.88212670153540618  0.89275717036737590  0.90341932562765936  0.91403665865017025
  0.92467526359397867  0.93529958429937654  0.94607714703744994  0.95681601477762501
  0.96762474899774131  0.97838654392299318  0.98913031562478793  1.00000000000000000
 -0.00238185179829145  0.00930268997466510  0.01921519358737478  0.02998775597565744
  0.04064752217436329  0.05124593698500894  0.06188297455287574  0.07253685261749150
  0.08326841608966332  0.09387072837241492  0.10435183456580449  0.11493691436054809
  0.12566081024440509  0.13618503195201939  0.14695714326576864  0.15777208047964322
  0.16825686234482329  0.17847191974293103  0.18885822972203967  0.19936485430937351
  0.20989419785613692  0.22041188553812277  0.23104282995422987  0.24186334766488898
  0.25241661850082681  0.26301228945502492  0.27353652330403766  0.28394711249987109
  0.29439285711598867  0.30472567065056716  0.31518245289298902  0.32563072105389307
  0.33622755628442924  0.34666738432038385  0.35717743648679040  0.36751966605455472
  0.37810760070148508  0.38828530616165879  0.39892591352339773  0.40944465227616555
  0.42028904744122447  0.43119996327188304  0.44168886487768744  0.45213383162454174
  0.46245220231221651  0.47281101848786117  0.48314850924129138  0.49339405008079018
  0.50367276426811081  0.51379161037615451  0.52403089468995612  0.53432536312905743
  0.54457999861350959  0.55496910375406094  0.56558057039341514  0.57638757602653590
  0.58702490789705275  0.59752212169582875  0.60806446899221622  0.61892688144900332
  0.62992573118253170  0.64074056595698425  0.65132819677351705  0.66174495800204025
  0.67237282660395759  0.68311305689258794  0.69364277976565492  0.70445963224462504
  0.71500428215290146  0.72579786692780490  0.73627831859687098  0.74666169535274407
  0.75707473968948646  0.76748871378364336  0.77800643524981439  0.78870388019650828
  0.79934784385521052  0.81013759653213324  0.82069648862751765  0.83140588727099163
  0.84198999474972869  0.85255010136706044  0.86298500931518485  0.87360597325136047
  0.88417893666569436  0.89480380354633082  0.90543502186810154  0.91620215723909915
  0.92652347879279784  0.93703200184191215  0.94738801455152521  0.95784219405152116
  0.96841427963620996  0.97883153089685582  0.98948938013511500  1.00000000000000000
   6.6718269146994560E-008  -1.0000000000000000     
 F F F F F F F F F F F F F F F F F F F F F F F F F F F F F F F F F F F F F F F F F F F F F F F F F F F F F F F F F F F F F F F F F F F F F F F F F F F F F F F F F F F F F F F F F F F F F F F F F F F F F F F F F F F F F F F F F F F F F F F F F F F F F F F F
  <DiscreteSampler_grid>
  grouped_processes
  1 # 1 for a reference and 2 for a running grid.
  10 # Attribute 'min_bin_probing_points' of the grid.
  1 # Attribute 'grid_mode' of the grid. 1=='default',2=='initialization'
  0.0000000000000000 # Attribute 'small_contrib_threshold' of the grid.
  0.5000000000000000 # Attribute 'damping_power' of the grid.
 # binID   n_entries weight   weight_sqr   abs_weight
    10   10   1.081623938306161E+004   3.018209271443997E+008   1.081623938306161E+004
  </DiscreteSampler_grid>
