  0.00225205186315044  0.01664783815266670  0.03044573454842044  0.04263471448038862
  0.05444519787953806  0.06613035188335939  0.07780996899903339  0.08923813940746045
  0.10034240991644736  0.11129091291685755  0.12235266042075105  0.13331406535759166
  0.14406628852756462  0.15490367271143782  0.16586813211785992  0.17678853645434925
  0.18755017277052591  0.19836133946412016  0.20910125148253839  0.21981468629316858
  0.23050716918756126  0.24131312550239839  0.25209608674977413  0.26284281510861085
  0.27357847066215302  0.28431897458300209  0.29506456233162065  0.30577635261950459
  0.31647334774066649  0.32723061130917713  0.33797779765348207  0.34868977961196512
  0.35926327317538065  0.36971638022495534  0.38009971615680371  0.39058063039081070
  0.40118992498846318  0.41191658277636062  0.42261669455736239  0.43319651882872573
  0.44377909216921885  0.45438130852574199  0.46516832549819354  0.47592263948394081
  0.48663348136429180  0.49722568417727775  0.50778403800629135  0.51845077316429511
  0.52907666020418953  0.53960126964085398  0.55004101347903422  0.56055294013643364
  0.57119038796032362  0.58187172022717770  0.59264433558929452  0.60339007914582343
  0.61376751214526082  0.62406957734503554  0.63437853793683208  0.64464572698925038
  0.65483264705253230  0.66498623114491828  0.67526632537716791  0.68572787160406035
  0.69625236176941685  0.70679668988867350  0.71720394357859185  0.72756256174541822
  0.73795481749004499  0.74839173311421381  0.75882739572146840  0.76923454692131332
  0.77970137889225477  0.79013326317522636  0.80055439266353867  0.81091592167512283
  0.82136428843993825  0.83175147546593109  0.84200567614899013  0.85214470024392230
  0.86228909607028892  0.87247541570032050  0.88263228974652619  0.89268992950747794
  0.90260015560359708  0.91249831795383129  0.92239200913747932  0.93224423587249783
  0.94189365687718574  0.95139318418985852  0.96069310713734413  0.96975713037527378
  0.97841733848035339  0.98640477771604440  0.99345920714043678  1.00000000000000000
  0.00226340695519228  0.01678611799697089  0.03007142817560304  0.04225605317469393
  0.05401981106072903  0.06567333181686087  0.07719342239988482  0.08863716151492389
  0.09980367046617633  0.11062698912484596  0.12140786874444927  0.13232482187793004
  0.14332073645360860  0.15432190461613615  0.16530723045234227  0.17620819048469905
  0.18709805161734777  0.19796548201735500  0.20884713705941393  0.21974415548525550
  0.23065347057780400  0.24147076173830784  0.25213177518200425  0.26267153943481886
  0.27308980131753219  0.28346326120076881  0.29383357026988205  0.30431917164154632
  0.31494944980577144  0.32566721408795624  0.33644514400695691  0.34728863850484804
  0.35814217365676920  0.36895762184880293  0.37975383672149216  0.39056157545831643
  0.40134070744537548  0.41211451946779365  0.42292266463654465  0.43375500612748280
  0.44447755742861966  0.45506583359736918  0.46571107018817998  0.47641450619055570
  0.48710889287549403  0.49772722805949071  0.50834671831139355  0.51896362451420741
  0.52950015876976542  0.53997988325706703  0.55042402778370303  0.56087762875457958
  0.57123047805129479  0.58166113522435348  0.59213648029675603  0.60265913548608363
  0.61311028525563793  0.62352902960677081  0.63396234234859472  0.64439229072543303
  0.65476215836275764  0.66509196285817318  0.67545801970298924  0.68587949855592090
  0.69642249330263839  0.70698749566506203  0.71751398562574675  0.72798101114311720
  0.73843110468114403  0.74884656503630465  0.75923927059170171  0.76957123773711489
  0.77987509368166308  0.79004172053267541  0.80014154075798738  0.81034636160406337
  0.82074030282818766  0.83119136424002749  0.84158243274582278  0.85182681471599730
  0.86192150451603133  0.87189236307960050  0.88191334737425531  0.89200739333264667
  0.90204875278274654  0.91199898363921750  0.92187947195409847  0.93176104248148650
  0.94155234712435620  0.95110900624306605  0.96056247018191021  0.96970961511817044
  0.97845294041858588  0.98654336465822556  0.99346323976218731  1.00000000000000000
  0.00789225201425362  0.00928864397900823  0.01035405945205180  0.01135625987228154
  0.01238176646429321  0.01346630828798788  0.01461870799980266  0.01581292912458142
  0.01698793691243656  0.01816610428556920  0.01937693788369270  0.02062843613244256
  0.02191918177087493  0.02323555000600496  0.02454945953246887  0.02567713038032326
  0.02664455831332768  0.02769666612577320  0.02888391221624744  0.03012421842337004
  0.03137395127076082  0.03264522806864683  0.03394563584280677  0.03527110816600589
  0.03662546396276303  0.03801658170720083  0.03944665003100063  0.04091068024699569
  0.04241517106719880  0.04396981990269586  0.04557560822351880  0.04723574900101355
  0.04894044477506712  0.05070331987476877  0.05251864376253106  0.05439951870143676
  0.05634165377391425  0.05835699441826178  0.06045797303768127  0.06262753057941312
  0.06485569193510361  0.06715394426451030  0.06954414980375953  0.07204101394369175
  0.07462073444981468  0.07727447496010698  0.08003080636746455  0.08289168392531560
  0.08587518993881153  0.08896747213337831  0.09219791068348801  0.09554949102583486
  0.09902555032914254  0.10262114399760607  0.10632798071785519  0.11022297546995267
  0.11431277240848989  0.11860648824740724  0.12306490013024735  0.12769084372199366
  0.13254146489052271  0.13763999481102140  0.14299893641818670  0.14859838179201917
  0.15445137214035085  0.16057265802433798  0.16700345197457964  0.17375453601909216
  0.18089901402320957  0.18838962418714142  0.19627435982354488  0.20458573857623169
  0.21345037027570307  0.22283893915086286  0.23274242690480720  0.24317019141287696
  0.25426427539284213  0.26613422424177041  0.27886902196854768  0.29249915605840904
  0.30713763275987110  0.32283795399065757  0.33976880666692499  0.35807758724601824
  0.37787020473636229  0.39936617198208096  0.42306871933011830  0.44930454724715574
  0.47858200992992234  0.51170231627515950  0.55010177537010951  0.59662093349244716
  0.65538816713277404  0.73786111128145571  0.86205752737294494  1.00000000000000000
 -0.00103886175843074  0.00398735858274721  0.00912480118597776  0.01424229382466864
  0.01944509347329067  0.02479606168522765  0.03018725796809623  0.03556903251879775
  0.04097128856845823  0.04646559349286870  0.05204015623136630  0.05765602143491117
  0.06333649401532976  0.06907550580766315  0.07484058556114223  0.08064680809493092
  0.08647548639213175  0.09231917709675519  0.09820850225783803  0.10412955269585830
  0.11009487688433932  0.11610983458462798  0.12213423988268414  0.12815552697892518
  0.13420735936655670  0.14030088151596434  0.14643696428366595  0.15262298042608446
  0.15884255756442273  0.16513888873473834  0.17154803191281173  0.17802977152092844
  0.18455376555085776  0.19114295850728563  0.19782477153133410  0.20455187408840994
  0.21137825468873317  0.21832552917293888  0.22530213543400357  0.23230492467721889
  0.23935897152917260  0.24648480593867539  0.25368873807358500  0.26093429065190377
  0.26827717745610463  0.27564213001627902  0.28309987453919283  0.29057851380569782
  0.29804499699699222  0.30561672264607648  0.31339889157380468  0.32131848834389060
  0.32921277014801237  0.33714692188972173  0.34518716988636150  0.35340500240615813
  0.36184024359931671  0.37043966438920994  0.37912673742178038  0.38799343290987098
  0.39699350937092159  0.40614865327780958  0.41542338925414202  0.42488025163578069
  0.43455158127650573  0.44439643448759741  0.45433951043061305  0.46441275910585267
  0.47465880200593696  0.48507708902254365  0.49571790252635728  0.50668977529338599
  0.51798968848736160  0.52952618452431721  0.54129311519704004  0.55335714419910287
  0.56569547425341360  0.57837166387454064  0.59143956502631756  0.60494337124450559
  0.61874764307223873  0.63285117730241147  0.64741890035761318  0.66259180820306751
  0.67851737294086889  0.69534873305435041  0.71314117060287441  0.73192449318421660
  0.75200707413509227  0.77379559613578563  0.79761138205567206  0.82393290663382612
  0.85357410492149566  0.88832108567566870  0.93393412204571447  1.00000000000000000
 -0.00212369229599311  0.00867577059225718  0.01843816513683014  0.02882694409222291
  0.03926136777058541  0.04987313902867782  0.06011744262168565  0.07081129474427424
  0.08137148449083460  0.09210520382651530  0.10292873019826959  0.11370749858752607
  0.12450080734531599  0.13529032799817153  0.14603447997536839  0.15656753114417601
  0.16701959828218838  0.17742886595882360  0.18784122626892172  0.19844936098681271
  0.20915404740583673  0.21997507332293409  0.23067951101985215  0.24125581430113341
  0.25177008738818046  0.26230690525108824  0.27289351786674010  0.28344101299852864
  0.29399453186693214  0.30457924864828712  0.31525460764960844  0.32589181628503949
  0.33648587256737716  0.34694980473033021  0.35737783908931048  0.36779526501194537
  0.37820206201593115  0.38863655069857439  0.39908780316475045  0.40960584597012201
  0.42012178542214507  0.43077220782566461  0.44138845684702721  0.45176012661378290
  0.46212915026363433  0.47248773272247541  0.48284154398356577  0.49278409364646369
  0.50297655792737705  0.51343584013012167  0.52387246613135774  0.53424108778094870
  0.54473616380198986  0.55546963446735664  0.56619586389225729  0.57697646357678811
  0.58767927592853919  0.59855304213743721  0.60893017994537746  0.61969728176639205
  0.63037477429449118  0.64115179118592658  0.65160675161421366  0.66212152772392918
  0.67274949464133460  0.68339500349675575  0.69416885325107391  0.70492399779843729
  0.71567585137891843  0.72630622696462599  0.73666253931747083  0.74748541232402921
  0.75775626044408295  0.76818242207793785  0.77847398978504445  0.78867808887801361
  0.79932293823165057  0.80961735695964998  0.82033759506350168  0.83072292760545541
  0.84116507644716576  0.85158914013519227  0.86215370113988554  0.87286768798575243
  0.88347854881338528  0.89410968372003963  0.90486778594053052  0.91564074736684031
  0.92607078226489847  0.93648570566995315  0.94703178007187927  0.95775634103542251
  0.96822517603242308  0.97880279016150651  0.98935498910164932  1.00000000000000000
 -0.01399616601198599  0.06270134721601907  0.10835144459022582  0.14385384366566845
  0.17385608906529118  0.20021056186747538  0.22396462482747612  0.24577439578763521
  0.26611112769796286  0.28528171924920637  0.30341002902864717  0.32062772248908211
  0.33690675324571251  0.35240519674236886  0.36726207694843344  0.38167268779520486
  0.39545641872346982  0.40883364786982074  0.42188416503072268  0.43467701943306125
  0.44714694336602206  0.45929981357711308  0.47085885958325663  0.48206822931001653
  0.49302989491101173  0.50373662979228750  0.51432787419090753  0.52491625474648584
  0.53551257765053117  0.54581696901768140  0.55574567493813365  0.56536998618210121
  0.57482649143243447  0.58415192171740837  0.59338499622797747  0.60246166857874206
  0.61136493957000249  0.62007549129145223  0.62870699326309354  0.63729160078731451
  0.64576662163989984  0.65407756690627294  0.66225549196562550  0.67033742358859594
  0.67827105683559941  0.68609318792008911  0.69387842143441014  0.70162018130057369
  0.70934258872316225  0.71695188112751296  0.72439541134240315  0.73172368076611938
  0.73898405297910308  0.74623049423774535  0.75339450190367252  0.76039259882745402
  0.76729494457139380  0.77413800108127673  0.78099224302613357  0.78782339489591924
  0.79465393047273081  0.80144690347995795  0.80816726422841134  0.81481464588737540
  0.82139504104108618  0.82795251295103378  0.83447204502431183  0.84092539590017734
  0.84729995055502161  0.85358436443050090  0.85978991477072320  0.86595119416835331
  0.87206440916739081  0.87811196090250920  0.88412015609051797  0.89010039775871652
  0.89602466595852470  0.90188789216803578  0.90772084693056709  0.91353775290198047
  0.91932087720757549  0.92501896010169893  0.93060966732771766  0.93611845624016210
  0.94157157515407042  0.94703259573614418  0.95247484296485263  0.95789185970234803
  0.96327731455555388  0.96860357493450022  0.97388456891009800  0.97914849811309557
  0.98436433099357645  0.98959351584831923  0.99479736273471031  1.00000000000000000
 -0.00222469725457099  0.00891276661121198  0.01873733784427904  0.02918885047752949
  0.03952571704315336  0.05030215329170062  0.06088113574413365  0.07155096383878173
  0.08216959135555663  0.09294577520700006  0.10361635744728702  0.11419864035245410
  0.12488342766828060  0.13554123077286812  0.14622636913131570  0.15694998009002351
  0.16768543006401296  0.17858296229669554  0.18926830556154581  0.19967727185159251
  0.21007950421350369  0.22050456926736434  0.23105251812018748  0.24134084417355930
  0.25175904269607025  0.26257426703222453  0.27333778935660880  0.28398859793704134
  0.29454423162949694  0.30507586722993268  0.31561127992140126  0.32625661080191676
  0.33692011550550849  0.34754788037442791  0.35813773286846956  0.36871401922857755
  0.37928000323046224  0.38989784502603719  0.40060270277653437  0.41137772199188288
  0.42193274076712411  0.43231487081640008  0.44292972703375083  0.45342959365109947
  0.46394762863561345  0.47426576283121313  0.48476738009106596  0.49540368057626116
  0.50605100777810030  0.51671184887712951  0.52687273609570051  0.53718357503617598
  0.54744875745480992  0.55789401650864479  0.56825381934295593  0.57882524726112405
  0.58957479171835991  0.60032938976629024  0.61070617882893297  0.62119531329898436
  0.63150359822583246  0.64210900411000804  0.65275541574959584  0.66333315324917241
  0.67402527027664672  0.68448591968565553  0.69528161940825683  0.70575878621115684
  0.71647424266821236  0.72718244894356798  0.73768291041329803  0.74816370510603436
  0.75865514994537930  0.76923108529870721  0.77981308063290944  0.79035125261553518
  0.80103963107765419  0.81156648895060302  0.82202055079152836  0.83244320314253661
  0.84293367756933535  0.85341375283162191  0.86395969862576594  0.87441847114823334
  0.88493635029018070  0.89538166882629666  0.90588005330996757  0.91641107376425068
  0.92693502108880832  0.93764440415891381  0.94813686893885851  0.95861616333352562
  0.96897935201251029  0.97930455647590375  0.98966532358781234  1.00000000000000000
 -0.00233772475493337  0.00921519061785187  0.01870155357157838  0.02949052467717836
  0.03968473357758345  0.05030651240701534  0.06082556149423637  0.07134486322145345
  0.08196837532586224  0.09227144859105559  0.10265101419151734  0.11312485253029185
  0.12372023906446013  0.13456112017272492  0.14529130779052224  0.15595739446158746
  0.16652526115858371  0.17692289258810689  0.18746086649406907  0.19808698447391912
  0.20878892131638549  0.21959056373167130  0.23035349792759605  0.24073453773461401
  0.25116026592543339  0.26174525222216077  0.27219758867920907  0.28256161860387147
  0.29281505351252385  0.30342870892999191  0.31420731532503615  0.32486326630503931
  0.33557582839134414  0.34621112862877884  0.35703037563512169  0.36776075843739481
  0.37836710938122081  0.38869492599657601  0.39922418597445525  0.40965853791946999
  0.42005440123940158  0.43034440911654603  0.44070769934328258  0.45137722505199873
  0.46198178495108944  0.47225644334619471  0.48276361512889482  0.49308426877562500
  0.50385122317787434  0.51447207901263381  0.52519109986176560  0.53578389977947372
  0.54656657707679634  0.55732390019275591  0.56794194381306695  0.57851573952767854
  0.58919833527700483  0.59993226644975550  0.61045313763700426  0.62094632608593192
  0.63147546430607016  0.64215948996174355  0.65286479419001997  0.66350695595797715
  0.67415912246853260  0.68470723547701307  0.69527649835282135  0.70579592767637567
  0.71641287877499849  0.72683152992925060  0.73730176297162842  0.74771094105103075
  0.75847982990986951  0.76916129971714364  0.77969904289414471  0.79016179661328967
  0.80068237063002801  0.81101226684063621  0.82153057676124408  0.83196994071762853
  0.84244369895001592  0.85279329456247199  0.86340976689775917  0.87423528501903069
  0.88452989384102687  0.89470903855690276  0.90525435841547752  0.91569539542083622
  0.92634226183144963  0.93671696323026399  0.94761798701970434  0.95801137404414161
  0.96844331729642497  0.97876738496295579  0.98947769556355181  1.00000000000000000
   6.6616238749078228E-008  -1.0000000000000000     
 F F F F F F F F F F F F F F F F F F F F F F F F F F F F F F F F F F F F F F F F F F F F F F F F F F F F F F F F F F F F F F F F F F F F F F F F F F F F F F F F F F F F F F F F F F F F F F F F F F F F F F F F F F F F F F F F F F F F F F F F F F F F F F F F
  <DiscreteSampler_grid>
  grouped_processes
  1 # 1 for a reference and 2 for a running grid.
  10 # Attribute 'min_bin_probing_points' of the grid.
  1 # Attribute 'grid_mode' of the grid. 1=='default',2=='initialization'
  0.0000000000000000 # Attribute 'small_contrib_threshold' of the grid.
  0.5000000000000000 # Attribute 'damping_power' of the grid.
 # binID   n_entries weight   weight_sqr   abs_weight
    10   10   9.393941632325335E+003   3.444557864203215E+008   9.393941632325335E+003
  </DiscreteSampler_grid>
