  0.00309171591812422  0.01576569208455995  0.02921441072230213  0.04153540942062098
  0.05304466226344928  0.06434923139842072  0.07537029043289550  0.08625268953670356
  0.09700776203194533  0.10775041616872282  0.11864291547676258  0.12986854729509836
  0.14123290787706244  0.15236794429315662  0.16319725036826963  0.17389960594537382
  0.18467067319537461  0.19570563776896094  0.20689017967180803  0.21804637699550250
  0.22904102821864858  0.23988672600947741  0.25071859347135683  0.26142740241609669
  0.27213737028331220  0.28292474161415421  0.29383934199502126  0.30485866905973052
  0.31577555649376365  0.32660755903761512  0.33727568812606995  0.34785185653625034
  0.35835053686769436  0.36871550958582217  0.37882248132996776  0.38882497769194363
  0.39903318928279230  0.40970120161832441  0.42064263905292681  0.43155961548652799
  0.44243522741058305  0.45326760325408488  0.46400050165627121  0.47462101952886665
  0.48520115811243741  0.49572567145040697  0.50606035595206156  0.51623594310409926
  0.52639732735783840  0.53646015324398422  0.54664470544156551  0.55697877341414637
  0.56745001579139831  0.57793182204352489  0.58828412798762764  0.59871286827053738
  0.60931381806732410  0.62011284339574635  0.63140174303744867  0.64309678903490364
  0.65481007706848926  0.66618791302898250  0.67700595757019277  0.68757395379209640
  0.69813157598099529  0.70828971725207968  0.71842117373206460  0.72856153933639045
  0.73896194760945200  0.74937787252712273  0.75984142331219340  0.77055515233671223
  0.78120560806715478  0.79170354270106391  0.80205596756585351  0.81225025273020002
  0.82203688939997288  0.83166060764116434  0.84152982388845043  0.85166968157743694
  0.86185185361880767  0.87202465271925378  0.88244749271509015  0.89298723347246556
  0.90321432080193065  0.91300939164154182  0.92257455909166652  0.93209309045181166
  0.94175433453640989  0.95130667483604181  0.96043487482669887  0.96898539573986431
  0.97711985638363674  0.98492923781755337  0.99338149698260525  1.00000000000000000
  0.00269748552139064  0.01567740974035190  0.02923828193078344  0.04161065186267910
  0.05333161405373366  0.06478820286214104  0.07619283604155169  0.08746364738844783
  0.09847386406845911  0.10940325896989295  0.12027388511122922  0.13141130732234357
  0.14263332904234990  0.15389083783201188  0.16513964958607374  0.17610765055462585
  0.18715149432443967  0.19826933190913051  0.20913492219414406  0.21957353866287282
  0.22983909115897083  0.24034780491515567  0.25095671934238206  0.26134145987374902
  0.27157239544991379  0.28204114303004896  0.29303261520036450  0.30427885291986906
  0.31537897575278467  0.32629230349517913  0.33717085551877291  0.34810759024991761
  0.35903016038632285  0.36990842757166742  0.38086111027408165  0.39192667698600608
  0.40304140210598166  0.41401612958442674  0.42468827161691308  0.43517062272145218
  0.44573281719567270  0.45638272159461957  0.46681064200640887  0.47682768620274651
  0.48669127748387309  0.49671503698470043  0.50701742859584920  0.51735149648946366
  0.52775689974523321  0.53838860718063353  0.54918491425547700  0.56010414475469605
  0.57098950799713710  0.58171276295770891  0.59233164413861272  0.60271328093134824
  0.61289216068886254  0.62305020462766958  0.63322816721491293  0.64337048443863609
  0.65342974264607401  0.66351383590499113  0.67366015996363160  0.68377233014047945
  0.69391929280059439  0.70413013617894760  0.71440458105952420  0.72490248577883154
  0.73558373994991832  0.74627043513840308  0.75673128516470922  0.76715881495542870
  0.77753780116116200  0.78766047965066732  0.79768488266521931  0.80767268447269480
  0.81774775862323634  0.82786279379045224  0.83801300090048547  0.84811767720598052
  0.85821512764965913  0.86828855789143722  0.87827467474033294  0.88816308461841442
  0.89806081292484696  0.90810754509143710  0.91803874832570087  0.92778831463432965
  0.93758668392264166  0.94756635557507385  0.95739581902031079  0.96670006201029335
  0.97555960062064007  0.98396199575257459  0.99206864006718087  1.00000000000000000
 -0.01670767077755492  0.05025144586300348  0.09905538558636649  0.12662363323748591
  0.13857447612091320  0.14837541678139773  0.15854243649445673  0.16844631132713153
  0.17837851708522676  0.18839085793874735  0.19809257072232292  0.20811217570938947
  0.21848418025212071  0.22875890106472219  0.23887315265321094  0.24891299374445844
  0.25902332211372747  0.26921311850247343  0.27907457963495008  0.28905582807560493
  0.29887723854111081  0.30855605242507267  0.31836859820560354  0.32799698360862795
  0.33754570559628133  0.34732623985898037  0.35757564831644123  0.36750906527034050
  0.37718862513689022  0.38693824801721421  0.39696639844112780  0.40703503892356951
  0.41679824887940109  0.42617636899941608  0.43548306767838735  0.44508243466764602
  0.45504451852514904  0.46494074892313553  0.47448411342115615  0.48385334285029263
  0.49319063617279013  0.50252653390467239  0.51185983693958426  0.52127347086797604
  0.53073196536027312  0.54017122365862691  0.54951602321176463  0.55880191095472342
  0.56817957340429515  0.57759276706514151  0.58698810286384351  0.59632936204614007
  0.60555901032188353  0.61463484723317185  0.62349269763740367  0.63208920892453235
  0.64076914159808529  0.64993410146385688  0.65894502730594184  0.66811283671607546
  0.67744038318303768  0.68669761329776136  0.69587761218363597  0.70508050989750926
  0.71431440264864965  0.72355437594335403  0.73286986094572992  0.74235855021170982
  0.75197203026359316  0.76154382045486779  0.77085620509696051  0.77998801600509193
  0.78899005340199702  0.79811254989243186  0.80735724243802742  0.81665500959466852
  0.82593428058314244  0.83522154020091410  0.84465384276417288  0.85401403667990006
  0.86380462147648762  0.87341492434154921  0.88288982133765481  0.89207148635539557
  0.90108375602452651  0.91005616337931872  0.91889183523218720  0.92765701383993515
  0.93645542229918144  0.94536015529047279  0.95432122471318004  0.96339204085489716
  0.97252553033477473  0.98165767765745371  0.99080095258427014  1.00000000000000000
 -0.00226592759367933  0.00815989406226507  0.01750509160577962  0.02734444909727893
  0.03768502639368206  0.04840302043606479  0.05913121101072848  0.06962949970903354
  0.08037528071394058  0.09070438374957435  0.10122478354992585  0.11169960628159281
  0.12251242336771088  0.13336097350547882  0.14427933207229560  0.15486745021267892
  0.16536066920724957  0.17594761444737983  0.18645058917860807  0.19694669931151867
  0.20688702285793098  0.21690962536196032  0.22689075339073050  0.23739775631164411
  0.24822985038686624  0.25967147904718541  0.27096716388615316  0.28224049947709806
  0.29295357785659226  0.30319731637637770  0.31347666428628979  0.32392557285050294
  0.33446969653943259  0.34503264360169200  0.35579859340722542  0.36667235265960663
  0.37728656628138385  0.38768192123795597  0.39794861940521870  0.40836725093765075
  0.41883770180321694  0.42971868205692271  0.44070840287308816  0.45185482338908367
  0.46285292317340054  0.47370005771144941  0.48437733723028803  0.49518669218483857
  0.50611899511602476  0.51687856851561065  0.52745077243481631  0.53802706790516319
  0.54865919678092512  0.55945055668566956  0.56985600928369129  0.58003286566529244
  0.59034854042173190  0.60102064449102655  0.61222880638698207  0.62331363395765726
  0.63427756509346833  0.64492557071202683  0.65536005490006088  0.66583323997935151
  0.67663185882986920  0.68749793193625008  0.69830036841157073  0.70884232005868375
  0.71931333382339124  0.72973210972123359  0.74021288926835471  0.75068893439052087
  0.76100668245563763  0.77142550560613599  0.78179730791385516  0.79229526361658520
  0.80291334701821770  0.81380517620411097  0.82485564702861802  0.83581201143309569
  0.84648897759869157  0.85671358837159861  0.86651950853741266  0.87638674998619670
  0.88644263924520728  0.89677707428894737  0.90750303453308268  0.91819505900061194
  0.92872332061859209  0.93913211272181829  0.94938834129330207  0.95952328306751533
  0.96923745884763468  0.97920182176564752  0.98937178011537175  1.00000000000000000
 -0.00176303649827322  0.00655668622161676  0.01382444453320426  0.02121497964333645
  0.02869554838400863  0.03623731930416491  0.04386489874465719  0.05158850023561571
  0.05939629400489689  0.06732073566234520  0.07527924376109020  0.08332414129572467
  0.09147660668251544  0.09958468742335233  0.10770372294888533  0.11566737045839055
  0.12388177474497725  0.13207619098930140  0.14013145455558268  0.14789584895856289
  0.15558986942162834  0.16351699173942175  0.17162345929994971  0.17985148751744715
  0.18784741906393471  0.19596293775569976  0.20422090774196258  0.21271581490136868
  0.22143283032849931  0.23003618813480220  0.23850194181508072  0.24707697747476901
  0.25565627511910272  0.26424651674483074  0.27263793234584988  0.28076989278557890
  0.28867988866720617  0.29667941358220634  0.30492286698762172  0.31321186124145722
  0.32158902312715915  0.33002980948880539  0.33860296184612265  0.34731920502719210
  0.35603473200330288  0.36473680136812614  0.37360848624887905  0.38268208862599046
  0.39195946071463766  0.40102038128834494  0.41002433352141443  0.41903227396621512
  0.42818345050107154  0.43750307360246105  0.44673482826470218  0.45607534843887287
  0.46563270864406175  0.47541736624384173  0.48537146248275992  0.49548327754409932
  0.50582530605797560  0.51592653825644674  0.52584051836447809  0.53588269124702015
  0.54627363232913040  0.55686110809174372  0.56733103719913891  0.57786054286445609
  0.58887536213781000  0.60024709866951187  0.61169198650535417  0.62319033263468215
  0.63510346058804668  0.64698311944992437  0.65864426555852207  0.67033984266918190
  0.68227465931050557  0.69458945866082100  0.70676734264754681  0.71942526294262232
  0.73212349647081654  0.74508513793726272  0.75864728463806652  0.77273816989969812
  0.78702769256259641  0.80150871841144367  0.81689241607561758  0.83377634124233058
  0.85163473322919203  0.86938212759802391  0.88773517506736044  0.90622626396903017
  0.92545580310096742  0.94635165685109135  0.97091935367068660  1.00000000000000000
 -0.00247624902640569  0.00898755865735826  0.01894965297369519  0.02951472870346880
  0.04030536083104198  0.05096506094280071  0.06148464763435987  0.07206689577828461
  0.08266956997749336  0.09328204247555522  0.10393273403722983  0.11419113901585752
  0.12448641027739836  0.13494106402156911  0.14557644107573281  0.15622333772089669
  0.16691644788880614  0.17782340340812125  0.18890849617599020  0.19984446875272283
  0.21070551499598866  0.22116308486901592  0.23160100129283723  0.24182587513244999
  0.25213749579140637  0.26255629840443379  0.27321728274771007  0.28399662282423666
  0.29485855055769700  0.30560175731843991  0.31625888175307393  0.32689765612203486
  0.33761346727722819  0.34861235252237971  0.35964843802826313  0.37051063097976228
  0.38091164839048519  0.39103756999451511  0.40127079198668508  0.41148442353316861
  0.42187069018675466  0.43239017822815218  0.44324996043155768  0.45421185593493463
  0.46496011853905594  0.47572357330039949  0.48666223795204866  0.49748545192008947
  0.50781295664361936  0.51790606372686443  0.52809535650800066  0.53842469115643921
  0.54857477930217791  0.55853028442303809  0.56861674903859494  0.57900178850181538
  0.58966755039130803  0.60021203919035082  0.61070455423039260  0.62123752323994041
  0.63180174112900989  0.64255829099813200  0.65329042763778000  0.66385612760310608
  0.67425782887634911  0.68470246023214398  0.69513463760561844  0.70531427157285220
  0.71533003625958036  0.72532418995740133  0.73520931950741908  0.74504650987957832
  0.75515133193799111  0.76545229261731795  0.77523989985646324  0.78497925098805654
  0.79460394009744806  0.80456325608086110  0.81485810046540874  0.82602104817509969
  0.83750034228980819  0.84900890691087261  0.86035811269023899  0.87192091958373441
  0.88300585062705472  0.89393002612300032  0.90488656045287275  0.91566025177875576
  0.92647785351586787  0.93697505109374202  0.94781181850711549  0.95849455602981382
  0.96900401619224619  0.97936690082592559  0.98957676413840989  1.00000000000000000
 -0.01925790320730225  0.12734524548135118  0.18407907101943632  0.22378080600644049
  0.25540509175896886  0.28206823468988673  0.30528859904070987  0.32652725345083594
  0.34660668576618436  0.36478640865079570  0.38106073982880356  0.39661828565699492
  0.41146709308241436  0.42525023545939916  0.43796089415133010  0.45009401524082171
  0.46206633293783678  0.47379105749869210  0.48497189677751829  0.49575725835328532
  0.50616545440526961  0.51626569481085482  0.52604166709654088  0.53560063267877478
  0.54507893601298529  0.55404117351498516  0.56281137694286709  0.57133888167453850
  0.57989770481948266  0.58792103654621652  0.59557182827257227  0.60334800204398042
  0.61107637239412349  0.61890577928559820  0.62630119562545850  0.63332139778974117
  0.64023528286699449  0.64721913482373483  0.65436001514597031  0.66159445299284048
  0.66880599343510261  0.67576813147740034  0.68244501007440728  0.68912921702906560
  0.69602224662768220  0.70300434485121166  0.70985789540929878  0.71644137866837299
  0.72310223361011550  0.72964463605043450  0.73607937071317764  0.74232181870152292
  0.74852852357636013  0.75455301851002499  0.76059935529993050  0.76672374396522380
  0.77292024288589123  0.77910388334343583  0.78516563888131807  0.79118466045697711
  0.79720730274297502  0.80313609976630118  0.80902488975145448  0.81494863463947942
  0.82083850702285976  0.82673048889304324  0.83243538250058235  0.83800172661747629
  0.84338703278835070  0.84885762558584843  0.85438872731358062  0.86001250724643230
  0.86566375694469977  0.87130616244759507  0.87701358955021247  0.88277368337797579
  0.88850148162170617  0.89416751829091512  0.89981441156603725  0.90558715811576074
  0.91128674619879091  0.91696948651598975  0.92278260577529625  0.92871641046148579
  0.93471190069914045  0.94067762343642369  0.94657766555618339  0.95248082410918355
  0.95840477961626502  0.96431033121083254  0.97018380102028279  0.97600421237081036
  0.98176629168630791  0.98758026233643126  0.99363708177827270  1.00000000000000000
 -0.00245129835286994  0.01067054406746167  0.02174362417392226  0.03235404205439637
  0.04297521402486166  0.05347054111906779  0.06411668178448623  0.07455686233411916
  0.08480747271948318  0.09517823372572777  0.10558536418361475  0.11642967106439182
  0.12763351275391435  0.13876022819092373  0.14973503138691052  0.16050089892708025
  0.17123064464732998  0.18172933934004321  0.19222162617425892  0.20275237910986732
  0.21332288815783668  0.22393342557793075  0.23451263903829639  0.24510456254360219
  0.25544300457664465  0.26586445462928870  0.27631645621304085  0.28672305465479792
  0.29711236194804219  0.30773453242870741  0.31826288995976232  0.32846176798386617
  0.33856976131558575  0.34891832477059820  0.35948531755167817  0.37006482126038975
  0.38083070029357230  0.39178892694998463  0.40230833472350380  0.41278314150536100
  0.42262728437028557  0.43282200240338425  0.44311442126577594  0.45333790789029826
  0.46357439416883489  0.47368443253854009  0.48435585510836482  0.49492909638385735
  0.50590443628856829  0.51706456490399011  0.52848407148368826  0.53978171968270938
  0.55065913171224790  0.56137032797633335  0.57217010942003099  0.58315594302012774
  0.59414201851906834  0.60526717965430776  0.61661915956007918  0.62784247742763122
  0.63874335398909710  0.64941065806310239  0.66019184587041346  0.67093180710594780
  0.68141119583222898  0.69136049298187685  0.70102624380109912  0.71088035873180555
  0.72119221681527135  0.73141679823564354  0.74177410624858731  0.75198671879925716
  0.76280436478934166  0.77355751388526328  0.78413012332729382  0.79453830656791857
  0.80510667671354419  0.81574021162826371  0.82612452856694862  0.83621154947492471
  0.84590439843189680  0.85564076734933647  0.86551429238569799  0.87554618014907937
  0.88601061864265029  0.89660572286517026  0.90709117626418290  0.91737185487606143
  0.92755378229281327  0.93807807734556925  0.94854133045636846  0.95888199871755020
  0.96897343079517262  0.97918792851985181  0.98957705955152686  1.00000000000000000
   1.0645791476725000E-008  -1.0000000000000000     
 F F F F F F F F F F F F F F F F F F F F F F F F F F F F F F F F F F F F F F F F F F F F F F F F F F F F F F F F F F F F F F F F F F F F F F F F F F F F F F F F F F F F F F F F F F F F F F F F F F F F F F F F F F F F F F F F F F F F F F F F F F F F F F F F
  <DiscreteSampler_grid>
  grouped_processes
  1 # 1 for a reference and 2 for a running grid.
  10 # Attribute 'min_bin_probing_points' of the grid.
  1 # Attribute 'grid_mode' of the grid. 1=='default',2=='initialization'
  0.0000000000000000 # Attribute 'small_contrib_threshold' of the grid.
  0.5000000000000000 # Attribute 'damping_power' of the grid.
 # binID   n_entries weight   weight_sqr   abs_weight
    10   10   4.682418675562054E+001   6.872992748447927E+003   4.682418675562054E+001
  </DiscreteSampler_grid>
