  0.00269645197547673  0.01579705782781435  0.02909495984239149  0.04125562238456616
  0.05302686873953146  0.06470434695944367  0.07588129026234847  0.08670371554991668
  0.09771937637083718  0.10878844529880037  0.12025990438118023  0.13158454829469937
  0.14299041007933463  0.15408113961710324  0.16511193324866566  0.17586203578394582
  0.18704320300357274  0.19813765563376426  0.20907174799632527  0.21944332365893393
  0.22968879549086219  0.23956372385144425  0.24964447518575289  0.26043131419911131
  0.27173708153164111  0.28311394044667249  0.29428100421018427  0.30580993939037898
  0.31735564795854032  0.32908174488383490  0.34059516554695740  0.35199328595117274
  0.36309252164565831  0.37406520347113448  0.38485931158321002  0.39563731614787578
  0.40628368905453177  0.41678791180509051  0.42712859534302655  0.43729864635428051
  0.44766566361612364  0.45836974314773332  0.46940351242600492  0.48021289153637903
  0.49081200963667537  0.50157904293120481  0.51252551952790670  0.52319782856587682
  0.53361227303729919  0.54424856508595432  0.55527500311029865  0.56632053059655019
  0.57706518281722352  0.58763835352699345  0.59805606757551055  0.60840288069098558
  0.61873630021456782  0.62907290456147313  0.63941157576783625  0.64967174219211665
  0.65983454819174481  0.66986989754064263  0.67976731466842977  0.68965629312437016
  0.69972076427796737  0.70991339782766127  0.71993960555223480  0.72970143021510969
  0.73954664747729826  0.74953728638583783  0.75989001089369101  0.77051789763555367
  0.78126884368874783  0.79207751104676971  0.80267076952264726  0.81321990347953743
  0.82356508559621722  0.83371371546668904  0.84363166786879684  0.85360794108613702
  0.86377582135840847  0.87411535979244148  0.88428726860996987  0.89458607295950110
  0.90493818762711919  0.91515931480539925  0.92501522055245156  0.93464119141786473
  0.94425213580517897  0.95368296806776465  0.96278359015536208  0.97158924789627588
  0.97997430634770033  0.98734243183476700  0.99390606077722710  1.00000000000000000
  0.00294263146011447  0.01526449140241657  0.02857803563005328  0.04116386478035686
  0.05273246658433545  0.06368272529941520  0.07443437341466551  0.08499941039822237
  0.09535900066036410  0.10575717855854874  0.11654372042045795  0.12748118924779284
  0.13849994520158354  0.14967755148492853  0.16102135040752583  0.17226217932008250
  0.18342475636455585  0.19448505597812063  0.20557119466261758  0.21670485602574127
  0.22777323063469124  0.23850339914706836  0.24902129910523330  0.25951689275734380
  0.27007971859493307  0.28062392735099562  0.29133661000521627  0.30233137060107013
  0.31342004346869412  0.32429486424481890  0.33507610224047690  0.34577127256376572
  0.35621802754751769  0.36652045374460596  0.37677525223264474  0.38707442968130507
  0.39737940766549501  0.40775848431826395  0.41823597410010732  0.42840252266854245
  0.43837715577551728  0.44848310214556258  0.45894897747876928  0.46965416963269790
  0.48035983904931084  0.49095981807968209  0.50165498415266496  0.51214641600690347
  0.52246053107115420  0.53279412079757349  0.54309986287781953  0.55333506388668474
  0.56346667793128957  0.57392625483589632  0.58455264591054257  0.59513849273030595
  0.60569860609428960  0.61615460385513876  0.62690704139883180  0.63766572465182336
  0.64838688994876048  0.65889350875322339  0.66930460189170837  0.67991099730866700
  0.69083245930652559  0.70164700415698378  0.71236730997056541  0.72262785034522481
  0.73264734891373451  0.74249106632580986  0.75270236070385987  0.76319302074581552
  0.77389803983219729  0.78425750116275295  0.79469121473938276  0.80492681816741041
  0.81517710048343806  0.82513054255614726  0.83535896736507065  0.84585376007386903
  0.85658312272080162  0.86708100027948665  0.87737777253090099  0.88751614757947372
  0.89763396016791053  0.90776856969328745  0.91781817229815565  0.92778422407223005
  0.93761073518415539  0.94722304835471560  0.95659631883214080  0.96577132659251064
  0.97474051653553218  0.98342041923850865  0.99180616321195536  1.00000000000000000
 -0.01998691871956445  0.05352058173616386  0.10286980708558742  0.12866652841046927
  0.14034975990434206  0.15066517424308157  0.16049343155675119  0.17010703462108759
  0.17988896390256998  0.18964500583249508  0.19959397245975974  0.20941707527114845
  0.21916051162836264  0.22892095665983142  0.23868770958364102  0.24846409367251424
  0.25847509367181298  0.26871300248726299  0.27832842473604585  0.28796617947149411
  0.29790577786355943  0.30785876319793981  0.31746824452940176  0.32658241564656260
  0.33546017487738555  0.34431440324703511  0.35333332722270283  0.36251204575727924
  0.37200738690260049  0.38207645935248336  0.39280108631825356  0.40347454518951659
  0.41371911905941966  0.42351320963958355  0.43285696002040724  0.44193018760949609
  0.45117400443267880  0.46081757000214962  0.47065759451167344  0.48029738081529033
  0.48959884132097109  0.49887496130508069  0.50835451599414716  0.51799602057453631
  0.52773412721149193  0.53733860936443023  0.54664922304739660  0.55602101355859679
  0.56542145468365568  0.57489821022701393  0.58444323838517265  0.59381248615626525
  0.60315911947997758  0.61261357022351037  0.62161882646277322  0.63090094698524868
  0.64004023318190695  0.64903579094333830  0.65816632886536230  0.66714078751196804
  0.67619222077495322  0.68531653547601390  0.69466323093472204  0.70429368752393706
  0.71396078173878996  0.72351713762853642  0.73313602822981361  0.74269247278959649
  0.75222889621296807  0.76173740828884984  0.77116463664766621  0.78023427452748484
  0.78917136429861257  0.79825641410384018  0.80740311987353186  0.81643989352697721
  0.82552074453794599  0.83488850570263462  0.84452198015540925  0.85390985942545916
  0.86328175872152380  0.87252484617818904  0.88166477460220549  0.89061752338394540
  0.89948829907536709  0.90841527778401598  0.91743670816146827  0.92656995117881902
  0.93572288139195925  0.94469585730186678  0.95363071320571580  0.96272164258391957
  0.97194735908982433  0.98123189855139648  0.99058725959374760  1.00000000000000000
 -0.00259531636410649  0.01011075690857004  0.02060078669507639  0.03207424094613154
  0.04356537010554147  0.05533234271289526  0.06658684965052107  0.07750840229625511
  0.08819993828667938  0.09865963606453325  0.10898461707801380  0.11910054979846973
  0.12950941912507058  0.13980421513761804  0.15018627087233483  0.16073659504865989
  0.17110021953756904  0.18153774124415079  0.19184607731555212  0.20271748966099101
  0.21362908407313286  0.22474153925985871  0.23534962307564394  0.24593536019374720
  0.25606982021274888  0.26611626817132100  0.27581383706859636  0.28570780153005670
  0.29606121550457598  0.30711099956331622  0.31847697969926109  0.32969848881298774
  0.34045825933370416  0.35102091608747177  0.36173539269401339  0.37273160237492808
  0.38381037457027994  0.39475328278539373  0.40560385993933035  0.41626681812062710
  0.42659874393195807  0.43684615352100958  0.44697039563459234  0.45697116334267912
  0.46696726964773866  0.47680948042064891  0.48723209165020548  0.49775918701806243
  0.50858700874299589  0.51950983121256911  0.53050862000144805  0.54143948116749785
  0.55214998278694927  0.56242352362485415  0.57246009382870511  0.58234703559409617
  0.59238782196652362  0.60247773987125797  0.61292759146377707  0.62358650712427621
  0.63439387407556491  0.64499251670302038  0.65515010172183696  0.66537099335621719
  0.67560906892495565  0.68590637085716188  0.69582350496066814  0.70597792279328797
  0.71635807724437739  0.72698118065385997  0.73770316137175440  0.74847991178970075
  0.75898335981688014  0.76949309887517070  0.78018188905526908  0.79066396813238216
  0.80100297007526955  0.81148113723460802  0.82225816642200367  0.83258189739445398
  0.84235313295498981  0.85232876832592286  0.86313902833323630  0.87382740308498574
  0.88436244001646525  0.89500075619544084  0.90612335596652760  0.91718111792679691
  0.92751175648100792  0.93812143051718089  0.94836625768557692  0.95887178579728438
  0.96939292737661831  0.97979612709465647  0.99010286315508933  1.00000000000000000
 -0.00193463143178469  0.00680741365497211  0.01447093715880073  0.02243249658737253
  0.03047879059032989  0.03845018981490794  0.04629234940255728  0.05403821716023541
  0.06176668975489532  0.06960645189169529  0.07759549758618940  0.08576987951257106
  0.09400226078939758  0.10219520240006240  0.11048855282105299  0.11880059812614155
  0.12710819784592209  0.13551719699641704  0.14395259672609251  0.15250657835561085
  0.16089867737917496  0.16917311292673071  0.17730087551677509  0.18561869903464778
  0.19393889338352432  0.20225748326408335  0.21032249153876595  0.21834296646068829
  0.22639900930430140  0.23494114665851312  0.24344778059033612  0.25197527845889534
  0.26047078442281146  0.26911605361474977  0.27803333944837200  0.28696934816420305
  0.29582254908717215  0.30457533780987744  0.31339061834050169  0.32225833888206284
  0.33105511740426530  0.33990355337083794  0.34872668020707237  0.35765758880096155
  0.36697977977851987  0.37641208543703708  0.38595517056346312  0.39532193956692463
  0.40458948589924804  0.41391805668405007  0.42337745330266319  0.43289442211894552
  0.44272742015406280  0.45294081282708404  0.46320762006918020  0.47349535430285161
  0.48340120193521197  0.49303745733718324  0.50246295387615059  0.51178986472191745
  0.52118346739497246  0.53083762836296156  0.54071422493567178  0.55091788605374614
  0.56105803395007148  0.57136287566791433  0.58186743744260960  0.59232845510129184
  0.60293975164916569  0.61337739081425113  0.62425091924349840  0.63518503361820056
  0.64686403794005265  0.65865279093619955  0.67037647428206926  0.68192540504275134
  0.69345948371036337  0.70531979521159915  0.71708362979601747  0.72941711422726074
  0.74258374192770438  0.75581244596829578  0.76923839729731125  0.78293279390472448
  0.79667020057910676  0.81058775677851680  0.82461839654124192  0.83907338233532058
  0.85356778482951923  0.86977325660302318  0.88741457063026219  0.90671407112316527
  0.92679178566253617  0.94848170766169637  0.97291010439850001  1.00000000000000000
 -0.00232548684794469  0.00897793942052497  0.01906653823579164  0.02911704272646267
  0.03897541255978323  0.04920724977992566  0.05941482446079865  0.06955272655609836
  0.07947745819288964  0.08974118626911033  0.10016557436040034  0.11041953105806894
  0.12061244713129168  0.13085835366452647  0.14128637416887585  0.15163714368027473
  0.16240118993783156  0.17314116769018922  0.18379286302906558  0.19412481657135644
  0.20443621921743524  0.21495473021959702  0.22552255620794784  0.23607896228490713
  0.24619667750672417  0.25636726912156904  0.26659873098436332  0.27735904437116632
  0.28858819001171493  0.29990337660038463  0.31095958797023598  0.32158611109488799
  0.33203822228229646  0.34232010398879631  0.35248686527711032  0.36248790163218236
  0.37223988222415599  0.38192606888771741  0.39162673984963930  0.40205129551856733
  0.41305223795513452  0.42408756100107808  0.43496230281795828  0.44568704102334245
  0.45646728438768402  0.46712260019543689  0.47786657394319221  0.48857491596992375
  0.49935995256181309  0.51020165307564314  0.52115268981080864  0.53186688151197914
  0.54245212296126266  0.55297373543403494  0.56346166006115872  0.57392229153671570
  0.58439985528324223  0.59504904222512356  0.60621917689773464  0.61732805086939591
  0.62784556552285697  0.63781236353552995  0.64787067221087369  0.65819298831535411
  0.66844459076366869  0.67872572556993815  0.68919964459287830  0.69990479813633033
  0.71098993680628075  0.72235244115167296  0.73363294867409057  0.74441036273733230
  0.75495627851743230  0.76545692405107135  0.77571680921754049  0.78581910548553568
  0.79616720774934402  0.80680538512369993  0.81719012808329139  0.82731899278747678
  0.83775577369148557  0.84885886048918058  0.85985373659628950  0.87059653622975497
  0.88144249213509207  0.89259689863610270  0.90336360234156643  0.91376996485049788
  0.92444482926899452  0.93559499560053339  0.94667154829802203  0.95803643053219645
  0.96895474242615021  0.97982919221958542  0.98986428546027361  1.00000000000000000
 -0.01881962063775027  0.12773112880466270  0.18535076539904732  0.22392511570102269
  0.25508087373640231  0.28148732122879044  0.30396559565696241  0.32389564954443251
  0.34232198099820665  0.36013916514442090  0.37647624878518560  0.39176845369914920
  0.40586654188154436  0.41928175708636711  0.43255517201505000  0.44541967597798016
  0.45746886580641266  0.46893129521734317  0.47987756702190443  0.49053588461252012
  0.50118444401487250  0.51158255309712941  0.52145989298443762  0.53064293267220952
  0.53953835228022784  0.54833861542018447  0.55706273660330408  0.56562491959024619
  0.57401065167627763  0.58224460026284142  0.59041639636367538  0.59855798614683908
  0.60666092924379456  0.61461605044473877  0.62250162351486382  0.63013628968945068
  0.63766440083009668  0.64511904728613001  0.65245012895665555  0.65956652031210505
  0.66650165102961478  0.67346307344245571  0.68049815765987987  0.68762514705919164
  0.69448844376279639  0.70118584144175744  0.70777908328973527  0.71431291933251739
  0.72082130060183691  0.72728724750412710  0.73378457041960787  0.74031772514187277
  0.74696884729059454  0.75347547906930290  0.75965377840909121  0.76568784069814066
  0.77168638631632913  0.77775331226046995  0.78385783828629685  0.78998782584981209
  0.79597000102677995  0.80179153254265223  0.80759473264632298  0.81340769382156897
  0.81916698697483048  0.82484048288170964  0.83046424327682211  0.83594528319329486
  0.84157298551996329  0.84719401678355410  0.85291556206249330  0.85863776754557886
  0.86434131075553711  0.87004177377595970  0.87578120465827902  0.88158936676030064
  0.88749005115267632  0.89335140795580548  0.89909507066519101  0.90479188908596375
  0.91045944740963358  0.91624790021486857  0.92216529305223516  0.92808989693206967
  0.93404369546999844  0.93992055564046262  0.94589693279433595  0.95176436954511867
  0.95773697695936277  0.96370015064068582  0.96951960598042008  0.97536829109128731
  0.98133738420934402  0.98749160031078986  0.99375795108039489  1.00000000000000000
 -0.00233400145534462  0.00986748349429406  0.02038991092455626  0.03143245953673076
  0.04262112135042123  0.05403137335385726  0.06539554327182587  0.07677398828604363
  0.08778339169815738  0.09890514867422798  0.10999168139499568  0.12113172940180128
  0.13197428951502777  0.14268153751285129  0.15348992492749483  0.16410029562246803
  0.17460186897622529  0.18504073996414278  0.19586129358999665  0.20682406566267378
  0.21728922601733067  0.22748866376858148  0.23802309206023667  0.24857599783310902
  0.25899407434393162  0.26909439857335271  0.27956619974732871  0.29007837994011787
  0.30021715881984573  0.31004517020859423  0.32001063695480741  0.33015913787254919
  0.34046562255634122  0.35082196600057097  0.36109500940991335  0.37156046336750570
  0.38207875843103861  0.39269829469925860  0.40354581123229616  0.41419927143022073
  0.42530991700446780  0.43640296668516199  0.44724129476384239  0.45758156298940672
  0.46759784910337238  0.47774937748589347  0.48819750192170919  0.49866660823043729
  0.50913339097792432  0.51985779998823667  0.53042247640823104  0.54074147119935789
  0.55087132200423417  0.56082734447861926  0.57124437420812513  0.58193905862692075
  0.59280907201690425  0.60365346806268361  0.61449323849717963  0.62567718877786660
  0.63667542662759402  0.64734824548534042  0.65778774487879343  0.66818802054381121
  0.67855257046949136  0.68903060128385996  0.69931642690342155  0.70963747027507662
  0.71975101653641604  0.73002879787550523  0.74030810674494096  0.75070292335766187
  0.76074967561322870  0.77099009910524430  0.78153306300958425  0.79245883140873596
  0.80318007955943604  0.81338104221698271  0.82366440823412190  0.83358425102300093
  0.84395777071586309  0.85426482328245013  0.86486622382087019  0.87497238497887342
  0.88499744852769335  0.89493524429689897  0.90529196770315956  0.91584105592333254
  0.92660401653074609  0.93719238125889670  0.94789017906168527  0.95860615214049316
  0.96900330966159076  0.97938411432296357  0.98956352231020062  1.00000000000000000
   1.1393250078078682E-008  -1.0000000000000000     
 F F F F F F F F F F F F F F F F F F F F F F F F F F F F F F F F F F F F F F F F F F F F F F F F F F F F F F F F F F F F F F F F F F F F F F F F F F F F F F F F F F F F F F F F F F F F F F F F F F F F F F F F F F F F F F F F F F F F F F F F F F F F F F F F
  <DiscreteSampler_grid>
  grouped_processes
  1 # 1 for a reference and 2 for a running grid.
  10 # Attribute 'min_bin_probing_points' of the grid.
  1 # Attribute 'grid_mode' of the grid. 1=='default',2=='initialization'
  0.0000000000000000 # Attribute 'small_contrib_threshold' of the grid.
  0.5000000000000000 # Attribute 'damping_power' of the grid.
 # binID   n_entries weight   weight_sqr   abs_weight
    10   10   2.460373805104626E+002   2.111278737654171E+005   2.460373805104626E+002
  </DiscreteSampler_grid>
