  0.00245993413670508  0.01606451909705819  0.02956840673296444  0.04165051918018551
  0.05328188331119481  0.06478300591150603  0.07603833843640607  0.08724536663723588
  0.09839039302553182  0.10934247044831459  0.12007845590463247  0.13077281048005729
  0.14145942893269717  0.15206820178693475  0.16272107283198536  0.17352214903754798
  0.18440623587880364  0.19518585060209775  0.20590346822152036  0.21666738823718598
  0.22739532466591972  0.23798933853395141  0.24842651119551296  0.25889863247378475
  0.26939385878216343  0.27987905273169689  0.29030471318117396  0.30076826995189476
  0.31118028115462831  0.32154399497076197  0.33197027201854684  0.34254434682512591
  0.35308610729347656  0.36354490112793253  0.37397165641540786  0.38434686506620114
  0.39460259058407632  0.40472988929192288  0.41487923027699325  0.42516717700123641
  0.43558408710311536  0.44620726646439263  0.45684510212617113  0.46743277718007270
  0.47802456829464612  0.48863126395426393  0.49917968886742392  0.50973197311649221
  0.52027304834712740  0.53081374923932445  0.54125978449878143  0.55171214159688664
  0.56220041445204338  0.57274062487213440  0.58326784945011256  0.59377366397631015
  0.60422399944816874  0.61458767976975048  0.62483843734529976  0.63505142084067590
  0.64528770880815367  0.65557659528105494  0.66591610299658910  0.67627665317606311
  0.68665969399049298  0.69706459749402716  0.70746702676010986  0.71783964057491545
  0.72816703798208315  0.73845228794044482  0.74872080649359707  0.75902748236147033
  0.76937090333058344  0.77967599428050693  0.78989766990675825  0.80006654458457149
  0.81026519660807717  0.82051774855796156  0.83080856750334864  0.84106286746601011
  0.85124016697017890  0.86129211754226687  0.87129689882437444  0.88121710055834268
  0.89105333993626490  0.90089243362542692  0.91077315204151477  0.92064550341923634
  0.93037275202959258  0.93996394636120717  0.94945157790009616  0.95880045052086715
  0.96788649305616259  0.97666435329883150  0.98493997268578870  1.00000000000000000
  0.00235451896395361  0.01611554219843454  0.03009034683546574  0.04237562697856587
  0.05423866925233158  0.06581657952764192  0.07740329155142897  0.08887308779752527
  0.10007746455454390  0.11123893960974404  0.12210253915857602  0.13306324740473960
  0.14388803026011601  0.15470008986791936  0.16549685693826868  0.17627503330908156
  0.18718999219438281  0.19802557748254107  0.20884253783825310  0.21979395858460804
  0.23064461988856177  0.24147876968409790  0.25231169738699299  0.26322873341864284
  0.27411009885521631  0.28486913732100760  0.29552693595304652  0.30614476115729661
  0.31663918610477637  0.32703183263055674  0.33759939167891218  0.34825448065501063
  0.35879588096643944  0.36910733232840293  0.37937386842202808  0.38973267315743348
  0.40009091564557270  0.41038349603994118  0.42072154251363048  0.43112448504334505
  0.44163584918334930  0.45230616797207623  0.46307076482588772  0.47380758641311849
  0.48424479176716895  0.49437925488641632  0.50449811577106030  0.51463344996957494
  0.52472034095523368  0.53474479508451633  0.54487537808011333  0.55525774335346967
  0.56571760925878356  0.57612927994835772  0.58654744334322428  0.59695392700718308
  0.60733361061146762  0.61775385767415369  0.62823075148050389  0.63874745252961551
  0.64922331726664595  0.65962100052051009  0.66998516586165668  0.68042769730450092
  0.69087343535521795  0.70143013507312291  0.71189284926205776  0.72197820795921708
  0.73209598315024349  0.74223032558862545  0.75244162853789898  0.76250200570890114
  0.77253104688453855  0.78280294107262116  0.79309057175538988  0.80313737174989941
  0.81301513115598223  0.82297782692051380  0.83309152931482267  0.84319723515826972
  0.85331374438854779  0.86333885342456307  0.87328273763117570  0.88320323718984262
  0.89310261721175188  0.90301577517089515  0.91276428616452154  0.92229237710083500
  0.93170070640283620  0.94114419470720068  0.95067887100189996  0.96014057882284520
  0.96910994306708798  0.97760830955170674  0.98550772311344126  1.00000000000000000
  0.00754857425278643  0.00884762584540945  0.00986701482306836  0.01091485707933529
  0.01199846411949544  0.01311250241522411  0.01427004184183500  0.01547221366344806
  0.01668537289762194  0.01791082552477256  0.01912476879956140  0.02039436834576305
  0.02172762401617002  0.02306607100456705  0.02438866857551589  0.02561434145757168
  0.02661364758026650  0.02761648393694041  0.02880554881849284  0.03003809225447971
  0.03128219777033295  0.03254693349091310  0.03383408803377566  0.03513838511286325
  0.03646757245667206  0.03783094724248384  0.03924333188727096  0.04071959994150608
  0.04225861271749383  0.04384192269177200  0.04545580788685925  0.04711587849198954
  0.04883497792319196  0.05061844439852356  0.05245509807952264  0.05434536149981573
  0.05629731555392981  0.05832160266859179  0.06041957133808541  0.06258292744808686
  0.06480987187793373  0.06711563193755668  0.06950299048014874  0.07198126137662933
  0.07455081353796122  0.07721880363453779  0.07999718517854285  0.08289357992883861
  0.08589750322744180  0.08899880651220973  0.09221697683208858  0.09557401967682813
  0.09908214230292091  0.10274643773844291  0.10657257737073611  0.11055160715974431
  0.11467581042604200  0.11898652709604930  0.12350575049247421  0.12820391007394003
  0.13306783972506644  0.13811204915144590  0.14340282335050497  0.14895627238195053
  0.15480483274231160  0.16092069783982951  0.16734828086492409  0.17412303624240319
  0.18129974975376950  0.18883220342043855  0.19672084431604289  0.20492079880306699
  0.21358267225187674  0.22291081254736467  0.23285648849240384  0.24329858567906151
  0.25431893065762690  0.26614903526552081  0.27895830827863122  0.29278554028832965
  0.30757593243422887  0.32331810731953081  0.34031966944699937  0.35879382449939251
  0.37883679442266432  0.40075373777557655  0.42488384763654158  0.45140227639802194
  0.48090906487881746  0.51475171476581849  0.55470042756872373  0.60254837185455989
  0.66303874712644306  0.75816380207726797  0.86363668718571307  1.00000000000000000
 -0.00110771212127419  0.00419537584651207  0.00947600854907137  0.01474847423133993
  0.01999436514102796  0.02524283446311206  0.03053707131912688  0.03587769790601213
  0.04127304789309053  0.04668837334069822  0.05210885598374206  0.05754039286080111
  0.06303157482736239  0.06859491788538243  0.07419711876048772  0.07981968043709232
  0.08548833773986812  0.09123430085854325  0.09706407081171094  0.10295792545594840
  0.10885959318525547  0.11479781064984755  0.12082217979007290  0.12691550264837129
  0.13304300531387961  0.13918689948321131  0.14536196680480315  0.15158839480509198
  0.15784920625010029  0.16411023586958048  0.17043912009312803  0.17688865019231859
  0.18338388286967985  0.18994895728942249  0.19657457718996249  0.20325348817231925
  0.21005738192829737  0.21696735503244158  0.22398672388271029  0.23110018134901580
  0.23827973188816179  0.24548235553414458  0.25274161008990664  0.26004577280915175
  0.26741343367880882  0.27482841766972177  0.28242498532562199  0.29013135346310848
  0.29784208868200451  0.30556267402804893  0.31335523008903537  0.32123326906714528
  0.32924406146579671  0.33733078745152972  0.34547893793525075  0.35375731332700866
  0.36229222485134621  0.37098300764813985  0.37967993073574219  0.38841514299329782
  0.39736808154079162  0.40648516566548354  0.41575593317720688  0.42512013408363519
  0.43462924493480742  0.44430103392260040  0.45422672042742912  0.46442591533962019
  0.47484402012568755  0.48548433965800164  0.49628139449364783  0.50734618920470542
  0.51861613036235943  0.53006939572332545  0.54175194467475773  0.55376990916587499
  0.56617631383720712  0.57885281679334988  0.59183947809657744  0.60528079581314187
  0.61921694748160894  0.63369457167693566  0.64879828492197500  0.66411753569765930
  0.68003687049816119  0.69672210254213707  0.71444255551516245  0.73317031009912403
  0.75320012087396637  0.77480029941310380  0.79801920878196542  0.82353547036097652
  0.85278269587471611  0.88772041670679658  0.93411696750842832  1.00000000000000000
 -0.00227475980185804  0.00912196810467534  0.01883116031757316  0.02930916896923770
  0.03984913594470083  0.05028140515999933  0.06062868011397934  0.07107354396860924
  0.08171577261967360  0.09217971125534237  0.10251113762542645  0.11306313987918090
  0.12360046986563947  0.13426241411239676  0.14471524170240876  0.15527012767990786
  0.16580012084897922  0.17646629063123315  0.18725595185684590  0.19837188666061467
  0.20914451347921570  0.21975893249464284  0.23026791163648155  0.24067623708388197
  0.25133731783682350  0.26185602072941544  0.27231916289252783  0.28269658658250069
  0.29305881631332825  0.30358703418927158  0.31415947902223351  0.32477415601456866
  0.33529041775096957  0.34592110841068408  0.35646153465489439  0.36724641998515434
  0.37775390201344766  0.38831701409724667  0.39875188719561477  0.40919328930118193
  0.41949733757123076  0.42966775087454923  0.44006815089030710  0.45039957720155116
  0.46065471205768077  0.47071086781139199  0.48092058249818243  0.49142841585719055
  0.50188135764219444  0.51237445852512198  0.52281666367760915  0.53365925412608295
  0.54441105591919114  0.55511806610811321  0.56584920806977212  0.57629134384740333
  0.58677478890532064  0.59735730629725137  0.60800412255842451  0.61837613052583684
  0.62885018176545138  0.63950849636963369  0.65007946272145545  0.66061815632775822
  0.67112921901937095  0.68192776605180794  0.69241274792306895  0.70296900638329407
  0.71346901013845798  0.72414219747237196  0.73468720052372793  0.74532901695937237
  0.75592305511159952  0.76649142421181726  0.77705636516424070  0.78765691035042451
  0.79835255343496014  0.80903636707100057  0.81975007567286839  0.83038466399263933
  0.84103948317601473  0.85178089070064766  0.86239332142162006  0.87328347906401282
  0.88398384963845378  0.89454266622227829  0.90529234635598810  0.91587804865810407
  0.92641209818955916  0.93673591503291309  0.94711406932419762  0.95754215078446669
  0.96805520286318636  0.97861225701073618  0.98932259723201921  1.00000000000000000
 -0.01370216555838809  0.06225847948236509  0.10824940986328319  0.14395239090998851
  0.17417413912832130  0.20065408654993877  0.22431061479072179  0.24614501464296815
  0.26659570112924519  0.28571220867125680  0.30351624405482835  0.32031992509622281
  0.33640381540497377  0.35176109791137222  0.36649012746696852  0.38070176258608796
  0.39441310537376889  0.40765114325549595  0.42069225339541610  0.43354008052542847
  0.44591495857934310  0.45789193177425574  0.46956068428551118  0.48099561905816746
  0.49200306732893950  0.50273537560858894  0.51333655866233918  0.52376857793914888
  0.53395280841119008  0.54392755717489649  0.55380526395788043  0.56361175214198789
  0.57324517645356832  0.58265307286066581  0.59192693745401959  0.60114699663901672
  0.61031419583145985  0.61937245457594314  0.62825983287081744  0.63704396774548466
  0.64567997622442319  0.65425711019200894  0.66264652503830312  0.67091718085433216
  0.67903950127179857  0.68712563617188893  0.69507167887943300  0.70290404637203441
  0.71058136691647245  0.71815548014594810  0.72564673688013603  0.73292162331442967
  0.73998441587859809  0.74698268562520065  0.75395997799390446  0.76092174598664342
  0.76782467795191278  0.77463020766038693  0.78133888367891979  0.78799817489948265
  0.79468912630049438  0.80140639955761916  0.80807549058989980  0.81467894544037256
  0.82120410849694925  0.82769813476846876  0.83413036960511955  0.84048980113797467
  0.84681592250368565  0.85309655942788942  0.85931107961089026  0.86545697187229476
  0.87153960470506842  0.87755309351241340  0.88353216537129198  0.88954396507594602
  0.89552337232478119  0.90137510970626122  0.90710900388572890  0.91278625327876517
  0.91844569540307952  0.92405643431897777  0.92961330269658071  0.93513381994206524
  0.94062464460879525  0.94609787789733713  0.95150065836193309  0.95688586621244232
  0.96232298733442267  0.96778300026108288  0.97321837887874552  0.97862176595986650
  0.98403089208700978  0.98939962911066004  0.99470062707349949  1.00000000000000000
 -0.00234133245266524  0.00919169502995820  0.01930800370379810  0.02999680773011352
  0.04068838525457990  0.05134150966080206  0.06196328047242863  0.07250994683206778
  0.08309985161657892  0.09367599386807549  0.10426832338095597  0.11510814386753203
  0.12566697968299234  0.13570989333535022  0.14569890631305932  0.15622621744321633
  0.16658413063595023  0.17669457977770242  0.18676540388517066  0.19721408401077556
  0.20791391112903476  0.21843694438468281  0.22904785931121854  0.23977101583540161
  0.25059609842584096  0.26125538162750300  0.27180280088630598  0.28218116647483138
  0.29275148385578581  0.30344315405794203  0.31403607510507497  0.32453239490852398
  0.33516045086122093  0.34587789312158523  0.35647710608451133  0.36698724255902343
  0.37769148561089794  0.38841380040163886  0.39901225252130551  0.40970775425708306
  0.42050575770276510  0.43134427544388032  0.44219961089506343  0.45279523337283661
  0.46320514826695436  0.47359876483541274  0.48418649837505423  0.49480171071056356
  0.50540101777017798  0.51607192389081391  0.52673977688495577  0.53747259223600130
  0.54809342220197510  0.55872495756512697  0.56922714883509506  0.57974027319512633
  0.59022104255092800  0.60068503412541607  0.61117651992757849  0.62160590624771039
  0.63207604809012263  0.64260577168158262  0.65334030606334736  0.66399257273308876
  0.67465943788443739  0.68528811391987421  0.69580098075623042  0.70618178275333388
  0.71653598117266470  0.72711883893631690  0.73767996716135720  0.74825855994094381
  0.75873000971252058  0.76914242161892021  0.77969234644891061  0.79012080440573118
  0.80040051324204442  0.81068597455945512  0.82097702152587526  0.83138551293380114
  0.84155803626750014  0.85170768343131920  0.86230938528064571  0.87290067106616609
  0.88366503304427435  0.89446884093357082  0.90524497698808037  0.91576190352899167
  0.92620901686130541  0.93683115245146709  0.94745554611624616  0.95821215483272315
  0.96876782736817635  0.97928492072317053  0.98953973529921446  1.00000000000000000
 -0.00229311166278859  0.00919348068060322  0.01879602205784007  0.02924415887193301
  0.03960970465039522  0.04973495804491924  0.05975921159851871  0.06991476461740709
  0.08021609966849999  0.09055684115165819  0.10102164868385922  0.11165159545004646
  0.12242190153530780  0.13319626734025766  0.14383812749548136  0.15447867544898419
  0.16502989990111452  0.17549946201668398  0.18596187511901724  0.19642656055010477
  0.20690508366086613  0.21749651126678191  0.22804360879896585  0.23867915342147000
  0.24921087135652253  0.25990642847095663  0.27051577592991971  0.28107165122315714
  0.29164863148878700  0.30225338215379455  0.31289746742574365  0.32349313671549285
  0.33404240673060759  0.34454253441968108  0.35505945307178760  0.36555855495446660
  0.37616981782198688  0.38670635154070032  0.39738734050598973  0.40800137014250476
  0.41864318199566947  0.42936277041668969  0.44009888959211085  0.45095590578022804
  0.46169967480669638  0.47237888090189228  0.48287357868461461  0.49308048899961715
  0.50358863317072455  0.51406430956309390  0.52467924289764301  0.53505588389129255
  0.54548724187794395  0.55613967569878719  0.56678983356654722  0.57741791534906084
  0.58808240687881630  0.59873413882992821  0.60948882991822495  0.62000078387484836
  0.63071144470735252  0.64123045798323242  0.65173986592877409  0.66208769697320979
  0.67254070768538277  0.68308291459181580  0.69361333037170603  0.70406148255221046
  0.71459544753502258  0.72509541949781131  0.73568262753892488  0.74622727564581859
  0.75675223128223057  0.76722469134338789  0.77780163145487191  0.78828400120400266
  0.79886311313396940  0.80935888010269630  0.82008646259223283  0.83053151627395361
  0.84109827199208764  0.85149294917409857  0.86223334511081184  0.87287460599210231
  0.88351891481196110  0.89421103601316976  0.90489223966605781  0.91572572588700174
  0.92653862789506336  0.93725182624592462  0.94803548868154486  0.95859864858338861
  0.96885793793373853  0.97930831522937811  0.98956652413523127  1.00000000000000000
   6.6502201039405214E-008  -1.0000000000000000     
 F F F F F F F F F F F F F F F F F F F F F F F F F F F F F F F F F F F F F F F F F F F F F F F F F F F F F F F F F F F F F F F F F F F F F F F F F F F F F F F F F F F F F F F F F F F F F F F F F F F F F F F F F F F F F F F F F F F F F F F F F F F F F F F F
  <DiscreteSampler_grid>
  grouped_processes
  1 # 1 for a reference and 2 for a running grid.
  10 # Attribute 'min_bin_probing_points' of the grid.
  1 # Attribute 'grid_mode' of the grid. 1=='default',2=='initialization'
  0.0000000000000000 # Attribute 'small_contrib_threshold' of the grid.
  0.5000000000000000 # Attribute 'damping_power' of the grid.
 # binID   n_entries weight   weight_sqr   abs_weight
    10   10   2.779698285131620E+005   5.327604656182577E+011   2.779698285131620E+005
  </DiscreteSampler_grid>
