  0.00227913951629365  0.01653181061990429  0.03025874327935678  0.04254176724802846
  0.05411585684507600  0.06576913367492286  0.07699346321265925  0.08819144809013318
  0.09904290583073999  0.10994056647776063  0.12086935735935048  0.13182750250670111
  0.14273774347177931  0.15368423473756823  0.16470819339905002  0.17551966695635804
  0.18613672414518956  0.19670598739734324  0.20746574797876471  0.21815984383837228
  0.22885017140782257  0.23951952041665234  0.25006525187931516  0.26049687431897733
  0.27097410784708886  0.28151987341461243  0.29207950427523788  0.30257119782147884
  0.31313328419818287  0.32377039944650227  0.33437672498663401  0.34484896394516062
  0.35523247603633290  0.36570080528190901  0.37617612656340016  0.38668225887315749
  0.39725670900238758  0.40790936606285616  0.41850527939644305  0.42894818418200470
  0.43931147071290033  0.44969756978589831  0.46011337040048450  0.47053442534103529
  0.48103577083679977  0.49155375035525473  0.50207297700377440  0.51242564951532932
  0.52276113798831769  0.53325339067262034  0.54392979462871571  0.55469159876550056
  0.56544194561927019  0.57610157217309510  0.58663507187044672  0.59693437841813279
  0.60719830626015814  0.61749984874124308  0.62781552586291611  0.63814528277955407
  0.64861149630280257  0.65921646916856047  0.66966994865966034  0.67992376435334545
  0.69022657372457119  0.70066516788869704  0.71106272189849862  0.72133262071924087
  0.73161772478188947  0.74201982495908525  0.75235714628260519  0.76256609583116564
  0.77276560765392155  0.78290831131122363  0.79295191532933607  0.80300607199889185
  0.81306093291854364  0.82318139997521544  0.83329288140233493  0.84334584169633287
  0.85346504377421084  0.86361806168220312  0.87379271808722692  0.88386595194805240
  0.89385480911110893  0.90382096698041348  0.91379310117833079  0.92370946017589051
  0.93346524548419341  0.94308704304579294  0.95259399347316842  0.96192736045455729
  0.97099582453740907  0.97943197338135535  0.98761183091763960  1.00000000000000000
  0.00217683759285574  0.01680019141400748  0.03055621667700097  0.04248360541946408
  0.05402770986520524  0.06531100542629847  0.07640913189785799  0.08737559243845276
  0.09849047253459145  0.10928575845196120  0.12013739093245220  0.13095842523377033
  0.14182374429126637  0.15242097488410353  0.16301016423063780  0.17361599284575449
  0.18427625134034123  0.19497998927456991  0.20565290645485076  0.21630790357377164
  0.22694316823549776  0.23761673230446875  0.24844053698852703  0.25921359011158679
  0.27006018596467202  0.28080812183602671  0.29163207026973625  0.30225031318066564
  0.31276972847269174  0.32324258270524592  0.33374421802054355  0.34425802040463244
  0.35477257688405484  0.36530947340366265  0.37579221211552438  0.38619491904767694
  0.39671325878625285  0.40735510799052954  0.41810439779045105  0.42870870551800966
  0.43920161394643586  0.44968924820436357  0.46017710431110437  0.47061460875692890
  0.48102591101526615  0.49141678893113627  0.50176422158383582  0.51209569834329660
  0.52253284958143509  0.53311535068651639  0.54369862790215373  0.55422033695994743
  0.56470190078166527  0.57517269915152835  0.58560872647223938  0.59601242419089895
  0.60645316038892150  0.61694833485580658  0.62733329684282024  0.63749825437139951
  0.64756011013510251  0.65770057856014985  0.66798048243311758  0.67835577358618959
  0.68878377008336900  0.69921061705506760  0.70958424472459380  0.71991492092828380
  0.73026457481910756  0.74061716283809509  0.75094665918032633  0.76126588346220891
  0.77154258274976550  0.78179959545607614  0.79202031696774544  0.80222345322003163
  0.81240209034906219  0.82264403494538652  0.83287458703490003  0.84308134812792956
  0.85318692267576501  0.86330423423146940  0.87334294919258670  0.88325719327095786
  0.89319962087468208  0.90315903931454256  0.91308127026627273  0.92274933217814714
  0.93227225399190294  0.94170386982979148  0.95106674310143480  0.96029115783281616
  0.96925060534404339  0.97779018851648891  0.98575357751608228  1.00000000000000000
  0.00881725251336655  0.01047221779339435  0.01161232241062439  0.01266348147374662
  0.01372816453456450  0.01482724467267500  0.01600732954263537  0.01729247507788574
  0.01854259099905094  0.01984881369409584  0.02119364693612084  0.02249761473115559
  0.02371705602326251  0.02490828605864077  0.02608496122397819  0.02717445697538842
  0.02826426432494878  0.02945001774543771  0.03065583344966037  0.03187663906174877
  0.03313098841509624  0.03442138529878021  0.03573779877982218  0.03707653895722422
  0.03844655824041412  0.03985565681927098  0.04130448164694394  0.04279838379669352
  0.04434571183679147  0.04594140237497019  0.04758188635043219  0.04927069126124235
  0.05101003727321850  0.05279677662891258  0.05463737833225012  0.05655326581705888
  0.05855869871349197  0.06064866419818886  0.06281259017659997  0.06505499376088872
  0.06737640905903859  0.06977782243823379  0.07224584169347392  0.07478046680037302
  0.07739124564089377  0.08008826849627827  0.08287508247154524  0.08576106242279406
  0.08877182238658748  0.09192415920449971  0.09521263432740790  0.09862475354737307
  0.10215609512525176  0.10582685932005546  0.10967437418967062  0.11368535005514552
  0.11785528905730425  0.12218940794540008  0.12672928880999729  0.13147088720535891
  0.13640424048875061  0.14155743097407458  0.14694989281428350  0.15258907810277872
  0.15849515526431826  0.16467796053773784  0.17113453366160378  0.17794274242398730
  0.18510327394746684  0.19268744249637956  0.20067363182660608  0.20921141311044461
  0.21826494277157080  0.22778897769136250  0.23786870432619439  0.24858869708884565
  0.26000417774262208  0.27216948133715108  0.28514747201178864  0.29894629864520461
  0.31359042322733988  0.32920725687659280  0.34602778246795751  0.36427881226650355
  0.38425552005006519  0.40628953938290036  0.43075481544315225  0.45802544635123005
  0.48866454393598452  0.52346976295989767  0.56404784450087853  0.61354056605938734
  0.68023288188540099  0.78154508292215652  0.85370559179985706  1.00000000000000000
 -0.00099642570761910  0.00387586426414026  0.00916925096092635  0.01437240939323041
  0.01962048575230304  0.02494578799301464  0.03032214278749289  0.03570974466779422
  0.04113702325225798  0.04663161080129420  0.05216942157183620  0.05775687841432418
  0.06338543427946049  0.06901841251247841  0.07466989648513629  0.08034214361694930
  0.08607733690695393  0.09190675973771194  0.09778903455411861  0.10371654184446868
  0.10967245433493052  0.11565374614559623  0.12165768871814792  0.12766766249856878
  0.13370975523321080  0.13984963204898065  0.14610141966976201  0.15240531385987952
  0.15870116494968456  0.16494530446096270  0.17121947100142718  0.17754644807828965
  0.18400198638476586  0.19061199544053425  0.19732194490904437  0.20408146701593161
  0.21087699139868560  0.21775745138183886  0.22469568500799272  0.23170762924579405
  0.23886111957575340  0.24608770403696409  0.25344819608023167  0.26081948492165069
  0.26829213963987802  0.27584474688079796  0.28343847574828163  0.29109154280550964
  0.29881691470222416  0.30667771666211235  0.31461144099033506  0.32258834153474503
  0.33064732952879461  0.33873497762849036  0.34694846335286478  0.35532129621302239
  0.36387881916233911  0.37252896009969116  0.38119826307651306  0.38994202283985402
  0.39884463289013183  0.40787297991061522  0.41702154044520828  0.42626596143282525
  0.43572640656264472  0.44539613261519606  0.45528973575041409  0.46534108648306749
  0.47556259169158260  0.48594975819603115  0.49660261757913271  0.50753566255899563
  0.51873686748890069  0.53011242689354288  0.54177194914051918  0.55377591738873000
  0.56613724215204919  0.57878670795410547  0.59187179929092526  0.60541954212131477
  0.61941224674308704  0.63393331020618426  0.64892154501256061  0.66443656962776210
  0.68057718424254332  0.69751257762277907  0.71525794497940476  0.73389858415684539
  0.75391361129316303  0.77561012146252972  0.79900619375263038  0.82453897509271357
  0.85349901379226412  0.88765140105601303  0.93307645475324608  1.00000000000000000
 -0.00230258792812383  0.00912646486680623  0.01933909361623316  0.02998260122063175
  0.04063218226843895  0.05103043956949795  0.06146919799619283  0.07193182594664062
  0.08253348853086304  0.09333665759430711  0.10394793236950473  0.11442315197600696
  0.12470485519245129  0.13520914513640264  0.14573090485322429  0.15615024766257007
  0.16658695959086861  0.17719888606807696  0.18786377757198039  0.19841926186412401
  0.20896154951979695  0.21953886722307764  0.23004040487256955  0.24062126981474505
  0.25112980805567608  0.26161973384580534  0.27216478109111708  0.28281376106917949
  0.29359260919474073  0.30408400838127292  0.31469315261333719  0.32539176362589028
  0.33599835301911640  0.34649795675402550  0.35688714906065844  0.36759759185095064
  0.37830013651083405  0.38887831852789245  0.39941305590398896  0.40978594626914655
  0.42035789384207628  0.43074784824776619  0.44117306923872229  0.45162079253307763
  0.46194246827501612  0.47234595079670605  0.48267369452205761  0.49317086986791009
  0.50360394174499523  0.51413325575596758  0.52468809542059547  0.53537504115932000
  0.54602394451397840  0.55659656265300539  0.56717584332623661  0.57764017865095707
  0.58822125588331708  0.59872403333032942  0.60937628294831381  0.61987484954630834
  0.63035785499677810  0.64068960629980165  0.65109421592869599  0.66146653399622080
  0.67189580721582409  0.68257455698422353  0.69341014014754943  0.70423180076785430
  0.71479246972822363  0.72518478048025869  0.73559724328623721  0.74607053268379275
  0.75668898517588246  0.76726193528779751  0.77785937637248592  0.78842054373679060
  0.79912458473703929  0.80987830668556460  0.82034136493646514  0.83086679672891117
  0.84135137724919706  0.85207151156168337  0.86254471431911162  0.87302515486667920
  0.88338536557376579  0.89368233287656185  0.90433354019243173  0.91483109428136244
  0.92564405867073629  0.93597477436151355  0.94674824406944702  0.95736016110646716
  0.96793528768137060  0.97872536495099405  0.98933587692099356  1.00000000000000000
 -0.01384981327457670  0.06290519852395135  0.10865292869071556  0.14349596460951922
  0.17270388603795933  0.19862880645073355  0.22239018263036114  0.24434060547982406
  0.26453252736551419  0.28349059418362005  0.30143640267854593  0.31846214093157910
  0.33462316705261724  0.35006003673639857  0.36492448973070712  0.37947507712627881
  0.39350715486827359  0.40707057495692006  0.42015217606252342  0.43280750543950924
  0.44506669288250700  0.45709367383194877  0.46884949573335644  0.48022094940034438
  0.49115154081237550  0.50187591882854965  0.51247080291809233  0.52286713216240388
  0.53306968374251129  0.54317604247539963  0.55325177636467437  0.56311796979193207
  0.57268282782369184  0.58196782677180936  0.59107545771957093  0.60006041834331458
  0.60899751533032076  0.61782896508778140  0.62649185941166685  0.63491235591244488
  0.64313501583307053  0.65132909778279424  0.65952695075316603  0.66770595602901262
  0.67577054931428149  0.68373882234066208  0.69159392251178065  0.69931181987989222
  0.70692904191606487  0.71453432558478058  0.72207904688845259  0.72955828494598185
  0.73694922170964783  0.74424072005170760  0.75142388170342589  0.75850720123545723
  0.76555632189253242  0.77253154388867562  0.77949484045583251  0.78641102621248127
  0.79326174191540511  0.80001420986564664  0.80666169056415371  0.81322664200243189
  0.81972615596546072  0.82618585902820196  0.83259483047022365  0.83897711288866950
  0.84536015119292651  0.85174268648529439  0.85802764203519344  0.86428547139220102
  0.87050541907794665  0.87666024954083710  0.88273400764750209  0.88870398845060683
  0.89461227118853326  0.90048815616100397  0.90635004984994583  0.91218809569514203
  0.91794216603055112  0.92362466870383220  0.92930399704777411  0.93497420511707252
  0.94060884536218947  0.94617360088296310  0.95168579839312228  0.95718428534614930
  0.96266839033417806  0.96811594956671554  0.97349467395016898  0.97881410054789375
  0.98412329164616907  0.98942560099959498  0.99468842154658554  1.00000000000000000
 -0.00232818234241081  0.00929404583098348  0.01906398333563471  0.02958574306666865
  0.03994650992153771  0.05056199035195418  0.06097410647878798  0.07161970316638074
  0.08219227279428132  0.09274830638906878  0.10313674816031673  0.11369702553326343
  0.12428417295057635  0.13494115528365436  0.14533520324106938  0.15585634046904182
  0.16631718591722408  0.17696610756520645  0.18769812576366907  0.19856118955750696
  0.20936475749060468  0.22028137745459669  0.23092137647331654  0.24158687127490758
  0.25201570249252780  0.26251466508221949  0.27295694303022910  0.28336948658022726
  0.29375303569574873  0.30409346153711353  0.31437117093165567  0.32473649176906633
  0.33512498845393829  0.34562970431907475  0.35610779516995361  0.36671424853496076
  0.37728623069841372  0.38787533780567157  0.39828877973387178  0.40889591649756030
  0.41941411300732134  0.43006935279049596  0.44070161991437695  0.45140533441315323
  0.46195476600893537  0.47244668388893063  0.48279577227624659  0.49318954372265617
  0.50356485183036481  0.51380818707306675  0.52421568830549270  0.53465371653707228
  0.54518337594258981  0.55568509946748512  0.56619360365338234  0.57677680582619950
  0.58735273226083740  0.59788858766778064  0.60843778052999364  0.61909998047891479
  0.62987060431866282  0.64064120562815408  0.65149502199617138  0.66219396492874394
  0.67293427303554620  0.68343913330981998  0.69415991634378205  0.70497506499992135
  0.71560918769380844  0.72630340030279283  0.73669263988559608  0.74707094980719324
  0.75737540252957691  0.76779779914135671  0.77837533261311276  0.78901392737025600
  0.79954695362128703  0.81000879950865901  0.82066162959010092  0.83138876139879092
  0.84221405787558812  0.85285325427323233  0.86348330856452871  0.87405248368663713
  0.88472013810955119  0.89531716553559559  0.90591380102459651  0.91636995217869721
  0.92695930891175005  0.93740173656797343  0.94804750994656273  0.95861074529233581
  0.96906743215022051  0.97949087375490373  0.98976214781718475  1.00000000000000000
 -0.00225056285042133  0.00887873936029130  0.01913862245375677  0.02988236120525879
  0.04074184561090895  0.05132105787510541  0.06192821698948060  0.07244130077888354
  0.08301536451722137  0.09362801679090196  0.10420731328697062  0.11469257315530909
  0.12511662803898604  0.13559444051532837  0.14599530179412382  0.15649872214604796
  0.16690603854580810  0.17741495906898136  0.18791510293213493  0.19854804476166696
  0.20916085652973662  0.21968431019213799  0.23030478318821310  0.24104499091633416
  0.25194806413624427  0.26276101643683508  0.27330155719589028  0.28373967328297744
  0.29427101601752920  0.30481646121000189  0.31532518936801623  0.32579930392506939
  0.33623913067211209  0.34678554191705424  0.35734829850805844  0.36794904716063925
  0.37842516539405863  0.38888174445983736  0.39929611582195285  0.40967564333930129
  0.42011967655531723  0.43055786998483586  0.44102631991113256  0.45156556101762202
  0.46226533492598110  0.47308490719253443  0.48374609061031210  0.49434193984944108
  0.50486508089648663  0.51543377585505346  0.52606346818521132  0.53667334783207188
  0.54725377723363455  0.55781266925622963  0.56835126716950812  0.57869849286936859
  0.58908307199225685  0.59934382069640757  0.60982559163825045  0.62032595187727091
  0.63090193312288778  0.64157220210884580  0.65226517513230120  0.66287607880547794
  0.67344321646693162  0.68400757733523743  0.69470513206794060  0.70538178411927765
  0.71583699420634928  0.72627848847636245  0.73650833542086447  0.74663636901640085
  0.75677473550894958  0.76695955362446211  0.77752043526186487  0.78817771613316534
  0.79885686555423796  0.80951852144132597  0.82000638166474160  0.83053015879519254
  0.84118236402159041  0.85191545364165722  0.86235410285257652  0.87273238139855080
  0.88330636731297085  0.89385994708883709  0.90443010008366764  0.91472644453482177
  0.92535193415149053  0.93592904253824105  0.94666660481047837  0.95722141133967409
  0.96784647752676056  0.97860851913267666  0.98926027369225289  1.00000000000000000
   6.6641178992036205E-008  -1.0000000000000000     
 F F F F F F F F F F F F F F F F F F F F F F F F F F F F F F F F F F F F F F F F F F F F F F F F F F F F F F F F F F F F F F F F F F F F F F F F F F F F F F F F F F F F F F F F F F F F F F F F F F F F F F F F F F F F F F F F F F F F F F F F F F F F F F F F
  <DiscreteSampler_grid>
  grouped_processes
  1 # 1 for a reference and 2 for a running grid.
  10 # Attribute 'min_bin_probing_points' of the grid.
  1 # Attribute 'grid_mode' of the grid. 1=='default',2=='initialization'
  0.0000000000000000 # Attribute 'small_contrib_threshold' of the grid.
  0.5000000000000000 # Attribute 'damping_power' of the grid.
 # binID   n_entries weight   weight_sqr   abs_weight
    10   10   1.629750178691730E+004   9.858357600377550E+008   1.629750178691730E+004
  </DiscreteSampler_grid>
