  0.00232038134649023  0.01646137392676300  0.03043521545369956  0.04250277433924793
  0.05436360989953952  0.06591341354632053  0.07719354607899967  0.08828631598641203
  0.09919262146570719  0.11013820065708842  0.12107950644689595  0.13188232695973001
  0.14270022477553818  0.15365475639102980  0.16472860070083267  0.17575823776349844
  0.18669106787552012  0.19750086855430193  0.20818176850375353  0.21888705612156831
  0.22971115457651975  0.24050385438493649  0.25116770896574186  0.26188383374596813
  0.27258812964397955  0.28333514594894949  0.29401860634530680  0.30463283908070388
  0.31518303718286689  0.32569904363025498  0.33622650961455752  0.34692049695120503
  0.35758029810460146  0.36829442280683017  0.37893479899775007  0.38950424626073243
  0.40000603383676780  0.41044315844736151  0.42093781862785673  0.43150749672256877
  0.44207073106402917  0.45254793421360967  0.46299180242618931  0.47356775322213002
  0.48420555218349887  0.49482677542701087  0.50540166525777119  0.51588680717004720
  0.52632321381335689  0.53668152034744099  0.54716776604110551  0.55775465889442100
  0.56823149440144005  0.57871605245740709  0.58919089741305752  0.59968146764150920
  0.61007670206163744  0.62038812259352272  0.63064830277774309  0.64083957850997486
  0.65110438456066000  0.66143614394931738  0.67180169287771219  0.68211022512952846
  0.69242885315121583  0.70289434012823715  0.71343290027680195  0.72401033714402874
  0.73452406494513722  0.74506835909886726  0.75553461013854928  0.76588491447226215
  0.77609849154222676  0.78631729677245488  0.79651378997302869  0.80670219228683149
  0.81689730332311383  0.82712757677035709  0.83716587010082655  0.84705880538453726
  0.85699304721777125  0.86701217987147827  0.87704366067170525  0.88706150767863157
  0.89707832167067159  0.90701326219247613  0.91688492545917943  0.92669780968450632
  0.93639392343456063  0.94596345381251790  0.95534973435582016  0.96453016087730681
  0.97332950389389039  0.98145274670762861  0.98949499341838321  1.00000000000000000
  0.00240197927204524  0.01636134823347489  0.03034504260816513  0.04289863702250709
  0.05503781769781669  0.06683304109379475  0.07808941627854502  0.08933227935113142
  0.10046805716650939  0.11142110757151884  0.12212366988038435  0.13290481418121386
  0.14368686821333365  0.15439193721510278  0.16507030019625180  0.17585139668997077
  0.18673536071337071  0.19735785024129929  0.20794937022016938  0.21848794088921603
  0.22891102841880639  0.23945105039489836  0.25013119539613465  0.26092712237908089
  0.27175237198777885  0.28251443322153175  0.29322969887854350  0.30377865733922027
  0.31426490163199494  0.32481279766370974  0.33547849782110528  0.34630623674906036
  0.35716040637933638  0.36797832741467623  0.37875301986340820  0.38940633911330663
  0.40013522549667097  0.41082969633433813  0.42145901205889541  0.43209493709492708
  0.44277014089893540  0.45355596964274558  0.46429660615619234  0.47496898454122888
  0.48552068314799041  0.49602406548744132  0.50656728951778029  0.51707960731292624
  0.52760707024198394  0.53816972373454164  0.54891787375743939  0.55966619417184782
  0.57041354710912440  0.58123493921609815  0.59197138627786916  0.60263659802741487
  0.61321591418442090  0.62383184911432921  0.63434408839033285  0.64489966132515064
  0.65543498991933757  0.66591229933845109  0.67623888961729794  0.68648740417771126
  0.69686284325096315  0.70732832299764992  0.71780186556653691  0.72825843021642667
  0.73868183532710585  0.74924182396870054  0.75989348511073751  0.77060060426226118
  0.78110170349530528  0.79152748435611586  0.80177419064652344  0.81198304349190498
  0.82225130799981228  0.83238394218478562  0.84243461307444067  0.85250868808909896
  0.86273129961256556  0.87299883814300117  0.88303256050386247  0.89299450258959490
  0.90302162490274385  0.91312452768089725  0.92318735545550989  0.93318649379700291
  0.94312918196456885  0.95287650302118454  0.96225908244731506  0.97124188038278669
  0.97966956902483093  0.98708868535881777  0.99329697362483249  1.00000000000000000
  0.00911440603973487  0.01053083654659196  0.01150297052137357  0.01253808716356724
  0.01365663431768731  0.01483339702704558  0.01605232129846599  0.01727915731855355
  0.01847732891336182  0.01971594860337730  0.02099154836920846  0.02231511838800746
  0.02361609889203662  0.02480960323712446  0.02588834152008333  0.02687765134580881
  0.02792436100475499  0.02911496229831212  0.03035789630015223  0.03159979174672665
  0.03285822999287378  0.03413516711118075  0.03544189699619939  0.03678762584577340
  0.03817046722518427  0.03959438692498596  0.04106241418500022  0.04256735307598115
  0.04411271554926706  0.04570660529947120  0.04733961597265056  0.04901016124469372
  0.05072802540664802  0.05251611737217407  0.05438341641895877  0.05632258976236072
  0.05833228776990077  0.06039794628201035  0.06251344030350052  0.06467701899523003
  0.06691015598641510  0.06923041914129939  0.07164462401486599  0.07414966755624597
  0.07674065657946491  0.07943469093598857  0.08225280290612905  0.08520359379027384
  0.08827768789449948  0.09146194172099512  0.09475867918788251  0.09815795605428028
  0.10167651982022806  0.10534948882004322  0.10919249487985477  0.11318409526210030
  0.11732390566784758  0.12159318779868351  0.12603716893339237  0.13071251853838095
  0.13565504476568427  0.14084596205453215  0.14628878175845389  0.15197707109282482
  0.15790495963502627  0.16408872076079509  0.17058160056825164  0.17737793732464421
  0.18447474946506898  0.19194500851478982  0.19986995317178768  0.20826112408843439
  0.21716045655435559  0.22655235663128082  0.23651295237829753  0.24708819989716771
  0.25838328467535293  0.27031344068455693  0.28296097215119148  0.29658369242087007
  0.31133173264789160  0.32722040693017806  0.34441112492619219  0.36298371275146835
  0.38314812234273832  0.40536395837540035  0.42988852841669895  0.45700524010949956
  0.48737777096854429  0.52196039986370002  0.56202429213657878  0.61042072869888342
  0.67359902467105404  0.77648845864382521  0.86815954744856261  1.00000000000000000
 -0.00105034138981067  0.00399812271375193  0.00930573608424046  0.01458789550017569
  0.01990273334673951  0.02532079679078381  0.03079855079424041  0.03629256788354763
  0.04179306575605798  0.04732033686251215  0.05291268440354160  0.05852559507709001
  0.06413899026634645  0.06976981759872787  0.07544513693681183  0.08117836666982288
  0.08696415120332233  0.09280029242498908  0.09869099466855892  0.10457534419143587
  0.11046180016990614  0.11638705693260187  0.12234312042572365  0.12836439229894739
  0.13448507307202218  0.14069196471385487  0.14695327249573267  0.15327476058673170
  0.15965404813073164  0.16604021686980919  0.17242329792465538  0.17884335015502145
  0.18533426651902196  0.19193077371441405  0.19859355486691938  0.20528911337672764
  0.21205922080490272  0.21890226389267695  0.22584511423465792  0.23280903624434882
  0.23980087187425861  0.24683609560985659  0.25399766939753876  0.26139188289469095
  0.26888305431721543  0.27631771825370199  0.28374289086164417  0.29120030555580062
  0.29872550521250391  0.30627990601339117  0.31388950604245297  0.32154591883001837
  0.32936789723321441  0.33733539638476800  0.34545280622674335  0.35368400379928006
  0.36206420069065276  0.37058578679327231  0.37922753001686355  0.38800182214010315
  0.39694464408656338  0.40610110827418611  0.41537156729709912  0.42479289874535842
  0.43433219971638160  0.44412570713593230  0.45414217036784366  0.46433831657772789
  0.47466274080528092  0.48518920159232320  0.49599891530486723  0.50706500095072105
  0.51831705452209786  0.52981425462120435  0.54162558547817352  0.55379575022714489
  0.56636811163512812  0.57925999709431819  0.59224899998257119  0.60544872105920022
  0.61917114369945492  0.63341691552613266  0.64819565994636208  0.66377206942986433
  0.67999642483642697  0.69700208286991161  0.71483620595585484  0.73349756050703618
  0.75335789291925259  0.77481727008577117  0.79815973450196209  0.82392897378423535
  0.85342535823262344  0.88800151323025023  0.93362250281393522  1.00000000000000000
 -0.00233610110411995  0.00922475807222203  0.01918829116732667  0.02940652852392897
  0.03983163650185686  0.05002864561048934  0.06013251272097660  0.07040840767632171
  0.08063410072704910  0.09088435208525884  0.10121171505855783  0.11178065447436382
  0.12281941474120228  0.13375556396276836  0.14449111528127637  0.15493157225942700
  0.16534629302485154  0.17564467304788256  0.18613489779381384  0.19654328376336713
  0.20714502696424589  0.21753163205173853  0.22794459249326163  0.23835810340901817
  0.24872963853932598  0.25911041805313462  0.26967138528329021  0.28038868034973496
  0.29114537428110771  0.30166630010580581  0.31214016627178903  0.32254463617914964
  0.33304580762462932  0.34354704414050735  0.35414366204424930  0.36473774935663672
  0.37542747507177288  0.38602400484024540  0.39646288685952902  0.40692679151536554
  0.41744436716080646  0.42796116637668280  0.43856545064886698  0.44906771409747076
  0.45964992912887209  0.47008104312263449  0.48057989940606910  0.49112957485143277
  0.50180020701755945  0.51238593492629037  0.52289403592570127  0.53330375950297104
  0.54374139558797951  0.55430340788863897  0.56503482313985010  0.57593388122259404
  0.58681468933874636  0.59751260940844286  0.60805988284485324  0.61844337065232369
  0.62883572470409321  0.63941966644432535  0.65008731810836817  0.66079130963559740
  0.67147223151826640  0.68209608773542141  0.69282263980814929  0.70345235783723381
  0.71407481177848231  0.72476438589692205  0.73544264191107933  0.74628325539656915
  0.75696683781787610  0.76770756761264791  0.77831642590636363  0.78913535346425201
  0.79982858334460694  0.81062855300869852  0.82099580663593119  0.83163628840725179
  0.84205785534172728  0.85271080835372104  0.86303049175354418  0.87361173909134449
  0.88418950753229508  0.89484616469156231  0.90525332143034642  0.91580161828675366
  0.92642298217271724  0.93701792360352076  0.94730166102085134  0.95756750058214024
  0.96849088619049439  0.97911231858605863  0.98966606839542093  1.00000000000000000
 -0.01397745326678131  0.06310961260634607  0.10919232544489216  0.14492634681581451
  0.17492657109416004  0.20102314280233932  0.22439273298567528  0.24589458609459711
  0.26594955336776055  0.28465081777826295  0.30236182899158204  0.31930021526326335
  0.33548472858258593  0.35109023565854330  0.36606212429474022  0.38046101928108245
  0.39428125584439211  0.40767265766026306  0.42071266528761597  0.43347014016137703
  0.44598008897139924  0.45821507936559602  0.47009120227306583  0.48163605750187216
  0.49289242154537183  0.50393429498938225  0.51476081996504330  0.52527709662025246
  0.53552295479791900  0.54555156849627617  0.55552651905998951  0.56540338337176443
  0.57513874858811642  0.58463030489794365  0.59394938495844762  0.60313144742369296
  0.61223312653886608  0.62121506534395599  0.62993627856498913  0.63840036508587061
  0.64670978717801975  0.65485424963533456  0.66293536297709821  0.67093526765590239
  0.67889851412538849  0.68672541738192650  0.69446852948784610  0.70219123822124463
  0.70979544805025574  0.71725854113077958  0.72458752260527759  0.73192255891078550
  0.73924448039673762  0.74656230363761844  0.75386204133658097  0.76109226612100755
  0.76819838710413746  0.77517574405311085  0.78208208932803591  0.78889141747376135
  0.79553276967316100  0.80205671155997571  0.80854410065005233  0.81501315470512292
  0.82144038205942460  0.82781853197932975  0.83417032336814068  0.84050020062610642
  0.84673808483798096  0.85288297893707610  0.85900203798756936  0.86513046136101590
  0.87126283770784874  0.87733456297167101  0.88332162148555615  0.88922426357737472
  0.89505083268350361  0.90083923542999578  0.90662700573787769  0.91242038582320018
  0.91819143664558567  0.92392666328334705  0.92961092108768850  0.93526048904913306
  0.94087034682373616  0.94640414487374036  0.95185764746206925  0.95726870914372897
  0.96267389205241616  0.96808263190969723  0.97349371977732269  0.97887366038759127
  0.98418562096517503  0.98945241981448995  0.99478194879918025  1.00000000000000000
 -0.00227627812152397  0.00903340763319363  0.01935165934893619  0.03001086685947413
  0.04085362925415986  0.05163812651192539  0.06253108470606658  0.07329130692843032
  0.08397846021443686  0.09481258882623569  0.10544890672959799  0.11619710890895529
  0.12665492302804940  0.13728104700358865  0.14770266443460456  0.15815642162664040
  0.16865308931922923  0.17930350431717573  0.19001236056134324  0.20060377138088964
  0.21102378250587650  0.22143764122374740  0.23196149860629889  0.24266536107834086
  0.25326056969022215  0.26375738979457630  0.27427791670033469  0.28486048747935333
  0.29533114165304025  0.30562696657544663  0.31614769146827371  0.32689358004234503
  0.33766915222001853  0.34826403989961069  0.35872639866537703  0.36930939586010691
  0.37995512774482143  0.39057269752736595  0.40109681898188276  0.41152908436419267
  0.42196076808040395  0.43252315800744734  0.44313829476839917  0.45373977464661697
  0.46425502677957098  0.47482094757875115  0.48536466808585504  0.49592183642203752
  0.50649972758472961  0.51697479202000229  0.52741572171344286  0.53781536217402270
  0.54827098723548340  0.55866386300926918  0.56909125993105536  0.57954846024709084
  0.58988217657198638  0.60006659211656088  0.61041712634943357  0.62088189254185822
  0.63138058120526253  0.64152625222417536  0.65179788854807252  0.66209178368916388
  0.67258634879558377  0.68316455450273406  0.69371266365822670  0.70441117823012378
  0.71502149142475568  0.72579091942743035  0.73636246765223212  0.74668972651605803
  0.75729087977572174  0.76817123480350791  0.77887515946523422  0.78945278088034976
  0.80013253818244856  0.81111042073925432  0.82185691159728014  0.83259102033414312
  0.84313056687666510  0.85374916146480584  0.86427767431487512  0.87471664331176857
  0.88508063287736694  0.89545715649276869  0.90589461224521672  0.91629842504244641
  0.92666919284097449  0.93696321692385165  0.94745585196324933  0.95796024352660436
  0.96827143237938129  0.97907795317186774  0.98961940748656463  1.00000000000000000
 -0.00233788747122869  0.00924339982332096  0.01919915680203651  0.03000841878841314
  0.04074328562054309  0.05167522049051072  0.06239109112431245  0.07306442743220833
  0.08378037696127469  0.09459932433691175  0.10530934345480034  0.11586299933016500
  0.12652545877549626  0.13710111098684516  0.14771262875991542  0.15806335314821901
  0.16863457191242037  0.17936048123437792  0.18998491980466184  0.20060754397505004
  0.21114955348605105  0.22198689619482456  0.23275786734845738  0.24352340127739708
  0.25407707170151334  0.26458109063421831  0.27506077665449447  0.28557584859109886
  0.29605452356800366  0.30651675006759299  0.31696871123194698  0.32748228788783712
  0.33802279254959938  0.34864981893435365  0.35935773369802521  0.37010793647597562
  0.38081712495434511  0.39141417798138478  0.40194713666859577  0.41242093458870721
  0.42290341559122074  0.43349839846767046  0.44414067851491018  0.45467664740969371
  0.46509595701789747  0.47547066813965705  0.48583186184429422  0.49607492477833715
  0.50626324299868586  0.51656344140671329  0.52709430524093548  0.53768123445211913
  0.54825523509786178  0.55884331137568743  0.56940978358888450  0.57987109397001801
  0.59020446410061789  0.60047490287564209  0.61081506952090114  0.62116043872002435
  0.63170935966249520  0.64230558903363333  0.65287445306998504  0.66348403969413061
  0.67425699352367385  0.68484304311745103  0.69537512230818388  0.70581436081976179
  0.71642374083742899  0.72692604009446038  0.73725544548777222  0.74746111448317276
  0.75782894730165651  0.76801112396893856  0.77856807765824798  0.78867747933237053
  0.79967748320989396  0.81071673326712890  0.82116792227570845  0.83176945447679174
  0.84234634831004063  0.85297354944679404  0.86351112327050150  0.87394111756675597
  0.88449406851669865  0.89510551635036339  0.90550482186664949  0.91610196554770273
  0.92652069989224639  0.93690570941735896  0.94729835086731895  0.95770821645197313
  0.96821366751600157  0.97881636928218152  0.98939032249584724  1.00000000000000000
   6.6689828812046088E-008  -1.0000000000000000     
 F F F F F F F F F F F F F F F F F F F F F F F F F F F F F F F F F F F F F F F F F F F F F F F F F F F F F F F F F F F F F F F F F F F F F F F F F F F F F F F F F F F F F F F F F F F F F F F F F F F F F F F F F F F F F F F F F F F F F F F F F F F F F F F F
  <DiscreteSampler_grid>
  grouped_processes
  1 # 1 for a reference and 2 for a running grid.
  10 # Attribute 'min_bin_probing_points' of the grid.
  1 # Attribute 'grid_mode' of the grid. 1=='default',2=='initialization'
  0.0000000000000000 # Attribute 'small_contrib_threshold' of the grid.
  0.5000000000000000 # Attribute 'damping_power' of the grid.
 # binID   n_entries weight   weight_sqr   abs_weight
    10   10   2.346547608032164E+004   2.082866959030202E+009   2.346547608032164E+004
  </DiscreteSampler_grid>
