  0.00228920673313335  0.01654592610337084  0.03013448127283417  0.04198686408542265
  0.05366935865701417  0.06515677378725634  0.07637408026298960  0.08733484759648626
  0.09827167735680956  0.10908717581305001  0.11984098684444575  0.13067448592970740
  0.14161054869605122  0.15243815655271747  0.16320284332164753  0.17397700055998983
  0.18469062112399848  0.19516944845351070  0.20551725737911505  0.21594546053759942
  0.22648195191827877  0.23701891533205943  0.24753420298045029  0.25813377335130266
  0.26879148605236447  0.27948748186349298  0.29013071409865221  0.30089009325086635
  0.31174794545033702  0.32263132146012952  0.33343187056966794  0.34410575880547511
  0.35473987224024978  0.36541276678768309  0.37606821188159550  0.38670403651536839
  0.39734283189837927  0.40799296785815042  0.41866972577201411  0.42931390689473670
  0.43995576246041967  0.45059079487046833  0.46128060171372509  0.47197380283165974
  0.48261163523960166  0.49313598200716741  0.50357273907979028  0.51399180560307378
  0.52444832804719355  0.53499024411008023  0.54553992178121191  0.55598009191926312
  0.56628687757295360  0.57650793231585296  0.58665664355826352  0.59676408985503226
  0.60694867553749865  0.61731727796367830  0.62776452316672071  0.63823991647183398
  0.64870840430854737  0.65910857290841096  0.66943753184871646  0.67975082152226562
  0.69010483253907007  0.70050537007956426  0.71091469735295931  0.72130307775539804
  0.73162990813328865  0.74188323133093736  0.75211937998012490  0.76239995173279529
  0.77272241366202288  0.78306585600723833  0.79329481772911314  0.80341282476371056
  0.81352160433498133  0.82371507345336270  0.83393350108978337  0.84408718895178225
  0.85413492843485628  0.86422204113408896  0.87423482638031758  0.88417940952105156
  0.89409543950900827  0.90403572445887936  0.91401716934326960  0.92391584690419526
  0.93370359970835259  0.94338161470134507  0.95289757626670857  0.96218013029072125
  0.97107093307592340  0.97937208170906720  0.98750302644499210  1.00000000000000000
  0.00244085380059781  0.01618864525805414  0.02983844065943818  0.04189252334756854
  0.05359551444872868  0.06493062628567868  0.07601033476856141  0.08702952876919348
  0.09809369374576216  0.10923735421682433  0.12040958535248515  0.13145685288509287
  0.14235083968243886  0.15322633085494905  0.16417829080540192  0.17503921172338541
  0.18581329060517757  0.19658383374439126  0.20742168486146498  0.21832467254246399
  0.22925265705517964  0.24011640157461028  0.25089124116782258  0.26145582614469459
  0.27205519504358361  0.28257488685524884  0.29310027704710956  0.30365478488643027
  0.31433455067839045  0.32506640330642017  0.33574639028501241  0.34640739699089390
  0.35695543725181739  0.36726738650051022  0.37760628446674704  0.38791733904205439
  0.39818846299376282  0.40849284319155099  0.41894335075024702  0.42964845530533818
  0.44031410653421416  0.45084572268698564  0.46128609676821852  0.47173724879007001
  0.48208394972993518  0.49226092258039539  0.50243354970002962  0.51266592588692084
  0.52282289622412614  0.53295638703531290  0.54324356592812750  0.55376817537209000
  0.56434269061984232  0.57482370173409902  0.58528938367784034  0.59575815317658931
  0.60621774639250847  0.61664814053734829  0.62708498751093567  0.63755991722394845
  0.64804653967955717  0.65856110477434537  0.66908417628057637  0.67966297500213835
  0.69024225263760974  0.70078902637006157  0.71126032503817105  0.72168062442872261
  0.73212310623367760  0.74260377828341939  0.75295922452966069  0.76314351622948318
  0.77320806303284628  0.78332842973303551  0.79346694278765517  0.80364371173748339
  0.81384732688627393  0.82411259663468095  0.83438393109649223  0.84456124925170539
  0.85466788402481331  0.86477918658639208  0.87485334513894653  0.88483047451422614
  0.89468033828635241  0.90449017883652783  0.91428645940974940  0.92409869529177868
  0.93386946365557277  0.94359841222658614  0.95321146891305164  0.96261236543279705
  0.97160684328705393  0.97997098748976597  0.98833083769961483  1.00000000000000000
  0.00692927860162898  0.00850075359614827  0.00960756219017145  0.01064310578284134
  0.01169127970443641  0.01275823679162225  0.01386739747317453  0.01504504078159115
  0.01621056883765977  0.01738074125540329  0.01857230864836535  0.01978290787802639
  0.02100354810602200  0.02223604603526760  0.02349836634461564  0.02477763292351174
  0.02592641849727692  0.02689259414662591  0.02796212294854881  0.02919587936343818
  0.03049164300491849  0.03179114714660228  0.03311656900300878  0.03446922655986794
  0.03584443302534968  0.03724667202094478  0.03868651115630678  0.04015860774119069
  0.04165638343927543  0.04318635127270782  0.04476622908252258  0.04641693434999632
  0.04813870576307330  0.04991846001490536  0.05175065932998069  0.05364295515271907
  0.05560465326984176  0.05763350485490152  0.05972648120379469  0.06188649624146478
  0.06411909501760885  0.06642827887628161  0.06882037813531282  0.07130587648871423
  0.07389219162778904  0.07656995278074227  0.07933087979124491  0.08219784367074322
  0.08519689367737229  0.08832644636245175  0.09156379305820855  0.09488810289354899
  0.09833440035153246  0.10199092090658564  0.10583229254989880  0.10984269392042074
  0.11396443849283022  0.11826635902930761  0.12272820780229611  0.12738244674199620
  0.13223021908264432  0.13731299473944511  0.14261057503140484  0.14819751452383551
  0.15409291910785852  0.16032713116482783  0.16681673921174422  0.17362595397804823
  0.18080642686623477  0.18842567314997324  0.19645241660521637  0.20488657515570252
  0.21376182675999289  0.22311300804627468  0.23303207309641252  0.24364700325512056
  0.25503889529178386  0.26714509576545642  0.28005667746781499  0.29396346397432077
  0.30899780172311608  0.32519754680181739  0.34253464569586456  0.36120216278706768
  0.38159812113467989  0.40423349460286351  0.42907955258082225  0.45671078051106428
  0.48789847022580224  0.52375801470301353  0.56559183258631274  0.61632825725396190
  0.68374347730544183  0.79718483266408269  0.86460098214359238  1.00000000000000000
 -0.00103781423771739  0.00397497282578983  0.00930664689330394  0.01454974411415760
  0.01985128049625895  0.02520471718502108  0.03060123085561993  0.03604490829576480
  0.04149802034782633  0.04696901776831237  0.05249913358109513  0.05804507252789817
  0.06358332580725011  0.06912731687276366  0.07470832757957210  0.08035948580372812
  0.08611231689704757  0.09195671060475077  0.09785742010172571  0.10382273213141668
  0.10982998352731169  0.11585518505693634  0.12190769061883065  0.12803315172228219
  0.13425871410255208  0.14052238486381716  0.14675300186434692  0.15296355295842506
  0.15923538753445712  0.16557869842285056  0.17199964529281023  0.17845450427052503
  0.18495977862575519  0.19147506311916598  0.19797171195029792  0.20456849880106806
  0.21121491400907941  0.21794202639460930  0.22478941116941620  0.23181696330275761
  0.23892452709319092  0.24606140544753405  0.25327788804138146  0.26060773242818719
  0.26799432824671865  0.27541643225391405  0.28291670660235602  0.29056355573064468
  0.29833410140810079  0.30618712231212147  0.31410601256530557  0.32202585693753771
  0.33003122713808403  0.33798098834675283  0.34594692178590680  0.35411586841508685
  0.36239278888318294  0.37073324199505042  0.37933979143052493  0.38810691252446633
  0.39696676032256262  0.40608377938525403  0.41533600929473041  0.42476407349879258
  0.43437170482455467  0.44403022186514507  0.45385851353806256  0.46383496534035445
  0.47403201175463305  0.48438091386528065  0.49492611393726821  0.50577461346486108
  0.51675890564805649  0.52805248178252928  0.53960654453904822  0.55151567166840532
  0.56374502313000308  0.57637893388297123  0.58917294711262103  0.60233972861554053
  0.61610747151625656  0.63052627664534222  0.64542566060382112  0.66090998154648839
  0.67702473694289167  0.69402184473717399  0.71217342022513164  0.73141740956236168
  0.75170401273467480  0.77333084793139195  0.79680276704967701  0.82266306818512147
  0.85209111650907798  0.88729427354390000  0.93399316291864709  1.00000000000000000
 -0.00223434790490379  0.00910188422042113  0.01842383780896829  0.02905043018826248
  0.03934813510829772  0.04968392233808187  0.05994243504300162  0.07053381822468621
  0.08146052054908914  0.09215043537936200  0.10275530775132379  0.11337487354435857
  0.12389826619462464  0.13450769309345342  0.14511252006564437  0.15554586115848695
  0.16612874339163786  0.17652653581441921  0.18704717915078209  0.19758028588413126
  0.20814119477079598  0.21870372703690336  0.22924443675525014  0.23973617171745665
  0.25015849004023699  0.26053127705658752  0.27090113616792028  0.28159393422216505
  0.29222174944345292  0.30305890981347305  0.31372356001818108  0.32462584375885845
  0.33532310478882982  0.34614490614639171  0.35667787670702239  0.36728821806377698
  0.37767410018782743  0.38802620280008071  0.39838781876015966  0.40882435586237059
  0.41929382301379470  0.42989116240036640  0.44054426021024973  0.45137873860105254
  0.46201106774887318  0.47221169034505117  0.48248439805527238  0.49281028003714383
  0.50320350296921312  0.51348483566238945  0.52375856482681038  0.53432348538879249
  0.54475913662937669  0.55530466645655097  0.56576791242700830  0.57653779016064310
  0.58726948402675672  0.59800790835447404  0.60872021815481636  0.61923311505875467
  0.62989351108223224  0.64047429877945761  0.65116807222337203  0.66176102835948414
  0.67237279415677287  0.68310747911842973  0.69382392442444130  0.70449960621813612
  0.71494759402662267  0.72538110445513682  0.73595315315630772  0.74672205413423787
  0.75726658333018959  0.76762634917544503  0.77815402788322530  0.78851930487155553
  0.79895640306045346  0.80924251441748130  0.81965986094443644  0.83042137397751814
  0.84107105211338151  0.85195067197979923  0.86255456997928903  0.87326249571430237
  0.88392659187515465  0.89453265430614282  0.90496924914922061  0.91591305438780957
  0.92620381914925043  0.93700244972323665  0.94743763436036266  0.95774039448589410
  0.96798800751440284  0.97824695790085658  0.98908127811676705  1.00000000000000000
 -0.01425058630720317  0.06398695244400007  0.10967958116265718  0.14532947155990580
  0.17528156409988008  0.20156585188262593  0.22523315820729350  0.24710224188501817
  0.26766658722370024  0.28692837444837260  0.30468098928665127  0.32129176267179610
  0.33717953180688121  0.35256012829723721  0.36747429249229346  0.38193449973525689
  0.39579892645980663  0.40904338788145311  0.42180735744909376  0.43434335439450600
  0.44649492327600138  0.45831254439465691  0.46981559694189184  0.48118225874119630
  0.49237359749248716  0.50329634308230586  0.51388277795361359  0.52426699106704333
  0.53456006538201573  0.54473119635745004  0.55470016792482646  0.56446153418872902
  0.57397241693468237  0.58327295380844357  0.59233655900153870  0.60131989867897273
  0.61028978881054885  0.61913778106553374  0.62778654442362403  0.63627688965199103
  0.64466458636344881  0.65303477786038877  0.66133736001298793  0.66948501400905125
  0.67752978590457680  0.68549156241035614  0.69342347800131321  0.70132307814094330
  0.70908896449174896  0.71664610252893135  0.72404951356356695  0.73141755513418683
  0.73862838726670976  0.74579117027173325  0.75286288391212286  0.75986660988881827
  0.76682106501782787  0.77375445813732224  0.78074428177979416  0.78768119372065537
  0.79451585854590223  0.80126212171383127  0.80795663061981260  0.81458332293304581
  0.82105656065446886  0.82743525410381868  0.83378705373093331  0.84008959757090373
  0.84632702453228670  0.85252860563573774  0.85870812688004128  0.86487670425347829
  0.87101560871290062  0.87713158119431600  0.88323170758731118  0.88932210747005402
  0.89536042175582176  0.90127231431144850  0.90708099706477185  0.91281844658053390
  0.91849093048847053  0.92414143098087775  0.92977995379030154  0.93537338912120527
  0.94090851403946740  0.94641772820880776  0.95191415316087935  0.95740004356967456
  0.96286623806582616  0.96830955424836662  0.97371041471989406  0.97905790651252755
  0.98436336973851579  0.98960057580303507  0.99477021909878571  1.00000000000000000
 -0.00235023249056288  0.00924854917389787  0.01912118626304973  0.03007398235382283
  0.04064335018384350  0.05158699632923191  0.06224252951806604  0.07302755063711584
  0.08366161873435589  0.09441695168195385  0.10484507886950636  0.11527649040376242
  0.12583880454104265  0.13661205368403068  0.14717374849602044  0.15753898899945870
  0.16802349056724392  0.17843024184317793  0.18884664283803201  0.19911459227521053
  0.20940184786315741  0.21984273109475252  0.23044585112215091  0.24086684887416923
  0.25157954698675516  0.26183255209862055  0.27204569277512547  0.28234553857501393
  0.29267396201345230  0.30337693749441863  0.31406075377789872  0.32482083325817396
  0.33563941742693099  0.34607778180470139  0.35683268034193188  0.36747926253093877
  0.37820241088140277  0.38883340465885230  0.39932010971393972  0.40986296351908175
  0.42033269481848823  0.43096862705658895  0.44148671472522699  0.45187819903832482
  0.46219462704713532  0.47278301784910592  0.48330353721857394  0.49364840647814201
  0.50402031226808186  0.51457194213043667  0.52504952386249870  0.53536346086287800
  0.54573504882381141  0.55649432902123153  0.56713497435498250  0.57774928316182761
  0.58811807735224197  0.59859500853052361  0.60915492517558734  0.61959574178783494
  0.62999315423098057  0.64036123914441212  0.65097801713972736  0.66168360899483991
  0.67246264135678790  0.68323663538632551  0.69390938486618181  0.70450972104879928
  0.71504431126169998  0.72560911554461727  0.73621070735482730  0.74674097049716615
  0.75727799153983166  0.76789517033161914  0.77857891558325953  0.78928063298281825
  0.79986190409096791  0.81039476824011691  0.82087992294828438  0.83138776566145900
  0.84193903719978014  0.85256162969403204  0.86312509669671622  0.87356260122236118
  0.88388575059512720  0.89430119034054645  0.90478900596624889  0.91544098450497213
  0.92604153929929545  0.93663955383686659  0.94711288376104574  0.95757631419796652
  0.96823660280494117  0.97873503063859824  0.98951468878525495  1.00000000000000000
 -0.00234478176398386  0.00925430678420678  0.01971326407588255  0.03001767276305126
  0.04038626491138619  0.05083508942549642  0.06129056600424668  0.07167717942321791
  0.08203298008022838  0.09251514234764953  0.10303575087960169  0.11347070740691090
  0.12384154568787883  0.13422845433703465  0.14473575233892283  0.15544038752632616
  0.16590644875257188  0.17631245641658111  0.18673350536809952  0.19736598988525275
  0.20797301160858170  0.21852012854276467  0.22913365507261377  0.23991829485076463
  0.25073311943528476  0.26160824134858174  0.27238777764301192  0.28306420554946493
  0.29381745244819696  0.30403235913430449  0.31460525785968468  0.32491372674340580
  0.33534053285070187  0.34547807054761631  0.35574595224231764  0.36620316790521018
  0.37683540358579176  0.38748451042247373  0.39803621932357175  0.40875039272395186
  0.41941225680716393  0.43010255911068834  0.44084464130739870  0.45156109080175005
  0.46231249667276736  0.47265444371089277  0.48328722133108376  0.49358139446604837
  0.50389674435224874  0.51397269770363951  0.52404327164623998  0.53431630748803294
  0.54469310505463586  0.55519390816551606  0.56571371158997719  0.57614722691763909
  0.58663186865149486  0.59717937455778503  0.60778271997011424  0.61848487601449820
  0.62928129475780192  0.64005861973401024  0.65086098566969830  0.66148012641412146
  0.67224027186911006  0.68288283895668600  0.69360350035563578  0.70434314546166465
  0.71519257449692675  0.72602887845637321  0.73701397106061628  0.74796540642612985
  0.75849227887503112  0.76881809864695505  0.77925718914891262  0.78975526072813818
  0.80027287335445629  0.81061712419096388  0.82124815877677182  0.83199188025216064
  0.84254312491838834  0.85329044675784482  0.86368002531481847  0.87436772431984333
  0.88483284746142521  0.89537140643293278  0.90574096736499377  0.91610738215997634
  0.92650904580739635  0.93703066314530181  0.94752840577014896  0.95819639721067873
  0.96864826425902506  0.97907320211409554  0.98963143898890704  1.00000000000000000
   6.6545713061502781E-008  -1.0000000000000000     
 F F F F F F F F F F F F F F F F F F F F F F F F F F F F F F F F F F F F F F F F F F F F F F F F F F F F F F F F F F F F F F F F F F F F F F F F F F F F F F F F F F F F F F F F F F F F F F F F F F F F F F F F F F F F F F F F F F F F F F F F F F F F F F F F
  <DiscreteSampler_grid>
  grouped_processes
  1 # 1 for a reference and 2 for a running grid.
  10 # Attribute 'min_bin_probing_points' of the grid.
  1 # Attribute 'grid_mode' of the grid. 1=='default',2=='initialization'
  0.0000000000000000 # Attribute 'small_contrib_threshold' of the grid.
  0.5000000000000000 # Attribute 'damping_power' of the grid.
 # binID   n_entries weight   weight_sqr   abs_weight
    10   10   3.342258144872806E+004   4.902874893825235E+009   3.342258144872806E+004
  </DiscreteSampler_grid>
