  0.00235127104759002  0.01636225756627955  0.03033739648728763  0.04266270728455858
  0.05466109648699743  0.06648470418246338  0.07797618008551835  0.08939629148683580
  0.10054859272702810  0.11196000962996663  0.12308112797958656  0.13412368722354578
  0.14488747543676894  0.15579653470516058  0.16664028015320018  0.17732067145967986
  0.18794803782114167  0.19873473912846915  0.20959537338951112  0.22048647073365021
  0.23138366940891597  0.24231515102681517  0.25299899874328802  0.26370189653426146
  0.27448402364448232  0.28543207289899580  0.29630604753778772  0.30718214137580369
  0.31817686500458409  0.32910302219887277  0.33983147085863408  0.35042122580709678
  0.36123921185487279  0.37190637589844622  0.38262751121824123  0.39311086041738885
  0.40343864977811672  0.41376293117456775  0.42411695761386342  0.43460259364322429
  0.44505428011088544  0.45545198286875294  0.46583724906506546  0.47636122764646782
  0.48692967072608706  0.49757980868446994  0.50828598876705122  0.51906135090953343
  0.52978049256094795  0.54045921183097234  0.55113939938767587  0.56185155320393954
  0.57205325442255028  0.58219384029068266  0.59256885222938882  0.60306177028948804
  0.61339160831742146  0.62372350930464338  0.63430055241915262  0.64517721432664954
  0.65544323587340381  0.66571747108438606  0.67601581300825631  0.68632866449421637
  0.69649911431737332  0.70654631716128147  0.71681515520215622  0.72720108171494779
  0.73770038102033919  0.74821959272656147  0.75875253307259827  0.76916292834523170
  0.77938521998999410  0.78955226557824210  0.79978224659172570  0.80995949475002138
  0.82017211282506841  0.83041720154395926  0.84068518985223084  0.85094693963855195
  0.86110370316753271  0.87123742595513232  0.88141069262059035  0.89171773492740580
  0.90191475517435293  0.91197228914958850  0.92198488250924127  0.93201789856716966
  0.94189196452326052  0.95147076808968989  0.96087940939807936  0.97004771700858083
  0.97884028593512518  0.98685828592739588  0.99334034717902286  1.00000000000000000
  0.00242738167793147  0.01620177025845247  0.02981918988906803  0.04197382796033619
  0.05350840719425728  0.06499340480030816  0.07631008737638893  0.08770344001952224
  0.09890480736855352  0.10999177427483062  0.12091720904236671  0.13195256393190696
  0.14295641325942085  0.15381657875174740  0.16462769702294142  0.17541967368726102
  0.18611823055444088  0.19678306561655493  0.20736611996984344  0.21804200086114700
  0.22860337670480543  0.23922027502754278  0.24989728073417436  0.26065766048276567
  0.27146505240915098  0.28225933966534944  0.29315593254634026  0.30402663314362971
  0.31481059426563052  0.32545591856177980  0.33607117639413736  0.34668209176943521
  0.35727227518161542  0.36795409431406206  0.37874428827866674  0.38954711610789750
  0.40019651510753690  0.41075543363692657  0.42136421944557106  0.43210450654900107
  0.44288448340974201  0.45346900043295785  0.46382148826346142  0.47417566974809960
  0.48467374263628721  0.49531371223871234  0.50593321578442774  0.51653111031504650
  0.52697173960128652  0.53722396853060173  0.54733273727377307  0.55755265349143202
  0.56790951788853816  0.57831492446738952  0.58859306508543319  0.59888575664172028
  0.60925579361585003  0.61976731643726668  0.63032932630963867  0.64082759720529592
  0.65126805845330271  0.66164558808116281  0.67200770730897297  0.68238299942601388
  0.69264936503952912  0.70282173668357251  0.71297387247398414  0.72319036054184538
  0.73346012959104967  0.74374465531941636  0.75391470842602382  0.76407518580840694
  0.77424511802705498  0.78441824841151020  0.79463167028491655  0.80487488158476295
  0.81506135271774804  0.82515173669698116  0.83526516495443304  0.84545183072557695
  0.85569883295009497  0.86590474199411027  0.87610253935186511  0.88621889773819362
  0.89621413295411534  0.90617977878267697  0.91618260071396840  0.92615211000088216
  0.93597401899531774  0.94555643269452827  0.95497022916218288  0.96422235862285932
  0.97313456806289145  0.98137676183771350  0.98951010120372085  1.00000000000000000
  0.00736428766609667  0.00880551004592609  0.00989561123590359  0.01089160522094932
  0.01190291481077584  0.01295851333938172  0.01407780391501529  0.01531161111484546
  0.01653612357869910  0.01775758994357201  0.01898477761113278  0.02021988389824876
  0.02145698418049367  0.02272653323203517  0.02406672890734119  0.02537150701152533
  0.02642578856914882  0.02741938769060308  0.02857813820399169  0.02979586803265879
  0.03102841054923577  0.03228670466672483  0.03356941022823066  0.03488048556846164
  0.03623193571704459  0.03762615155389495  0.03905622675790167  0.04052864424153409
  0.04205609688165904  0.04362644618512900  0.04522945441285448  0.04688192311474889
  0.04859802092702423  0.05036753276282050  0.05216513085654870  0.05400957297682737
  0.05592297788043950  0.05792549832207593  0.06000968460332862  0.06216454366689404
  0.06438260064050251  0.06667305413581363  0.06904326306513979  0.07150102834255642
  0.07404723460515400  0.07669774583540645  0.07946616640980994  0.08234103513919443
  0.08532612415039059  0.08843491127182465  0.09165720756624439  0.09501222506749116
  0.09849160811504053  0.10212674695144389  0.10595574444829001  0.10996180819835535
  0.11412059438148019  0.11840843960527456  0.12285327230394001  0.12749430074012583
  0.13241166399389412  0.13751540432561241  0.14283311277511107  0.14835373931613766
  0.15414703911011407  0.16022050255705880  0.16662585624522172  0.17343368226437633
  0.18063893804821171  0.18814120972398152  0.19591000113954576  0.20415152822920302
  0.21295996962048647  0.22234025042303976  0.23225558955265213  0.24274387907071093
  0.25386583100330656  0.26571314710195465  0.27841485929064891  0.29208988136021802
  0.30664108780474836  0.32210167920784771  0.33877169179941724  0.35693676417381365
  0.37671588123528277  0.39832320826856893  0.42207194458844599  0.44843148407245309
  0.47821163158972896  0.51217806914897313  0.55122119300318739  0.59752367170028287
  0.65633614618012204  0.74485406129422493  0.85761400356649820  1.00000000000000000
 -0.00103893209306053  0.00401025671168524  0.00932693930903902  0.01459718841910390
  0.01990830527519680  0.02530279694572852  0.03074687727463038  0.03623319189850026
  0.04171385000906001  0.04719541625701694  0.05268549335427131  0.05820817444307231
  0.06378052134635344  0.06941261478424496  0.07509687820987086  0.08079376447449156
  0.08651224660816008  0.09225787894373637  0.09805392752199757  0.10393566429840598
  0.10990344898449401  0.11592477816211144  0.12196396798540705  0.12801559077870128
  0.13408322698000538  0.14018121922873830  0.14633250099234685  0.15251331209307628
  0.15872655414675654  0.16503186383422574  0.17142677368002632  0.17787617126480423
  0.18433260082455419  0.19083155895737983  0.19741643815875978  0.20411105394783041
  0.21083577582664365  0.21757884414427281  0.22436038102468661  0.23123415686427745
  0.23820531537821987  0.24521551796788221  0.25230526909160111  0.25954813273377408
  0.26694293591625279  0.27447164249008316  0.28209301488759997  0.28978779486365175
  0.29751666274981536  0.30533630608577128  0.31319686053088480  0.32116936329790063
  0.32933568597892016  0.33752196764832570  0.34574768013313228  0.35398831078146742
  0.36230911999495424  0.37072630186783528  0.37940962768782394  0.38826748632232855
  0.39726618483079129  0.40628652773584739  0.41534857662336655  0.42454280144104889
  0.43394993750123728  0.44353655656836510  0.45322688639928677  0.46307715563227025
  0.47319204928623426  0.48364238087127570  0.49438366514396465  0.50536803163765720
  0.51663932927108613  0.52823921146688646  0.54012148617381184  0.55232148593168606
  0.56479619629050104  0.57740567783287811  0.59027464096600812  0.60340710296693234
  0.61716832811105260  0.63147908926327867  0.64670637309538559  0.66240693456162836
  0.67885663286084097  0.69597759580460694  0.71392627633644312  0.73286280500902656
  0.75297050155345835  0.77443510916852132  0.79763904470190783  0.82342258138073321
  0.85295674594566451  0.88765854095973629  0.93329072818806325  1.00000000000000000
 -0.00234798863771771  0.00922542744310308  0.01935843598613138  0.03014090598984068
  0.04064880816349065  0.05133352726806836  0.06198475212543135  0.07255137805437610
  0.08312234384099143  0.09380168986750252  0.10451334401551017  0.11514121538275371
  0.12557570064148074  0.13601170190605735  0.14650431520159071  0.15704932626218565
  0.16767094561630583  0.17832288694498746  0.18891877665419915  0.19948134702316153
  0.21005308595767486  0.22064116418062030  0.23117382430013000  0.24171668641860444
  0.25221600041279213  0.26278300829291584  0.27337727193170885  0.28398619709812611
  0.29456922234896010  0.30507282483464399  0.31552989791825697  0.32599464534360889
  0.33660860969209150  0.34719450783610911  0.35774316024845265  0.36824289019306478
  0.37892507204076203  0.38975330205573860  0.40047324067099038  0.41111253518022517
  0.42164972196518280  0.43213770159322590  0.44258506878156778  0.45305733211872479
  0.46359609385637646  0.47416580665667063  0.48476711398469569  0.49537512849011045
  0.50594853693703523  0.51654573358387657  0.52717861227940144  0.53782385243349839
  0.54846512947417636  0.55908438775522262  0.56966388629034714  0.58025265730573550
  0.59083295882645614  0.60143059632732743  0.61184646056784642  0.62221299807834951
  0.63263846290955328  0.64321280930029767  0.65363930180114915  0.66402505667848477
  0.67457625174577063  0.68502943686012241  0.69536293419612849  0.70556432098032862
  0.71611582444661870  0.72688674712612722  0.73716671852988092  0.74754957185696191
  0.75790792424140585  0.76852682805232098  0.77912850620404495  0.78973299606890124
  0.80029740367475666  0.81081678397048484  0.82129174037430619  0.83188699395937693
  0.84260877373629228  0.85332055263801210  0.86397233224143843  0.87470363834810327
  0.88539206140301774  0.89606728081020715  0.90665592995287692  0.91717307783951618
  0.92752650075171150  0.93792786145540008  0.94832438846400580  0.95871231272057367
  0.96899413969600146  0.97920492840701001  0.98966173631419252  1.00000000000000000
 -0.01415087992720680  0.06361382931414973  0.10968378637207454  0.14484181306541313
  0.17445513814160316  0.20068767377618671  0.22418251372137563  0.24564050387800573
  0.26566501511212559  0.28457365806400092  0.30246697264545735  0.31939965388133290
  0.33545333470322830  0.35088313689216549  0.36577142375628102  0.38024537309462381
  0.39421292315894407  0.40782893835671841  0.42094551489379339  0.43368747115307638
  0.44608229235282931  0.45814389290155244  0.46990476415966387  0.48124020812719531
  0.49228888799680237  0.50315854696621309  0.51389171151056401  0.52432984167699448
  0.53444380291831539  0.54426406110156700  0.55391669647169184  0.56348493959773693
  0.57301768790977980  0.58244988476318560  0.59172583151748148  0.60086016758076055
  0.60987521199293560  0.61887783484138958  0.62766577899457643  0.63628137956228370
  0.64483312922315361  0.65317322102576847  0.66135755307975774  0.66937887258572559
  0.67728522000763280  0.68511950866157045  0.69285906670589648  0.70055120867384124
  0.70824022937204911  0.71591371450654351  0.72354701161666668  0.73110999739322080
  0.73862996330176101  0.74604075610871290  0.75332755096464765  0.76047717113869584
  0.76756824270541024  0.77454334108322020  0.78141527958666879  0.78822295900866346
  0.79497065159669644  0.80161341890178384  0.80819864711311373  0.81472132404922815
  0.82119244149661641  0.82766921367091106  0.83408445872108328  0.84043620811990372
  0.84672713838820168  0.85293749408205655  0.85909693338578208  0.86521185923784294
  0.87128175168986355  0.87732646156051286  0.88337992501842355  0.88944804916765119
  0.89546994105713285  0.90137128708474101  0.90712566535823458  0.91281337600570644
  0.91847401249814842  0.92410591157060529  0.92972182535407977  0.93530684351932847
  0.94086448951452373  0.94638829228405030  0.95189106494611742  0.95737152000245063
  0.96280502381929667  0.96817256637096893  0.97349148786049300  0.97878963876146874
  0.98407875737257189  0.98938236173775274  0.99467252485035551  1.00000000000000000
 -0.00226201129714234  0.00894856979916628  0.01919731710813902  0.02986318074458092
  0.04082168064187749  0.05138650688815261  0.06205638311045242  0.07253467170277815
  0.08312854766519658  0.09379486321460541  0.10436783823320292  0.11488197015909386
  0.12522637083874644  0.13551195146926717  0.14569692995993533  0.15597439996987805
  0.16632312761727536  0.17698255517233719  0.18733032325143265  0.19762254825914324
  0.20800619291028982  0.21864071410838723  0.22952231027179568  0.24025457951426152
  0.25088869276610737  0.26134360253139477  0.27169112486617725  0.28212100047653221
  0.29290315985647608  0.30352407970900214  0.31422804246563935  0.32464282006552225
  0.33518797655790905  0.34587471616911447  0.35654357842802431  0.36733355143522939
  0.37798427251610239  0.38870489791771740  0.39937186477939746  0.41006750965834760
  0.42060894969162627  0.43114551929868566  0.44165592378817092  0.45240639162000601
  0.46279660345017387  0.47335945350897241  0.48368340301868251  0.49433387910997928
  0.50477199307243659  0.51531997138235563  0.52567447709728221  0.53615702029106060
  0.54650134240281922  0.55700342809455594  0.56741215378648147  0.57797101878159363
  0.58861131883635953  0.59923811726539966  0.60993787601601057  0.62047316404945785
  0.63109088949412540  0.64133978963434657  0.65180549991017456  0.66240393062339453
  0.67315218261980281  0.68386600758691429  0.69432935284386499  0.70481054189916825
  0.71523813326945385  0.72585139620527839  0.73652809960214183  0.74723239259270280
  0.75790775525332676  0.76862842940132092  0.77914705306856347  0.78954719861334066
  0.80000470093657028  0.81051406131562620  0.82098016172931154  0.83136344882925728
  0.84188841619685040  0.85227506452785873  0.86258064732736039  0.87287249598994132
  0.88328605223416190  0.89401664412253046  0.90458565090352405  0.91519995771402862
  0.92566857322395835  0.93624580742939012  0.94705202266397626  0.95766214294007368
  0.96829323277980617  0.97875175791010338  0.98935836830341306  1.00000000000000000
 -0.00226671684473309  0.00895865712193613  0.01887022989490931  0.02943678264513769
  0.04008471684081994  0.05089843773784040  0.06147066152507080  0.07230003708434857
  0.08295625448431246  0.09379318082707033  0.10450323019503542  0.11513244509141299
  0.12555784854453697  0.13594172884985486  0.14653105586749005  0.15721107249076971
  0.16776271493120448  0.17814753093888377  0.18866745364594478  0.19927719279453421
  0.20985315026679977  0.22040523986833360  0.23084566305168228  0.24116543330851992
  0.25153620169118518  0.26197266729875779  0.27243334519808315  0.28285575999487583
  0.29345210985801284  0.30409382806387614  0.31485909025010062  0.32572564814959271
  0.33658678544039217  0.34709162066893673  0.35742368862127871  0.36770565168697178
  0.37808434345846054  0.38838620751440750  0.39879400953175109  0.40939984106375504
  0.42005415546696312  0.43083997693891013  0.44158156408835292  0.45222018374579553
  0.46276160329147747  0.47326523683705618  0.48377121866140982  0.49407442637994009
  0.50448981127740855  0.51487686371395325  0.52542553824393678  0.53588751965139858
  0.54663587987786821  0.55718552506354668  0.56775572911278349  0.57817614872160217
  0.58879120371526139  0.59956418138385170  0.61000589509045033  0.62057351009044392
  0.63107790710437095  0.64165699169259516  0.65205141413347312  0.66244691629928831
  0.67289331169122646  0.68369303589341046  0.69418250475573062  0.70463572272746477
  0.71506252781755897  0.72569561173158914  0.73636473349723952  0.74684650922021156
  0.75736916867733339  0.76792726361916308  0.77855005696224644  0.78907405444678635
  0.79960066366334337  0.81011410616199386  0.82075342262423090  0.83142937575801956
  0.84182299652277881  0.85214007528631297  0.86256767362289632  0.87332206831788561
  0.88405366679888575  0.89489357176977147  0.90542436172223251  0.91620062805758407
  0.92684460884029918  0.93747822106878886  0.94768636725427591  0.95790133480174944
  0.96847278806030879  0.97906895832619667  0.98948227634167840  1.00000000000000000
   6.6733532510676406E-008  -1.0000000000000000     
 F F F F F F F F F F F F F F F F F F F F F F F F F F F F F F F F F F F F F F F F F F F F F F F F F F F F F F F F F F F F F F F F F F F F F F F F F F F F F F F F F F F F F F F F F F F F F F F F F F F F F F F F F F F F F F F F F F F F F F F F F F F F F F F F
  <DiscreteSampler_grid>
  grouped_processes
  1 # 1 for a reference and 2 for a running grid.
  10 # Attribute 'min_bin_probing_points' of the grid.
  1 # Attribute 'grid_mode' of the grid. 1=='default',2=='initialization'
  0.0000000000000000 # Attribute 'small_contrib_threshold' of the grid.
  0.5000000000000000 # Attribute 'damping_power' of the grid.
 # binID   n_entries weight   weight_sqr   abs_weight
    10   10   1.522402978660626E+005   2.010302450408965E+011   1.522402978660626E+005
  </DiscreteSampler_grid>
