  0.00246882804446948  0.01611539370888455  0.02960704986436534  0.04188776035184499
  0.05341024441102096  0.06489947689391985  0.07606921853421152  0.08743203425996278
  0.09861375303600993  0.10976860664618228  0.12085250937506446  0.13203107417684701
  0.14319430175951348  0.15417423607028816  0.16500313116827547  0.17562903840028185
  0.18625473217610627  0.19685131173816200  0.20761524216723778  0.21820520300068924
  0.22885936677601040  0.23931843912230533  0.24988118744301832  0.26027320475295812
  0.27074835048288232  0.28116423406218222  0.29145558682471340  0.30177567752915624
  0.31216952342393994  0.32270061536947514  0.33325723352298947  0.34385593504618239
  0.35452547561867626  0.36525968986261498  0.37602713278381761  0.38672107766004077
  0.39734895555343897  0.40787566419413668  0.41838873004646782  0.42891595144304540
  0.43943906888068135  0.45000852423534560  0.46055466779687826  0.47115178272213637
  0.48173765124482726  0.49244216411532588  0.50312018313720963  0.51376394117965307
  0.52426856854053894  0.53469468850992541  0.54503720242870757  0.55532794520398177
  0.56559537652305591  0.57592392743262810  0.58626298809820809  0.59665195861651643
  0.60703222058509432  0.61742556156170814  0.62783665862195148  0.63820443121071924
  0.64855025561742308  0.65891965217859338  0.66924901284652683  0.67941528139002050
  0.68954399176284376  0.69970165033139364  0.70984373895244446  0.71998743952576316
  0.73020068615338563  0.74045996865102992  0.75066538347677403  0.76077424508226910
  0.77088110775882202  0.78105178203976855  0.79130903221939419  0.80169296072947649
  0.81212437513276459  0.82246661796082987  0.83266364917587876  0.84278744289374929
  0.85292407010839877  0.86302861958961663  0.87309071538352712  0.88311693774895172
  0.89314364250264844  0.90310721694192952  0.91297060779633088  0.92271497298604199
  0.93240333497337069  0.94203212868423614  0.95160100365883860  0.96092649685674070
  0.96990912172858768  0.97825388098544985  0.98667242646770437  1.00000000000000000
  0.00236875606902563  0.01641671010196438  0.02978491982693008  0.04188311882238269
  0.05375218130321401  0.06540503599438399  0.07660187892648759  0.08755926667232694
  0.09853203431521543  0.10960478252570545  0.12070462509004182  0.13172752759998321
  0.14255476100299738  0.15347454890776863  0.16432668516573851  0.17516112593097016
  0.18576831070963526  0.19646084271391440  0.20709790081247964  0.21775494199687789
  0.22833218141051820  0.23897795484314191  0.24957431042929309  0.26019423282392462
  0.27086602049843611  0.28145639468047895  0.29198498759995811  0.30240316210714141
  0.31295994146622791  0.32371228777320316  0.33445906366840855  0.34517019974712554
  0.35578141947685482  0.36639577801794343  0.37705000965035163  0.38777419832478166
  0.39841410407764527  0.40881547710229826  0.41917282109826226  0.42960942446551209
  0.44003030702747375  0.45036910210891873  0.46073075968873101  0.47122662236872886
  0.48180442619081465  0.49239008353557523  0.50289961501398728  0.51328020279625353
  0.52369356186927629  0.53431418735936298  0.54504962273565982  0.55573110379653357
  0.56628085472419676  0.57676710299210643  0.58727888969092834  0.59781805373659846
  0.60834072185929555  0.61875214323625272  0.62913652388284480  0.63949623124730748
  0.64981812485760015  0.66002394346302251  0.67025147949544495  0.68056518815664180
  0.69089430092919246  0.70127654157586450  0.71163010549141348  0.72205504222619032
  0.73242978168006512  0.74276019290084661  0.75304267370118116  0.76332226570744344
  0.77358476509083507  0.78382673809652170  0.79400254747659427  0.80422747408370721
  0.81447190864491237  0.82466552025486106  0.83480357842835173  0.84486692669846430
  0.85490550170882296  0.86487525868665571  0.87481069923254018  0.88476837284900300
  0.89467473840624867  0.90459519492201113  0.91451156993719485  0.92443025030632331
  0.93429725020657917  0.94401465627468628  0.95351734452720038  0.96279171681549280
  0.97170032338610191  0.97996159117702097  0.98826095093585331  1.00000000000000000
  0.00731362675815814  0.00886973689323289  0.01010000136406594  0.01125695675794994
  0.01239061689413570  0.01351264082109172  0.01462004963672497  0.01580665982511422
  0.01699006915849616  0.01818460436294732  0.01937801056833508  0.02059864005634592
  0.02187009788793877  0.02316077770111582  0.02446645971501930  0.02566746545902067
  0.02663527505505829  0.02765355254197765  0.02887036415260772  0.03011886455613078
  0.03137470596255214  0.03265084656899358  0.03395090374215198  0.03528626499230255
  0.03666740414600618  0.03807925332547391  0.03951577644654827  0.04098074453191186
  0.04248597929149781  0.04404209281073294  0.04564499013283919  0.04730365002450455
  0.04902010398256842  0.05078637972043760  0.05261314914947875  0.05451099202214173
  0.05646974351906999  0.05848186029704544  0.06056169774135674  0.06272550835271484
  0.06497344198453206  0.06730271573272756  0.06970441595033874  0.07219270980118922
  0.07478568966948285  0.07749312172600389  0.08032073299330336  0.08324983654160785
  0.08626571102347665  0.08937841949720142  0.09259410212236657  0.09592186332672832
  0.09936362683716943  0.10293858714136786  0.10666055430005542  0.11056766468112081
  0.11466167877784995  0.11895767909161482  0.12345092555644191  0.12810615352634733
  0.13292775472933066  0.13794630818522932  0.14321078587174649  0.14878485726941384
  0.15467122865216090  0.16086931134568472  0.16735975061210112  0.17419736056320942
  0.18144976040150901  0.18901055104748513  0.19685905098995313  0.20504762310503027
  0.21369831981356091  0.22295624743676271  0.23279856411803676  0.24326149017381216
  0.25426708936015036  0.26605180688423269  0.27868227512652610  0.29226346703729678
  0.30683658094980765  0.32243367402449197  0.33921815159601343  0.35761027031310194
  0.37776985216242875  0.39969498338577064  0.42371703618449402  0.45035436186657662
  0.48001866511845021  0.51368596090940488  0.55287255183802497  0.59985162293820538
  0.65969261509509458  0.75798553470986130  0.86367087356722827  1.00000000000000000
 -0.00101670882258107  0.00389915463654411  0.00924039425519916  0.01445218740939580
  0.01975349930682153  0.02512038756400274  0.03050510467218821  0.03589983507520072
  0.04130254126328543  0.04671727310501866  0.05216500710623807  0.05768645079312045
  0.06328326752787289  0.06895134059419615  0.07466944287070700  0.08039357418912285
  0.08610693134639080  0.09184206139905279  0.09762544330388298  0.10343977731372338
  0.10927175964740413  0.11514593226658240  0.12110363068554782  0.12712531823948986
  0.13314386887882557  0.13920579601377692  0.14535207571611175  0.15157054829676603
  0.15780732775894510  0.16404764409420228  0.17039980345270009  0.17688053464183789
  0.18346207414008484  0.19011849330353486  0.19685595021262967  0.20367276006000495
  0.21051190911711043  0.21735416888184772  0.22419943458690758  0.23109660693467785
  0.23802873865474036  0.24504354095463426  0.25218238495576317  0.25939698340488399
  0.26667816740038475  0.27401181310888079  0.28139419136698535  0.28888984149307734
  0.29650974011604048  0.30423985848678226  0.31208253982889050  0.31991984719680899
  0.32781664098452989  0.33592978469665680  0.34428346826311229  0.35274423206681121
  0.36129652491241737  0.36989303151711761  0.37871083242718129  0.38772274329897066
  0.39681531662224445  0.40600148525510876  0.41528435134907093  0.42471694907368834
  0.43421180481167088  0.44379949334290691  0.45359360608717803  0.46359946069200308
  0.47377369439117517  0.48411405091613186  0.49459277957557851  0.50531650924877425
  0.51628104237750394  0.52765179879823465  0.53931298281545659  0.55131260181730657
  0.56370291535349359  0.57647540176525103  0.58959058925381902  0.60316045944040919
  0.61700438438777760  0.63130357207250976  0.64619090663524903  0.66164432695223252
  0.67776775945688694  0.69488447683507082  0.71313178107223218  0.73254161614457980
  0.75301752881638606  0.77462174323261179  0.79782683132031429  0.82353016873404972
  0.85282578693674937  0.88727211705360798  0.93269518023774556  1.00000000000000000
 -0.00232641427547187  0.00920726626256283  0.01888987056635078  0.02960047785801447
  0.03998077131312049  0.05052463527510502  0.06125214726526599  0.07135520778106820
  0.08171183276176155  0.09209537068578549  0.10224979287484055  0.11243610804555410
  0.12253296305883826  0.13289396469944670  0.14352102063389968  0.15411049175204897
  0.16473070260284925  0.17531727534650107  0.18606599554154393  0.19673436541211287
  0.20743652011057753  0.21802116773841410  0.22866666786960577  0.23930128388060534
  0.24987791044457056  0.26039888319418708  0.27091977571098003  0.28150643434562150
  0.29205888458157186  0.30249572584328960  0.31278251971804844  0.32323510715454751
  0.33371820445875444  0.34431781936360278  0.35495179884355449  0.36574745401045944
  0.37652166935073933  0.38724228388106857  0.39773770252933516  0.40832049096707618
  0.41881683240574685  0.42945569769023628  0.44006566587644336  0.45070611412405409
  0.46153233581809738  0.47209529534969563  0.48268024580162672  0.49328612426050850
  0.50402896422175514  0.51478068523718701  0.52544322169019286  0.53618134682702856
  0.54681334343249632  0.55733324493255665  0.56778551227295937  0.57848603441847890
  0.58905336664279750  0.59980521483090354  0.61031258330274163  0.62096910620865498
  0.63158764497970654  0.64186910033244138  0.65223346878337074  0.66228611524150249
  0.67273391659539450  0.68331763731430029  0.69401329571943937  0.70471574904804135
  0.71512847245879663  0.72550747696419760  0.73604105427516076  0.74658970594237850
  0.75739162169303942  0.76830343572346527  0.77907188271102223  0.78984447132046898
  0.80019199294009691  0.81072589251047988  0.82112560269317392  0.83181979301171294
  0.84223706909463747  0.85280562081161704  0.86330179707608901  0.87378613295776075
  0.88420194178350486  0.89471233409542861  0.90550177967897949  0.91625744149576271
  0.92681635145522878  0.93734142511913887  0.94771815776426171  0.95825209095563058
  0.96874449584509514  0.97910479835969944  0.98956868710226054  1.00000000000000000
 -0.01422393224408300  0.06373989266616913  0.10945730366455339  0.14461566870501524
  0.17419833673947335  0.20028400648787448  0.22385367078481061  0.24541433813638713
  0.26548413567066198  0.28454111823584349  0.30275137368254507  0.31993129612681998
  0.33608674353027596  0.35148874080388692  0.36632173324136102  0.38068140120808780
  0.39468616227311742  0.40822278977310755  0.42124030253474348  0.43390492411698883
  0.44632293689755215  0.45851251742145083  0.47042150549908340  0.48195100692684517
  0.49298650913302522  0.50361461356244897  0.51400145856927648  0.52416800799680552
  0.53411718179899725  0.54396257460338648  0.55379671523422402  0.56349241195337685
  0.57302094945499216  0.58241345902783326  0.59171151610009753  0.60089796106896110
  0.60988507808462689  0.61874883836133432  0.62754385605332763  0.63628627528688431
  0.64490632709866480  0.65334543653304600  0.66156811060450271  0.66963534134839564
  0.67760444412061083  0.68551131608745985  0.69332225159618488  0.70098047777765626
  0.70854212088222635  0.71603327394086536  0.72351715738600619  0.73092501882612293
  0.73831630838779583  0.74566210682476897  0.75290351182966075  0.76004787257142004
  0.76703044815982147  0.77383231918042150  0.78050433715296608  0.78715531543514661
  0.79379062867142036  0.80038466366814964  0.80690152341527177  0.81336849886067575
  0.81980994185087586  0.82619562569906180  0.83253856188038922  0.83888065958253744
  0.84521588096846745  0.85148409921773904  0.85770420043923978  0.86388579319299885
  0.87000833828972568  0.87609394041475142  0.88214843121136799  0.88815022779175312
  0.89411381031910020  0.90006378624354932  0.90596079560757958  0.91178140971856780
  0.91754603704536708  0.92323708060918841  0.92889615409957171  0.93455183500629402
  0.94019043256899093  0.94579330271667905  0.95136574288874254  0.95689312068917809
  0.96236449225317655  0.96780412312655328  0.97321289245333253  0.97861770200082854
  0.98401928008024719  0.98939997622038167  0.99470240419709810  1.00000000000000000
 -0.00242494681191490  0.00940825733615593  0.01990335883442322  0.03080209831656396
  0.04155001988911139  0.05214190192880060  0.06273534266262792  0.07346780413127403
  0.08428656423314976  0.09503771204254298  0.10558398737935561  0.11608144475140772
  0.12663321163996796  0.13733159951896612  0.14804021674997483  0.15868403670449749
  0.16911882019039681  0.17939310039055267  0.18970403373652911  0.20013865508134396
  0.21058078485332113  0.22100225197047124  0.23131075839131632  0.24211783493253064
  0.25261967637872529  0.26317733199161969  0.27341938549860262  0.28372962014800729
  0.29400657851237028  0.30422081556577052  0.31448260616418888  0.32488788132404861
  0.33537868351999556  0.34612451380053311  0.35696421960371288  0.36771746677937361
  0.37817431570154281  0.38861083938845187  0.39899850303822471  0.40946095090308016
  0.42011762533862268  0.43075376989330005  0.44134700727036580  0.45177030446963756
  0.46234520574801596  0.47292970151240715  0.48359360522904976  0.49407239398550745
  0.50469970415811505  0.51516962879030892  0.52561157980872519  0.53595130964547189
  0.54633242797602444  0.55678518963562662  0.56733318641682640  0.57791574229809650
  0.58845033614374997  0.59896361103313511  0.60926556804212939  0.61939738652263265
  0.62962604006845024  0.63990375262999011  0.65030197302577841  0.66065258156030604
  0.67100278681662917  0.68146470160858363  0.69200113471524638  0.70263870570219233
  0.71338233837689102  0.72412370227709799  0.73477507902460493  0.74537037263851935
  0.75599676582702346  0.76669215623902154  0.77742985902689865  0.78810773456001526
  0.79882525828204654  0.80955017088198467  0.82020940321681091  0.83085162218402275
  0.84133618981342517  0.85197332886890875  0.86259703212571193  0.87331769300462914
  0.88401415104528280  0.89446615784098027  0.90510306689019004  0.91552693870204127
  0.92595341688436528  0.93630661358380274  0.94705795029375506  0.95772823143690777
  0.96836820089078557  0.97873280211622649  0.98949513137238665  1.00000000000000000
 -0.00230677224252883  0.00917484096795833  0.01908848125456988  0.02993369564453863
  0.04059463235236679  0.05133803684809625  0.06201559634195825  0.07279049166951301
  0.08347751832409275  0.09417343576125356  0.10459991447537187  0.11499298826035917
  0.12545196181521917  0.13587611382150819  0.14640145283941933  0.15696169608686497
  0.16760459722966306  0.17837289028857956  0.18893867241791085  0.19962975833269123
  0.21028333690315087  0.22097908160977936  0.23154387085379682  0.24205803856308786
  0.25261003720191327  0.26317495246320682  0.27362910419490299  0.28406254578134399
  0.29445161244522655  0.30486492817792621  0.31520141850847938  0.32564018054967553
  0.33614936035018561  0.34670572775734698  0.35717554822227471  0.36763479741944988
  0.37804504149366347  0.38860192139966904  0.39920228129759816  0.40998381032889392
  0.42067827833798832  0.43150316505116137  0.44212351355413981  0.45249961736459443
  0.46296424577486095  0.47315927772995137  0.48353828268586779  0.49361189193468769
  0.50423254316171429  0.51472316568786358  0.52540868477528846  0.53594433683257714
  0.54653628488997974  0.55701282232860927  0.56766486436476749  0.57826058956628690
  0.58867334227201507  0.59906038304584930  0.60964835288751917  0.62016979939308048
  0.63072285535081229  0.64114453345659550  0.65185689153297044  0.66241582093489915
  0.67296286622299561  0.68344332758641868  0.69394263721725258  0.70453144508700094
  0.71500576725734777  0.72564505863045337  0.73616444043808593  0.74680096503922389
  0.75718528362894300  0.76754775935040864  0.77805165806134624  0.78864277891975654
  0.79928656842103052  0.80971498489678195  0.82027594570822848  0.83096195318494326
  0.84164084062184763  0.85224076791913816  0.86284760510703029  0.87340216512985236
  0.88404599616465418  0.89462157185508284  0.90529578419097434  0.91592738657341188
  0.92649699600068569  0.93699804467742720  0.94746731061990530  0.95790558852399688
  0.96841300702324229  0.97890917720341020  0.98950859316770656  1.00000000000000000
   6.6683132902144237E-008  -1.0000000000000000     
 F F F F F F F F F F F F F F F F F F F F F F F F F F F F F F F F F F F F F F F F F F F F F F F F F F F F F F F F F F F F F F F F F F F F F F F F F F F F F F F F F F F F F F F F F F F F F F F F F F F F F F F F F F F F F F F F F F F F F F F F F F F F F F F F
  <DiscreteSampler_grid>
  grouped_processes
  1 # 1 for a reference and 2 for a running grid.
  10 # Attribute 'min_bin_probing_points' of the grid.
  1 # Attribute 'grid_mode' of the grid. 1=='default',2=='initialization'
  0.0000000000000000 # Attribute 'small_contrib_threshold' of the grid.
  0.5000000000000000 # Attribute 'damping_power' of the grid.
 # binID   n_entries weight   weight_sqr   abs_weight
    10   10   5.041973302924346E+004   1.590795839608937E+010   5.041973302924346E+004
  </DiscreteSampler_grid>
