  0.00232558228295254  0.01632259032863071  0.03054105140593196  0.04294197107512400
  0.05496062194517143  0.06652789138645782  0.07793082841876288  0.08924423413044373
  0.10033587949265180  0.11130442869569339  0.12220361583442677  0.13331164555709069
  0.14436141958461490  0.15521420297952684  0.16594442394192188  0.17669038556170769
  0.18760842720604398  0.19848684957634280  0.20941370099914769  0.22021461396793579
  0.23110587334626004  0.24194899835838340  0.25270698254502477  0.26329639592227527
  0.27390558025432421  0.28478546434559171  0.29569194493601875  0.30651132144912518
  0.31722584659398440  0.32798278631203526  0.33877540420134561  0.34943398969548217
  0.36011087091853189  0.37080492532770182  0.38141746311168667  0.39192869768732830
  0.40255103438151729  0.41329365529372902  0.42417873669120165  0.43513420001082592
  0.44589138649252991  0.45667448244761710  0.46736856030657781  0.47804545261118236
  0.48853427985272985  0.49906064396411498  0.50969949220008792  0.52023954718676446
  0.53080097785902169  0.54126668792367483  0.55187098779901811  0.56246016080790173
  0.57280446588986333  0.58341326888887879  0.59375301638585731  0.60408318643582060
  0.61421370523698038  0.62440502224156469  0.63467488370842695  0.64505616223082307
  0.65538359371203225  0.66558132376248547  0.67586663484050558  0.68634226484039762
  0.69686018753980705  0.70725858535727826  0.71765732529482829  0.72808215137096821
  0.73856207294695841  0.74906191305516168  0.75959347129823607  0.77004107808817635
  0.78061726826149713  0.79115188880739262  0.80159057868914918  0.81181527740714654
  0.82203394013892916  0.83219892702763176  0.84233273518689300  0.85247836120155362
  0.86266489944861169  0.87292343303928288  0.88309050455567906  0.89310001757671675
  0.90294285629452431  0.91272204654866551  0.92248289409190432  0.93225573536869866
  0.94193518239172336  0.95153121955354303  0.96097199576456893  0.97011279177133702
  0.97879671823539094  0.98677647843377958  0.99334968548020108  1.00000000000000000
  0.00236505865036000  0.01638985311744640  0.02980762569842312  0.04182757668164025
  0.05351523990921747  0.06504818834175657  0.07629340544076188  0.08752053320661551
  0.09869696009878173  0.11006068730158446  0.12124089827110344  0.13212878422945243
  0.14273201713097891  0.15331527718761773  0.16378514385800819  0.17431786020046233
  0.18485729282334351  0.19556727063238316  0.20622925476431547  0.21677055549929256
  0.22739206078728005  0.23806158770462824  0.24878198419709852  0.25952631392577430
  0.27029505817774435  0.28115904104061273  0.29189835872103925  0.30249484165765933
  0.31290534274638243  0.32325949211019278  0.33374373842802568  0.34429694610921258
  0.35470269536202387  0.36503941201291146  0.37551419469503977  0.38608977707440201
  0.39654532765255229  0.40689112250220305  0.41725205376366409  0.42777445436861022
  0.43836551301999266  0.44890265580087957  0.45938292109507600  0.46987550468970463
  0.48041116350076618  0.49092309590564265  0.50137949814074534  0.51187154414051184
  0.52251373894619924  0.53325508685253942  0.54397562697069479  0.55458082521769703
  0.56502700696493380  0.57545477045331861  0.58589783194757683  0.59637736272762287
  0.60681799836186157  0.61727399853051146  0.62774007133768017  0.63821652598928369
  0.64867321090334240  0.65914043909092856  0.66960513081445405  0.68003314169636597
  0.69050039896858684  0.70098196325019990  0.71143465591858401  0.72179377879339179
  0.73207450929883056  0.74231880934454619  0.75256446369220809  0.76282300194179176
  0.77310168568246629  0.78335784896921146  0.79356196182054684  0.80368802350581292
  0.81378504991525846  0.82387637938995939  0.83394204290593243  0.84393400220704407
  0.85386746110601419  0.86381118162260428  0.87378280537481501  0.88380748073693283
  0.89388574772703988  0.90399239637092921  0.91406374254353495  0.92404072279790972
  0.93389187869752222  0.94355421498960590  0.95298076577605850  0.96219542489610344
  0.97117770379823454  0.97962731685843918  0.98772244594644143  1.00000000000000000
  0.00586313625565793  0.00722926463743506  0.00834601588267554  0.00937881926377392
  0.01042137969631053  0.01151844448835037  0.01266789559770571  0.01386245794241185
  0.01508604311846597  0.01632409808184992  0.01757617344191248  0.01883930256988485
  0.02013324530914709  0.02147546196874634  0.02286191476038364  0.02423910576548607
  0.02548256952117831  0.02649629599173640  0.02749671568105281  0.02868824299277189
  0.02994012884198165  0.03120771518321874  0.03249886571714755  0.03381633233195729
  0.03516205217836812  0.03654752565892370  0.03797105148894932  0.03942998283198082
  0.04093074239089194  0.04247595191559767  0.04405745136055281  0.04567325085720321
  0.04734772624504299  0.04910010935997949  0.05091584895465183  0.05277411233103872
  0.05467984823559529  0.05666240627082124  0.05871331521343746  0.06083366221610871
  0.06302859873725232  0.06530914969679601  0.06768206929321779  0.07013515082820679
  0.07269828021739572  0.07536958866884519  0.07812060398936202  0.08093946866421843
  0.08386863857728731  0.08693397884548414  0.09011475378064429  0.09341012854848944
  0.09684389732712342  0.10041758656711058  0.10414652529730885  0.10803953923524084
  0.11210087418816882  0.11631309766960757  0.12069543283498700  0.12531538208961818
  0.13022856635286728  0.13538875941945308  0.14072351390940963  0.14625396938911622
  0.15205162459328822  0.15816555879867816  0.16460773317350108  0.17137346847887749
  0.17851046924385053  0.18605010894093527  0.19398729026871533  0.20239402484438532
  0.21130496996058967  0.22072062777736906  0.23064173763416412  0.24112365016652440
  0.25231623164040490  0.26420345900611791  0.27696105744737726  0.29058749560597014
  0.30523789993857620  0.32101258354133316  0.33803875971735031  0.35636996822777833
  0.37625722168934839  0.39804619663386898  0.42219422044219124  0.44926909812337112
  0.47981841688661958  0.51430099444613309  0.55406128165929502  0.60231949823688458
  0.66571459620432938  0.76093207423243014  0.85831797522891640  1.00000000000000000
 -0.00094613343113485  0.00372330085911492  0.00905474621336242  0.01411080847676319
  0.01938599390827856  0.02475341880250560  0.03012046333080867  0.03550405906314665
  0.04095894541554487  0.04649450326980234  0.05208400437587653  0.05767925293126500
  0.06327345484304099  0.06889221973321405  0.07455158245448326  0.08028280996318903
  0.08606769634928721  0.09188274950184526  0.09772308807670771  0.10362681456250129
  0.10960001690077852  0.11563104632617886  0.12169560371700323  0.12778893501386734
  0.13391983269813443  0.14010423968993285  0.14638239934234534  0.15275166532824377
  0.15919693013250863  0.16566131572385190  0.17202925970045338  0.17831343954544590
  0.18467117925363488  0.19116863745711038  0.19776062200879210  0.20436410851986511
  0.21095721741831963  0.21761085927359225  0.22439556002512973  0.23129453388214108
  0.23830665199743098  0.24537581214611459  0.25247960063978470  0.25959373161993987
  0.26676495129615690  0.27404033382647908  0.28139290382351878  0.28884824771239120
  0.29636642070027369  0.30410709253975376  0.31187625571164940  0.31979486238297905
  0.32773939877548858  0.33576377346127811  0.34389037129702199  0.35221333872889521
  0.36073138529902188  0.36942001955992831  0.37820645472318953  0.38707734259855814
  0.39609835729399462  0.40536235692708744  0.41483344107766357  0.42436171893827407
  0.43392519319002487  0.44365396704321142  0.45361996760181111  0.46374320953414894
  0.47393485499081206  0.48424280184106228  0.49475478817980068  0.50549009143817381
  0.51654184268706727  0.52801425129456780  0.53985158759838248  0.55198980980838552
  0.56433551692157380  0.57704589012398666  0.59005590890938298  0.60345188743091061
  0.61731143643043751  0.63137898499568135  0.64623826392457129  0.66202854910123421
  0.67872944198454244  0.69598894893082475  0.71391868720978269  0.73268667943671062
  0.75268813035098259  0.77435214615543602  0.79814499660565297  0.82467483622381943
  0.85448693383554253  0.88923761596262696  0.93501368174125288  1.00000000000000000
 -0.00231227669547537  0.00918592200392620  0.01908115297013302  0.02984190743204672
  0.04044058814580556  0.05090904389053375  0.06121697438059788  0.07155011465740338
  0.08184893099532282  0.09213075448215644  0.10246122129769060  0.11292570202871849
  0.12354130150754178  0.13405665477256512  0.14471756919439749  0.15546320293059168
  0.16621918531618046  0.17674812148295835  0.18721009674932854  0.19761653108584806
  0.20796543053937575  0.21828237343156345  0.22870118366632486  0.23920969533477809
  0.24968275139959842  0.26006762565765734  0.27047461098286091  0.28114900956437766
  0.29189626216364800  0.30252200056583822  0.31312048385839758  0.32370003397330926
  0.33434279948686685  0.34481093860628420  0.35530873896034459  0.36586945174741586
  0.37653592516122258  0.38725462149682421  0.39794491662082260  0.40860301259195814
  0.41937994886959107  0.43018727242320737  0.44104244492930106  0.45172418171003015
  0.46241043126452341  0.47311959442241952  0.48371349993877305  0.49430676852323069
  0.50480075227327548  0.51528792758366848  0.52567697158067928  0.53606740097669303
  0.54653655717693672  0.55725339106597005  0.56800542683522992  0.57872416945047678
  0.58926485762357905  0.59994867017953435  0.61063251599069635  0.62106098502255747
  0.63145978073199394  0.64163587592384408  0.65210445570606512  0.66249994637003207
  0.67299636785564876  0.68366123924339950  0.69420887503217943  0.70492416335825769
  0.71553769120985355  0.72595494851618025  0.73634041879504286  0.74672800378020998
  0.75716629023901072  0.76763013702020555  0.77818256656470020  0.78873830265648492
  0.79932254130903801  0.80986488248421062  0.82050849850565133  0.83088189582093774
  0.84135679695285892  0.85172879049325889  0.86234760733509785  0.87287343329069100
  0.88340530459550060  0.89402905069792027  0.90481856034187014  0.91565453917729422
  0.92648351993910338  0.93687184781066546  0.94745397715707380  0.95791227263231427
  0.96845420648783764  0.97916373991914019  0.98953070305540247  1.00000000000000000
 -0.01410710878062744  0.06327247067039704  0.10908352673504156  0.14409677731442797
  0.17383986820471001  0.20008485740935344  0.22372687121698953  0.24539316933915006
  0.26549415798988907  0.28436078034586104  0.30224805602301930  0.31916210273105977
  0.33520166080014041  0.35061357061231563  0.36542268817389789  0.37977346916165666
  0.39378721848498344  0.40735698319035407  0.42052955668253728  0.43315236488631365
  0.44551166250040508  0.45736470721878192  0.46898986713074331  0.48032400896511107
  0.49153520677741813  0.50262149123891464  0.51347290468317541  0.52388810886010007
  0.53391162683245885  0.54378636402432778  0.55355767581073390  0.56321435651662444
  0.57267191672070072  0.58192284979733522  0.59101283678275141  0.60001127241793639
  0.60893923182793297  0.61772595215328086  0.62637857767000005  0.63496181082275027
  0.64350805132093669  0.65193826132105082  0.66033348055056107  0.66861454728739333
  0.67673269523241131  0.68459789774164559  0.69237057610324926  0.70000273065424812
  0.70758765383344047  0.71507843895804046  0.72246867035245177  0.72970880024976115
  0.73705459604556978  0.74441201658044742  0.75166946843875926  0.75887150629291145
  0.76599665799731109  0.77300040885270949  0.77991825995754072  0.78680261384059025
  0.79354829560438866  0.80018909430972662  0.80672453031358382  0.81321839043281341
  0.81963526831913192  0.82596458267593387  0.83228309152459190  0.83858846022582623
  0.84491502051257461  0.85117056584812489  0.85738168251701530  0.86354262690469241
  0.86966297867520481  0.87575274913265999  0.88182654921068104  0.88789365365848472
  0.89393977765565746  0.89994218879297494  0.90589178443814444  0.91177558482815357
  0.91759352434590069  0.92335006735337388  0.92905000286660455  0.93470918009548454
  0.94030803022207465  0.94587176104702386  0.95140229090240169  0.95691923089090225
  0.96240641968330254  0.96785730380565060  0.97325793319159237  0.97862862782512750
  0.98397364695911826  0.98934889983248853  0.99465898561233579  1.00000000000000000
 -0.00231094644277989  0.00911380825869290  0.01916820063644839  0.02990047934478466
  0.04046100826623909  0.05119609155077450  0.06177861261270280  0.07266817621456857
  0.08332485083034769  0.09404906643525160  0.10455506527040416  0.11518396687491074
  0.12583610670211648  0.13640596537886210  0.14697111034799767  0.15747979230762954
  0.16811812091854636  0.17876912533485012  0.18943967834893730  0.20005473441154858
  0.21065757542160374  0.22128325603490664  0.23191304527987361  0.24251758866729706
  0.25307759933161522  0.26352394813012975  0.27398682930545759  0.28451708172661561
  0.29511021146059391  0.30566290733512552  0.31624181157956899  0.32690604240240612
  0.33754354489829169  0.34800876009141984  0.35848701969188496  0.36899925346560103
  0.37957157928476359  0.38987525653790822  0.40028101288354950  0.41067529417728293
  0.42109492618243066  0.43156112490066201  0.44184695496947723  0.45215826545413484
  0.46257996896760989  0.47297148023149138  0.48323393732183323  0.49349886741143567
  0.50373926429360694  0.51450057991195508  0.52488904696815442  0.53527575645101588
  0.54562036976395156  0.55609828777362169  0.56663341500992781  0.57704041878638013
  0.58748838150695282  0.59812054724688324  0.60869625041370579  0.61920158706643680
  0.62964853615780469  0.64017563245932285  0.65058210640137448  0.66089038286336876
  0.67130277309087483  0.68187187490553713  0.69236635931745927  0.70290252187366964
  0.71338505944696939  0.72407914018661279  0.73468363693576955  0.74535861114873736
  0.75598019773959202  0.76668176616008232  0.77730423615110322  0.78794550539273467
  0.79866235894025128  0.80945757048886480  0.82019572005968888  0.83067451566455341
  0.84120604859671499  0.85182108038021820  0.86226045439434518  0.87282944850379796
  0.88329235200420364  0.89408550019704269  0.90482292508113293  0.91564298653093978
  0.92619896830237269  0.93677307225790751  0.94728673981902078  0.95802157821591627
  0.96852764741103869  0.97906714398288741  0.98954389777195617  1.00000000000000000
 -0.00226207233584591  0.00890637778414878  0.01897991602354460  0.02969638920943617
  0.04046384949407058  0.05097293733721589  0.06147237212332452  0.07179799657925807
  0.08213149433557164  0.09211004269231035  0.10232415803808367  0.11266590232544610
  0.12302346476359433  0.13333704251673451  0.14361339858685934  0.15403917275473372
  0.16468954642321454  0.17522203506888498  0.18583528533450669  0.19642980458017603
  0.20713626710144012  0.21759641142328323  0.22793604453770405  0.23821769568253282
  0.24866228939065627  0.25927924121007551  0.27007479041274268  0.28060144550015154
  0.29108471745808984  0.30154735134626209  0.31200861773871530  0.32247831495873103
  0.33292406153129078  0.34338142202624067  0.35402723013691484  0.36450226698630178
  0.37512755593724550  0.38573332604708505  0.39650896680623215  0.40731739236633185
  0.41794412396451935  0.42841278232644991  0.43892742549556374  0.44924802715020784
  0.45983190463752277  0.47035595461075569  0.48109095060397894  0.49164175172867591
  0.50216236826890825  0.51297764855910655  0.52347637157201454  0.53387480345347127
  0.54414234239854598  0.55474366362260241  0.56528759265619410  0.57590904793162789
  0.58650374471839628  0.59731883709524336  0.60791500561373690  0.61858719750085356
  0.62907431094792721  0.63976728343820033  0.65039112699185642  0.66107188012010576
  0.67162931493409939  0.68212646539852040  0.69270957446787063  0.70327446982252395
  0.71372014475406453  0.72398940163996228  0.73435670117244667  0.74473741039305585
  0.75521788115440258  0.76570151384427698  0.77623316125594510  0.78677016101851960
  0.79735459242368301  0.80786779309620493  0.81838871282918058  0.82899200216148394
  0.83965942758562784  0.85036117104741582  0.86094059232320919  0.87171351860263102
  0.88247956104593350  0.89326163392360058  0.90398486248507404  0.91466501277196988
  0.92535574921644859  0.93594363008387516  0.94666312995746693  0.95734396617785522
  0.96817084767091366  0.97867346176984493  0.98939974042469103  1.00000000000000000
   6.6796945665963943E-008  -1.0000000000000000     
 F F F F F F F F F F F F F F F F F F F F F F F F F F F F F F F F F F F F F F F F F F F F F F F F F F F F F F F F F F F F F F F F F F F F F F F F F F F F F F F F F F F F F F F F F F F F F F F F F F F F F F F F F F F F F F F F F F F F F F F F F F F F F F F F
  <DiscreteSampler_grid>
  grouped_processes
  1 # 1 for a reference and 2 for a running grid.
  10 # Attribute 'min_bin_probing_points' of the grid.
  1 # Attribute 'grid_mode' of the grid. 1=='default',2=='initialization'
  0.0000000000000000 # Attribute 'small_contrib_threshold' of the grid.
  0.5000000000000000 # Attribute 'damping_power' of the grid.
 # binID   n_entries weight   weight_sqr   abs_weight
    10   10   4.122423472469707E+003   6.450916797736792E+007   4.122423472469707E+003
  </DiscreteSampler_grid>
