  0.00240642261913770  0.01610845161050090  0.03000017847365920  0.04234703649472377
  0.05393574308087318  0.06543156855706245  0.07647539225604268  0.08746837831297906
  0.09825538373049506  0.10919531073024930  0.12020551688376284  0.13113400918627288
  0.14198294776335491  0.15273594257750242  0.16362120560242366  0.17439911702585487
  0.18513693259679545  0.19573178038910793  0.20638594060736187  0.21714593401954782
  0.22780230942286506  0.23848993376332300  0.24913923114420108  0.25978031656733869
  0.27026307784121201  0.28078496412553866  0.29136048131938380  0.30203668024268449
  0.31264411365889838  0.32326753606398911  0.33381470933803720  0.34418400510899466
  0.35455458192409878  0.36507161258206683  0.37553864887787003  0.38578072594443025
  0.39590119592300721  0.40613754549141945  0.41640448861806717  0.42670330626968572
  0.43715606886073360  0.44772083225588127  0.45829357451239428  0.46881756702287514
  0.47929057566740413  0.48973183095204909  0.50016648926620888  0.51072191413906143
  0.52138097712493592  0.53210367265847580  0.54285513749597436  0.55360469480100716
  0.56436087202866803  0.57505782400765637  0.58569074539568666  0.59621275212222347
  0.60669609417023196  0.61713733575789154  0.62755461785208000  0.63796081507705338
  0.64838914916486490  0.65884777471544709  0.66929853927738092  0.67973453516612947
  0.69020022975083251  0.70071450315839456  0.71124234692061017  0.72172633312191692
  0.73219602236168080  0.74263417326847869  0.75301114312950357  0.76328309394869742
  0.77349461044489609  0.78375377374164268  0.79405182382787409  0.80431909014543135
  0.81451402510910076  0.82464498928127583  0.83482422464068351  0.84504360456165339
  0.85523511692476162  0.86529913694059446  0.87524577759751465  0.88513518015926018
  0.89500486989844608  0.90484277966288662  0.91465150316487998  0.92444888675165948
  0.93420105399499631  0.94387436179267448  0.95342101101483356  0.96278407462586824
  0.97178908090432825  0.98010244063965690  0.98847577930170438  1.00000000000000000
  0.00226218534196393  0.01669105484056559  0.03071338566167737  0.04303701450139440
  0.05491941896757411  0.06653823774186465  0.07812374563191227  0.08939588310568404
  0.10015916928090536  0.11095361420268265  0.12147571623447553  0.13214335261022139
  0.14289420447047640  0.15371584151004181  0.16456523453592417  0.17541948214618652
  0.18624114051729765  0.19698642219952947  0.20768516394482733  0.21838164256315543
  0.22914139820923771  0.23993557802822507  0.25073176115771773  0.26150461135752806
  0.27230083742657085  0.28312901300965676  0.29387738098016924  0.30456662908002807
  0.31521672637937248  0.32587312527367324  0.33647631750737361  0.34699389602703279
  0.35744530824698173  0.36792570918799566  0.37855208258620637  0.38931483064277062
  0.40012523481845130  0.41093359780074107  0.42173127197907490  0.43249470176263072
  0.44312790593103601  0.45364958860864013  0.46417038780526398  0.47481396077007987
  0.48554052766600497  0.49626360932447872  0.50689852227905119  0.51743923399810254
  0.52790397510317288  0.53829032759695250  0.54866628542379414  0.55909061654897863
  0.56959221504080415  0.58016109272563465  0.59071032886698005  0.60115330262729239
  0.61155471082048096  0.62200696858055671  0.63245195739499349  0.64279651830512174
  0.65306399550859218  0.66331696508621496  0.67354546479112676  0.68384553760252831
  0.69428749129972156  0.70479951121638906  0.71522946873223936  0.72564906842017374
  0.73611341216252069  0.74660657690765919  0.75707261563419281  0.76748360107308644
  0.77781173008534943  0.78805300876207929  0.79828591602074417  0.80856479746904286
  0.81888314274542751  0.82925776381887684  0.83962444551346171  0.84996279122115059
  0.86016750969749556  0.87026904541280792  0.88039650637879840  0.89057826075248725
  0.90081022887892026  0.91093248211883793  0.92088926580425412  0.93077073432284507
  0.94047636882354413  0.95003700687358583  0.95929745574415604  0.96834706018743344
  0.97700903025943175  0.98510580372878809  0.99353579232192013  1.00000000000000000
  0.00762026184835669  0.00919793397881350  0.01030090082688526  0.01135782537045510
  0.01245713587209770  0.01358799891514727  0.01473691146592398  0.01597333450813207
  0.01720713332687969  0.01844917608059296  0.01972636413305137  0.02100695660310831
  0.02223828814124527  0.02345828416431596  0.02471129755164191  0.02592651138691767
  0.02697905143317240  0.02803702786898806  0.02925185224322618  0.03049246404950187
  0.03175656842604763  0.03305574976776626  0.03437908820790307  0.03572285552900315
  0.03709289318212575  0.03848563314052907  0.03990678798236911  0.04137604524238420
  0.04290808322522392  0.04450305471143365  0.04614772964555484  0.04785972324343490
  0.04962222304654836  0.05144473328010900  0.05331294996484872  0.05522884955520335
  0.05721914631029127  0.05928453589610092  0.06143102625611442  0.06365134447874023
  0.06594753835607819  0.06833565711995088  0.07080755130637162  0.07335817481633887
  0.07598961728590352  0.07869991679422629  0.08150951083548409  0.08443287159828111
  0.08750019808600208  0.09070986812153917  0.09402511200696360  0.09739929731026106
  0.10088301878781095  0.10454557207163305  0.10840412615154855  0.11239629944198143
  0.11652970223930782  0.12088028271060502  0.12544448251200577  0.13021006502974497
  0.13517651770009692  0.14037190715566578  0.14582061100516056  0.15154108412944073
  0.15754189465483631  0.16385538000652430  0.17051521898328850  0.17752167371821090
  0.18488123506266788  0.19263671028689264  0.20083421553441727  0.20946827225229947
  0.21852401028394111  0.22806291385903768  0.23819823683678029  0.24903116377284903
  0.26058770495696593  0.27286485265318888  0.28597223779847353  0.30008919736254147
  0.31540039379752310  0.33188159473934953  0.34949103158626466  0.36843876987942509
  0.38910672338677654  0.41185873427196068  0.43708127127560237  0.46530482170848669
  0.49742242947701348  0.53418435651897322  0.57676002562973228  0.63005554022486998
  0.70640776369840785  0.80688672265583161  0.85836800488598375  1.00000000000000000
 -0.00100496970829113  0.00394442286060468  0.00909683109122345  0.01414322885361468
  0.01933729581395687  0.02463639342069318  0.02994977527859782  0.03525733256970375
  0.04058964317520879  0.04600082756323102  0.05151655501590898  0.05704820863657383
  0.06265100653948218  0.06833377167058446  0.07404962360443469  0.07973507045045976
  0.08539443285343770  0.09106749715952077  0.09678513200034672  0.10255567423264934
  0.10841556899677168  0.11435971700099459  0.12036734406293415  0.12643127317972894
  0.13254185667573379  0.13870628289413192  0.14493590872335441  0.15126038266946010
  0.15765983908135783  0.16412787813213034  0.17064807085472239  0.17715287443635949
  0.18365577731643229  0.19017759615243768  0.19675460941118830  0.20343449320785539
  0.21021739685859131  0.21703822943928483  0.22387631749661652  0.23078581112373642
  0.23784177058230463  0.24504624486134571  0.25233355476805319  0.25967305751800285
  0.26708418694167640  0.27455519897943209  0.28217619837814056  0.28986731859564946
  0.29764853493939780  0.30545134580024685  0.31336915490083989  0.32133190285908475
  0.32934205877019140  0.33743830427132021  0.34572138021869120  0.35418091349112490
  0.36269309544145611  0.37120479170833759  0.37979550459749140  0.38848617462548402
  0.39724658316171796  0.40615811702930948  0.41521051346706062  0.42450248299325244
  0.43404835030370670  0.44379522926722365  0.45376225240904772  0.46389271178143476
  0.47412955752186281  0.48444612899483458  0.49490723506643769  0.50570669362433829
  0.51697670554781217  0.52860698408308071  0.54044726486477102  0.55246153874659665
  0.56472023057772036  0.57752605566256021  0.59065348115404070  0.60405348438401385
  0.61763664216017578  0.63172960374023723  0.64655326509509270  0.66206824216404159
  0.67806732467733200  0.69474303197001130  0.71246189551930561  0.73161366298228570
  0.75208035952807928  0.77371876214314572  0.79712769892897295  0.82326079083331083
  0.85296476558371914  0.88780184571909648  0.93351902903057160  1.00000000000000000
 -0.00241361709770069  0.00948898435409696  0.01941975922053371  0.03032750577382754
  0.04046346033340021  0.05077909681655750  0.06083179882439391  0.07169278729822920
  0.08219971733269010  0.09278517264559788  0.10302497061029738  0.11373735163952337
  0.12432139243534468  0.13500702231209638  0.14556765106754155  0.15613210368176414
  0.16669225982328575  0.17739685043832296  0.18812717322847214  0.19878210471728566
  0.20924967718447426  0.21978315825445385  0.23041384115644575  0.24114422424285215
  0.25177595963520927  0.26229805105541143  0.27280264699582379  0.28335088380998918
  0.29378687154510436  0.30422565496627402  0.31453537656158131  0.32511418563632588
  0.33566167427113330  0.34628974569571425  0.35684756949258140  0.36750121041628980
  0.37799890104114492  0.38840925074596383  0.39876925001864222  0.40955901824919921
  0.42027536571163382  0.43115009373692958  0.44157026851800368  0.45223807397806198
  0.46261387998387032  0.47325182775940011  0.48370198578253254  0.49405002153823158
  0.50454988536531953  0.51494230851596501  0.52554766704836720  0.53596670788999834
  0.54664061502570049  0.55721705136958077  0.56784124482170273  0.57817990344080061
  0.58887146344388319  0.59960328953821718  0.61023690701489819  0.62069437051120280
  0.63106474673796920  0.64165014093439832  0.65225080605250429  0.66286076355524037
  0.67343319907924903  0.68394073004066469  0.69454439583487648  0.70494092474412129
  0.71560574326593995  0.72590911449386486  0.73635042861384847  0.74663489915805992
  0.75731951283522636  0.76781335636170300  0.77828040047811142  0.78884727949781375
  0.79940740509749608  0.80999243061501691  0.82045289669412635  0.83120130868578690
  0.84164102303912069  0.85214963111564712  0.86259367338390580  0.87308169919988377
  0.88360323374273775  0.89408088391910845  0.90487832088248377  0.91560599679961718
  0.92623190756981699  0.93671726998116500  0.94734455113451121  0.95802470162437670
  0.96847071255550266  0.97906928477077848  0.98933114969576663  1.00000000000000000
 -0.01399923546852054  0.06321276281921330  0.10918157875275121  0.14377179337920959
  0.17276824574259500  0.19880867616296494  0.22240153532801710  0.24400044137623272
  0.26409371267120574  0.28312091352044239  0.30131688077467444  0.31857272589538455
  0.33479520195026552  0.35025969975037702  0.36517620633235381  0.37961349991229754
  0.39357326349724348  0.40691370034019592  0.41964251196892166  0.43191115377132272
  0.44388115337282885  0.45569027481170982  0.46722175196939664  0.47840003434220613
  0.48925950301880483  0.49989630639201726  0.51037963662707753  0.52077841607050934
  0.53105797185362225  0.54119518527375743  0.55117625388473146  0.56104692247966348
  0.57078521232888546  0.58038512124245267  0.58981855584552445  0.59907033971501311
  0.60812545768738224  0.61703481121329185  0.62581173792511147  0.63448796611608682
  0.64304533649135276  0.65144794214170532  0.65977621413573739  0.66799824330608459
  0.67615483424237932  0.68418099194039883  0.69211491079446197  0.69990998602458965
  0.70763667295130361  0.71529906282436084  0.72293517566758536  0.73050366440799086
  0.73788828724951261  0.74521475622008082  0.75246110326096916  0.75963304825253497
  0.76672689247588943  0.77376496900277203  0.78068377033440173  0.78751281937010653
  0.79422765791895011  0.80084563903681116  0.80745923011468157  0.81405749227654345
  0.82063330962582637  0.82716441066355872  0.83361661699207290  0.84001385734089040
  0.84639474894123923  0.85271451272649013  0.85899354971579067  0.86522244247060631
  0.87137856154986570  0.87749322500044258  0.88352842544816845  0.88947471548968848
  0.89535516518668035  0.90119007306859344  0.90700544651294912  0.91277650217517392
  0.91845853844972369  0.92408683273586811  0.92969910186661076  0.93524548430945320
  0.94076045168854927  0.94624615418129443  0.95171982235825203  0.95719646704992001
  0.96267570314076145  0.96811800120730052  0.97348359088596093  0.97876220206786091
  0.98403911104782349  0.98934802279505363  0.99459712573263248  1.00000000000000000
 -0.00224435742446282  0.00902443587746752  0.01884478821696157  0.02954346855251167
  0.04005249170915534  0.05059290548269651  0.06124993793982049  0.07195492751359663
  0.08270746689975940  0.09360231565250095  0.10430515752826990  0.11491209336563116
  0.12534934728017816  0.13583382857832343  0.14645792156147933  0.15694330765356923
  0.16757299538539872  0.17810965937145659  0.18875325659746511  0.19923685837345464
  0.20983769324073065  0.22051724458452307  0.23114098660231122  0.24169549736762003
  0.25219717804520086  0.26279196431291169  0.27325798440706389  0.28372599078781241
  0.29433366341281053  0.30506643155493918  0.31577870122951668  0.32634701841896918
  0.33707266115263723  0.34777712179629161  0.35843883008717831  0.36902453292607640
  0.37953492218397650  0.39013359526309016  0.40062615874605617  0.41121067635955999
  0.42181953496186048  0.43246099119933556  0.44307559014981424  0.45352826420749476
  0.46404989159355076  0.47447941936858351  0.48502592556836216  0.49554394733781731
  0.50607701455204634  0.51663889878862368  0.52723450507347724  0.53779579369276176
  0.54836245462528821  0.55889299722408903  0.56955193221952582  0.58025216122193612
  0.59101516928544251  0.60169848863152675  0.61218531069736604  0.62257438077519500
  0.63289838469976056  0.64316686866601724  0.65358257299713729  0.66377467506064425
  0.67423558934968508  0.68458328502846633  0.69517464855465438  0.70584321596006749
  0.71639237383772092  0.72685826119255192  0.73720306912188371  0.74769541778875759
  0.75831455338036546  0.76891159934638242  0.77956373779720989  0.79014042407909479
  0.80072549080777400  0.81135748834294952  0.82183576733483987  0.83239843610566500
  0.84283796594706328  0.85313594259584546  0.86362422126823513  0.87393021810542171
  0.88448448569731875  0.89481424799902343  0.90527083643861983  0.91563031853865284
  0.92621955595220073  0.93678279223901118  0.94756034542590617  0.95822653348824816
  0.96891907184342807  0.97925155884184878  0.98973935185045769  1.00000000000000000
 -0.00217993577731748  0.00887628619183208  0.01900079392008988  0.02950553454925766
  0.04037324482205967  0.05104424209103874  0.06195995722267356  0.07264861816546285
  0.08335730550373026  0.09383777731943366  0.10467396405965823  0.11519676796383013
  0.12577731279281529  0.13619098867491219  0.14679163199287679  0.15733107753076361
  0.16788278277901730  0.17849827070924351  0.18918027029010914  0.19979077498939096
  0.21049420894748982  0.22098552833664492  0.23148642893667334  0.24175582938350546
  0.25219679805061612  0.26265340620566380  0.27318007877270617  0.28376783348925744
  0.29428752110085260  0.30490933662600794  0.31541223365283177  0.32605230787946843
  0.33647675994582354  0.34672660698432051  0.35716722448362109  0.36761715937511175
  0.37798653169501323  0.38821146531042333  0.39865390632176995  0.40939506840115925
  0.42006908527759129  0.43062664976838971  0.44149439395186713  0.45218573277952107
  0.46283279644543279  0.47348444738338524  0.48424925972851829  0.49508703596639925
  0.50553921875961516  0.51613493219715190  0.52643721320690162  0.53678602424586508
  0.54716726273780125  0.55765817480878377  0.56818606944931338  0.57874169561493449
  0.58938392754372027  0.60007889342061638  0.61084991914155851  0.62167094957049485
  0.63241144457741594  0.64299919910084158  0.65341528364664270  0.66406247192248602
  0.67459130486291763  0.68515552900573562  0.69577570138616929  0.70625372258137564
  0.71679766541476542  0.72757022208263966  0.73805136950948025  0.74846940868675960
  0.75879827200572814  0.76894645701764253  0.77941148662042614  0.78985304131232492
  0.80061670464073165  0.81128104637847842  0.82181836471960701  0.83237128721861531
  0.84296273025517898  0.85340202855223735  0.86381509064758699  0.87422291343702352
  0.88491126389211672  0.89542639645418998  0.90597099197130049  0.91653963909381031
  0.92715630189739340  0.93762136723207479  0.94774276762862308  0.95811312013714245
  0.96848373887668382  0.97898531566456348  0.98941840058877750  1.00000000000000000
   6.6579127661375727E-008  -1.0000000000000000     
 F F F F F F F F F F F F F F F F F F F F F F F F F F F F F F F F F F F F F F F F F F F F F F F F F F F F F F F F F F F F F F F F F F F F F F F F F F F F F F F F F F F F F F F F F F F F F F F F F F F F F F F F F F F F F F F F F F F F F F F F F F F F F F F F
  <DiscreteSampler_grid>
  grouped_processes
  1 # 1 for a reference and 2 for a running grid.
  10 # Attribute 'min_bin_probing_points' of the grid.
  1 # Attribute 'grid_mode' of the grid. 1=='default',2=='initialization'
  0.0000000000000000 # Attribute 'small_contrib_threshold' of the grid.
  0.5000000000000000 # Attribute 'damping_power' of the grid.
 # binID   n_entries weight   weight_sqr   abs_weight
    10   10   5.433791155411181E+004   1.456710255916174E+010   5.433791155411181E+004
  </DiscreteSampler_grid>
