  0.00242636337813482  0.01631984804743074  0.02974769024269000  0.04177287088647601
  0.05349219145771125  0.06515496192459461  0.07663555598131795  0.08806694936170262
  0.09937490951603395  0.11051716339056722  0.12133646358778141  0.13218104417652454
  0.14297193673318331  0.15360388361360319  0.16412909253225910  0.17486128190459782
  0.18578279282955815  0.19676921202550779  0.20774827465817677  0.21873471015711779
  0.22971643367039141  0.24064078085346258  0.25147275677688241  0.26227847186743974
  0.27310310883177835  0.28394211135671793  0.29466744925700988  0.30531022959327714
  0.31596414085209829  0.32662121486240958  0.33724574261479906  0.34791155744122432
  0.35865429383473707  0.36945688721666503  0.38018974452810733  0.39089454985760469
  0.40159267295024609  0.41230715874242402  0.42303210375644940  0.43366178686432955
  0.44414912388264022  0.45464436734680969  0.46525376106327143  0.47586028493583954
  0.48639763539877312  0.49687888069547564  0.50740162565766689  0.51797298215230714
  0.52854762158054513  0.53915149128464501  0.54966036645129879  0.56020992358508770
  0.57081210414306160  0.58143647195563564  0.59198673129784873  0.60233842481821320
  0.61268683060345630  0.62296711243719882  0.63336709792181356  0.64375778476969669
  0.65415975529936143  0.66457264574010955  0.67499619997323435  0.68551941766728941
  0.69598031080362865  0.70649448990368591  0.71690504167593438  0.72724483935309570
  0.73743163298550196  0.74763009758576648  0.75794613510890718  0.76818613018145010
  0.77833079548347661  0.78845380409356391  0.79867882397841505  0.80886632288194460
  0.81898479234966159  0.82909097232483286  0.83914570150534473  0.84916467006834417
  0.85919649604221837  0.86930511367536323  0.87942940182459328  0.88953272439081910
  0.89960854307057181  0.90966910802051459  0.91964403416169915  0.92960082193026994
  0.93942396979383869  0.94907276737589552  0.95857233588477520  0.96782243808126134
  0.97659425261454191  0.98475311125047460  0.99353954938612155  1.00000000000000000
  0.00238617948588847  0.01632867359122010  0.03055919701213235  0.04284724488300935
  0.05453720855251053  0.06588078768122561  0.07704409160271544  0.08831188821474947
  0.09941546519385766  0.11046814740917846  0.12138411922194736  0.13227726255225372
  0.14315834984307793  0.15411171631237214  0.16492454675802998  0.17561146350587656
  0.18611876176478984  0.19676553481941722  0.20758738849550318  0.21850495101256273
  0.22937469710556557  0.24013677096165384  0.25085958291029381  0.26148974232389932
  0.27213743652256744  0.28280666242065572  0.29348625059998318  0.30409356170884166
  0.31465987084303387  0.32530709097402344  0.33595305492597338  0.34654935688333671
  0.35704213107807548  0.36764278848547155  0.37822113990599898  0.38887896240160014
  0.39953538048643467  0.41018999501425951  0.42087908226024806  0.43147389504248723
  0.44213781906313032  0.45280571929792773  0.46345716947670879  0.47404180105478355
  0.48451201683730477  0.49497555744574340  0.50539927651658034  0.51577734703815603
  0.52615487205708056  0.53651025222672399  0.54690932426019467  0.55732300067138763
  0.56779449250903125  0.57836274275672583  0.58887369617231677  0.59937056335599126
  0.60988820568930913  0.62048391684989623  0.63089860885791138  0.64108676716635904
  0.65134644316657619  0.66161024330928553  0.67175510071323696  0.68179092144420439
  0.69192466898399818  0.70228187912692297  0.71262226310164201  0.72291962615438976
  0.73317620380097948  0.74347274792592755  0.75377814445861702  0.76414697581560309
  0.77446254035291839  0.78475640316768958  0.79504767046642233  0.80537384495243070
  0.81571765202282920  0.82598035516572532  0.83626759886773860  0.84652434383055930
  0.85674002747714839  0.86679295357589170  0.87675757976064839  0.88666425970607399
  0.89653977831005605  0.90644750993864620  0.91630710214307942  0.92602482652686247
  0.93564391067414665  0.94517089184491609  0.95459616379476442  0.96378711627218805
  0.97260132250284470  0.98077755304107850  0.98873591576396869  1.00000000000000000
  0.00675196583860274  0.00867716540615052  0.00992110949625245  0.01104929898937480
  0.01218764870399596  0.01337183557845141  0.01457702047769088  0.01576352169714985
  0.01693016489043590  0.01810842418800031  0.01931187090156871  0.02056628693908485
  0.02187823803234127  0.02318316884166558  0.02445214066153950  0.02560943262009857
  0.02659546322969152  0.02763820075770012  0.02882735555383208  0.03007435558240149
  0.03130680381343814  0.03256529619101620  0.03386531610912183  0.03520367960359803
  0.03657451083283949  0.03796617149963618  0.03937102966042712  0.04081352639472037
  0.04230847050165591  0.04386049680044216  0.04546376029286019  0.04712377042147280
  0.04884497790583887  0.05061411227548207  0.05243490893548379  0.05431239276249023
  0.05626438000331774  0.05828349377218701  0.06036908020939429  0.06250795524119669
  0.06471805438597525  0.06702439486858595  0.06942722111558298  0.07192177161938604
  0.07450700019752370  0.07718523875426132  0.07994936263978683  0.08278601545227740
  0.08572375623542901  0.08879734951492416  0.09200815892862500  0.09537033774741561
  0.09885656902444487  0.10246033140831745  0.10619685143306100  0.11008517252714942
  0.11416246250378939  0.11843869659930398  0.12289764677698424  0.12753779634482218
  0.13236171527750556  0.13741865723468716  0.14270077039946585  0.14820836382743205
  0.15398038583503465  0.16004700078622963  0.16645892668678849  0.17324123304701475
  0.18044322325735093  0.18799568320483051  0.19598579830585525  0.20443003684784100
  0.21335474183687475  0.22267924275202966  0.23256973971814007  0.24310563007646341
  0.25427763787172181  0.26607593978819616  0.27869650836872789  0.29223999266082462
  0.30666946284651458  0.32196079042694098  0.33838142474229044  0.35651527227698421
  0.37648127500974504  0.39825273338648226  0.42211317408665172  0.44851662989602764
  0.47782880681616513  0.51086731965652710  0.54917895817903417  0.59518136239985642
  0.65323792700875283  0.73743979731632436  0.85446846084698647  1.00000000000000000
 -0.00103204790341371  0.00399284784359488  0.00939789561231242  0.01465942024437621
  0.01992710152735572  0.02524729808826654  0.03055373210661687  0.03585990673128949
  0.04124759143391992  0.04674218326726137  0.05234278582446971  0.05799557741400753
  0.06365402065081190  0.06932118229679189  0.07499150005784030  0.08065141998119407
  0.08632529302148655  0.09204009144155609  0.09780717843890213  0.10363470312071844
  0.10953351285369790  0.11548662278696596  0.12147660103463299  0.12752729117833553
  0.13364819403748934  0.13983069793554390  0.14607361876421460  0.15235286710371326
  0.15863713393796733  0.16494685284010738  0.17133069954304309  0.17779196068289185
  0.18434872778888789  0.19102585793061558  0.19776875125413049  0.20455878888890056
  0.21140518457769863  0.21832407198284534  0.22529439890650357  0.23232537140125178
  0.23937765631962674  0.24644648881689002  0.25356508303619407  0.26067634632089814
  0.26792362692244065  0.27523725557087952  0.28274441291246011  0.29033051725812820
  0.29795707995072579  0.30566780775892910  0.31346109210502493  0.32142828630423415
  0.32946227778563464  0.33755444455649702  0.34564647192418868  0.35382500159760039
  0.36205370940808995  0.37041980443279476  0.37895353280783983  0.38756830915800056
  0.39633400114245132  0.40534727164202777  0.41459773200799954  0.42394649421873953
  0.43338809007613532  0.44303917063725495  0.45291682504220532  0.46305385045079117
  0.47343910465472311  0.48403474220190207  0.49483668370881551  0.50586352289242709
  0.51716976083771182  0.52864798459525186  0.54041487365170870  0.55260101915353932
  0.56503482983106468  0.57762600865126412  0.59051366783743353  0.60387223081192742
  0.61751638996332758  0.63172477645574543  0.64670761195461446  0.66248888262152317
  0.67901184710944085  0.69635086765942278  0.71445481320913695  0.73324503797251239
  0.75295066838110103  0.77422519740847062  0.79777889814285297  0.82388853765794556
  0.85333417092180386  0.88808839170309151  0.93365573253933187  1.00000000000000000
 -0.00236264968649749  0.00931652725697294  0.01931533271650867  0.02975874798891096
  0.04014660174815777  0.05071411949089923  0.06105171847574003  0.07167137642166599
  0.08212655610432419  0.09246315227527994  0.10285929114599472  0.11317935480270870
  0.12374060629133203  0.13412119758707811  0.14465503256059348  0.15516908454190453
  0.16574691636186098  0.17622393522025009  0.18664538221978233  0.19709498911099860
  0.20757122500984457  0.21812248961801695  0.22865915441981682  0.23915428188258500
  0.24973128786744411  0.26023718261541384  0.27093811289232556  0.28150564541784573
  0.29212280523137074  0.30272587443779853  0.31313799163390899  0.32376397164048071
  0.33437284453481081  0.34501867418513915  0.35563347682910978  0.36615121243808185
  0.37680729048765993  0.38754465232850882  0.39811888310646359  0.40893335245559570
  0.41950612489068229  0.43042209003127685  0.44080616659042032  0.45111291878493054
  0.46140437771043152  0.47183733385321064  0.48200874866269294  0.49217750374937441
  0.50236388677300325  0.51310214634527962  0.52363656700191896  0.53415763042970377
  0.54473414280367838  0.55545854802476435  0.56603589632225715  0.57646311357440572
  0.58687265534592115  0.59736872600583912  0.60793465210748177  0.61840838020247801
  0.62879687345713786  0.63922652236199284  0.64977260829377825  0.66045569468176901
  0.67114850209968036  0.68173315583744265  0.69229815184012300  0.70290463774120848
  0.71368378838413071  0.72450245352701825  0.73524128305495318  0.74568246554270479
  0.75585923398516075  0.76612705177633145  0.77653875615677526  0.78715459115534114
  0.79763152477025345  0.80810259312289623  0.81853036638816834  0.82910904638859995
  0.83974237848755939  0.85039821717603692  0.86107648700955064  0.87171636173369971
  0.88237028547896201  0.89297759710193103  0.90369382485937999  0.91442763124713122
  0.92516635108763756  0.93590300040299279  0.94659004402742664  0.95733715877205372
  0.96781438936776221  0.97865823944366315  0.98913370553949775  1.00000000000000000
 -0.01446282639497331  0.06452028667842333  0.11095502341387506  0.14597060563602449
  0.17513496034969417  0.20098954294722621  0.22461675082712812  0.24631934000900924
  0.26630144563461483  0.28504298382263638  0.30289139135171583  0.31998593271980208
  0.33612662719129249  0.35148787688752037  0.36646976093111616  0.38105285211038603
  0.39501962569563825  0.40851512506931953  0.42158768881555664  0.43439592374972397
  0.44672463147820829  0.45872867278856366  0.47021883255175195  0.48143228681815409
  0.49244835649794377  0.50334773286781265  0.51421485726720051  0.52480568668262995
  0.53511600674449977  0.54523161146134369  0.55521021431533957  0.56491454649273221
  0.57435897593769736  0.58374812134549869  0.59318531277923636  0.60259182729801697
  0.61172056652823337  0.62056630736861618  0.62918797929125192  0.63767978625148947
  0.64610532787268049  0.65445925437714936  0.66269765856283336  0.67078991908026353
  0.67871997939552398  0.68658001327394924  0.69439442148248398  0.70217232997570733
  0.70976653017895130  0.71725471193336365  0.72471797066297339  0.73208177132501284
  0.73932804720609113  0.74645380247425397  0.75349707472783278  0.76047009604315430
  0.76736464234242308  0.77417725344214350  0.78095594704712501  0.78769250616318875
  0.79442361982554655  0.80118002817352463  0.80799918889139832  0.81475595419529023
  0.82132080336086088  0.82776475558422125  0.83415786903781119  0.84047277143361698
  0.84675939503911402  0.85294666079104720  0.85904699169502152  0.86510227470362522
  0.87106543002969983  0.87699340153302130  0.88291920841733396  0.88882960709848036
  0.89473994729228445  0.90061588513825142  0.90644562988942168  0.91224318728651077
  0.91797786110958957  0.92363098695011747  0.92923965934725683  0.93484914649163287
  0.94045710064855093  0.94606753058672022  0.95162833634093003  0.95712771009742215
  0.96257026596618567  0.96795875700741296  0.97330557050665722  0.97862338496286916
  0.98394133352281066  0.98929005897020583  0.99463748580618139  1.00000000000000000
 -0.00228193723730385  0.00900939852364765  0.01898527645972775  0.02944727791421520
  0.03998700460279771  0.05061272097116370  0.06108379140746674  0.07165518478325240
  0.08221071586306207  0.09279947236754649  0.10328230333153955  0.11382968755683115
  0.12435622330708358  0.13525415229645307  0.14587870270635492  0.15638088961988722
  0.16662293435631734  0.17701133436161842  0.18747721061164069  0.19804933815603792
  0.20878239935588716  0.21923073900322973  0.22957898318939035  0.23992089960595978
  0.25047896383906698  0.26098931798630076  0.27146449269161438  0.28200219220326500
  0.29259191824135244  0.30316280459165862  0.31374264773561250  0.32420919836970447
  0.33458074699025803  0.34506146106220231  0.35564445388161131  0.36629880736860232
  0.37711051122962325  0.38776747392867184  0.39850011099354260  0.40905743355167706
  0.41973343040347477  0.43039983091489054  0.44101143219888150  0.45160306546548978
  0.46217984451963318  0.47275458461806824  0.48321548498471728  0.49369292254173774
  0.50424510592751659  0.51491023075320130  0.52561028688945854  0.53632215316549769
  0.54715770894305293  0.55796727509191046  0.56857330381848747  0.57917772682573121
  0.58971308804021838  0.60023085499693496  0.61064602134710066  0.62112873889035791
  0.63177329907010460  0.64243198087680475  0.65302145954565671  0.66357764919394302
  0.67407738123106020  0.68462815330812743  0.69512424868965106  0.70574341714930355
  0.71623751959501836  0.72677279995550403  0.73724327959313962  0.74763283405438485
  0.75811932896838796  0.76864076411076654  0.77931753037331053  0.78985635007393507
  0.80030031469229901  0.81070323463195659  0.82106401175195953  0.83143599856138817
  0.84191494618535778  0.85262236878969000  0.86336814508825521  0.87384707153636731
  0.88414464126795989  0.89443911534213272  0.90495424793647772  0.91571354565894891
  0.92618635620178291  0.93657515789774681  0.94699766208244573  0.95755562769458447
  0.96816699137639339  0.97826626999911859  0.98930534474318010  1.00000000000000000
 -0.00229674880334344  0.00904979232407059  0.01910331640357356  0.02943354856576601
  0.03979623270159972  0.05015565327235252  0.06038730602301808  0.07075602267584112
  0.08103805079019674  0.09136589765672273  0.10207125002898015  0.11269910154782527
  0.12333127404650764  0.13399708116617473  0.14452369942495855  0.15499984125634203
  0.16539865404364223  0.17590801556552349  0.18643940918203314  0.19694498511293354
  0.20746488436627428  0.21800403897015755  0.22845908005661025  0.23899821935521998
  0.24956269202723824  0.26019769745942017  0.27065638891269589  0.28119782605681176
  0.29171400111051465  0.30222405140730912  0.31280020893371951  0.32346973987961308
  0.33419111872578466  0.34488242393427687  0.35550696536935444  0.36612640936669899
  0.37664071414995615  0.38706071351870597  0.39756074500870153  0.40804681983717861
  0.41867947834816538  0.42934842679552160  0.44000508663573484  0.45049870975261463
  0.46091207005708729  0.47121387234732770  0.48164005796412551  0.49207131561685935
  0.50262335868984076  0.51318306781929834  0.52382259433422185  0.53454639941398185
  0.54525598845133294  0.55587109822326308  0.56655877420317413  0.57706715686727994
  0.58776851064149560  0.59816035358387676  0.60869464065675338  0.61913572871658407
  0.62951209976633526  0.64010670321085916  0.65055184391267562  0.66128295006870574
  0.67162098910353063  0.68211627243871242  0.69259228180519306  0.70327132946326865
  0.71384533837420916  0.72428668985134703  0.73479429166501964  0.74526057680151958
  0.75577950609650046  0.76618441225460576  0.77674947883209255  0.78734928876357668
  0.79785605328980103  0.80837753078925423  0.81908525367257046  0.82968721577339044
  0.84026259368290002  0.85076848132516858  0.86144953443973993  0.87212274375369281
  0.88262842885093129  0.89347983979691759  0.90392487696142454  0.91485765755481563
  0.92517163803108815  0.93605409607014867  0.94663245695853326  0.95732795230543788
  0.96795861927585403  0.97857376284628117  0.98932799556626871  1.00000000000000000
   6.6610259714238363E-008  -1.0000000000000000     
 F F F F F F F F F F F F F F F F F F F F F F F F F F F F F F F F F F F F F F F F F F F F F F F F F F F F F F F F F F F F F F F F F F F F F F F F F F F F F F F F F F F F F F F F F F F F F F F F F F F F F F F F F F F F F F F F F F F F F F F F F F F F F F F F
  <DiscreteSampler_grid>
  grouped_processes
  1 # 1 for a reference and 2 for a running grid.
  10 # Attribute 'min_bin_probing_points' of the grid.
  1 # Attribute 'grid_mode' of the grid. 1=='default',2=='initialization'
  0.0000000000000000 # Attribute 'small_contrib_threshold' of the grid.
  0.5000000000000000 # Attribute 'damping_power' of the grid.
 # binID   n_entries weight   weight_sqr   abs_weight
    10   10   1.818917679745307E+004   1.449367204356560E+009   1.818917679745307E+004
  </DiscreteSampler_grid>
