  0.00325628508271439  0.01516109524890486  0.02791299221177190  0.04019339584048255
  0.05184882415341337  0.06314442124509145  0.07435277922187923  0.08549290603246909
  0.09665087729138858  0.10774163996583004  0.11852926099365108  0.12905933285071342
  0.13972353064294524  0.15063355361502090  0.16181080647342921  0.17273372934520528
  0.18314061561888104  0.19320869673422883  0.20333042387271369  0.21399453247699884
  0.22496862021669184  0.23596547313505872  0.24664357198579054  0.25714555761263896
  0.26767046747181023  0.27830727407848183  0.28914934966364408  0.29999751104329064
  0.31070440280526873  0.32114943838079596  0.33158185301827076  0.34225656847861508
  0.35312454463055565  0.36405399483884882  0.37529875268019192  0.38693862258369749
  0.39848740056593396  0.40944482472268318  0.42005420816058475  0.43061413878561727
  0.44108609162721257  0.45151129658299943  0.46203056035973072  0.47258192966871043
  0.48278896788251863  0.49270360236807187  0.50250129231706853  0.51227341942144011
  0.52209784636137280  0.53195225866530449  0.54188571558762932  0.55192211473781461
  0.56200259963936494  0.57206768924126983  0.58230450682374002  0.59297631117168947
  0.60362237057723866  0.61431305587156715  0.62495719093866275  0.63556177467892971
  0.64584140916054311  0.65599237001581789  0.66631216016278938  0.67681152399247457
  0.68736627356801472  0.69825070268531286  0.70911001341828794  0.71960377603429537
  0.72999192534020962  0.74052483019794979  0.75094825916420183  0.76117698739006068
  0.77101637949493895  0.78085149171300394  0.79072747405878474  0.80073146329204670
  0.81097676359918536  0.82135718845398709  0.83190020945594645  0.84227524909277218
  0.85275723653186963  0.86346587675799225  0.87435024022128860  0.88512331919667686
  0.89567319869600215  0.90613502878103602  0.91621526420584620  0.92568029852227984
  0.93502571630806919  0.94433912642436402  0.95376160770388985  0.96304802857283467
  0.97230160131541343  0.98157902961423737  0.99086111522315967  1.00000000000000000
  0.00289666375537533  0.01570076608954012  0.02936678266826753  0.04223605405336981
  0.05450910221489908  0.06626407702895938  0.07772462306529541  0.08924968530997640
  0.10107326198231237  0.11265686752073442  0.12397788437378039  0.13503102929954203
  0.14611943348355194  0.15732795170891581  0.16853662464034644  0.17916970955009973
  0.18973652149414463  0.20062272074577708  0.21168274548556029  0.22266900861199673
  0.23358224803141969  0.24481337915123247  0.25612840160790290  0.26713578967868490
  0.27802147906926589  0.28877071101013763  0.29930070435140771  0.30962198118999701
  0.31996069806542921  0.33072665826948905  0.34140312186020777  0.35204461914200230
  0.36255495823847372  0.37324088525759525  0.38388898087765028  0.39434272346978988
  0.40489767383563691  0.41549790544662646  0.42620424741604074  0.43717414363561957
  0.44835019653795255  0.45933092464341202  0.46985509343854504  0.48011637556715769
  0.49033986668166790  0.50051975009402394  0.51114634484548493  0.52199955193494629
  0.53273334628031366  0.54319612491945746  0.55351520093985884  0.56379697645245919
  0.57397240277534189  0.58389776014510764  0.59396779211975026  0.60426775777089325
  0.61503954363638247  0.62607558846697231  0.63700054245611892  0.64818783200941632
  0.65934330370923433  0.67025606901186463  0.68067258630113681  0.69096434032400056
  0.70125161453524310  0.71143898713105547  0.72143531655337179  0.73151076450196295
  0.74183776218178787  0.75216175941279750  0.76253116653048181  0.77274509316085904
  0.78304851969340017  0.79333346146553207  0.80360774418472125  0.81366307687132966
  0.82337813800462323  0.83287313275879693  0.84246359334055276  0.85214805920649839
  0.86198805931708145  0.87176593098170330  0.88143945067321527  0.89089116890756548
  0.90030700238927730  0.90984331144321928  0.91936021853958494  0.92863863468225061
  0.93778106454094390  0.94700348766678288  0.95625086445237284  0.96549276772009929
  0.97438930223172748  0.98303086653163108  0.99161195466422214  1.00000000000000000
 -0.01751632945014989  0.05095006007031254  0.09908758174874595  0.12668633506091928
  0.13933345350634296  0.14986466183158126  0.15997776495489457  0.16965371010446997
  0.17929564266275466  0.18930309706388621  0.19933582082645920  0.20934036356571933
  0.21945517100057982  0.22952642526686268  0.23952312497691694  0.24951669603030649
  0.25967550133177902  0.26949475884499524  0.27897015550951693  0.28863008096330445
  0.29842329332928647  0.30833865331414934  0.31839757947008207  0.32825897739034121
  0.33820927012083946  0.34834486354522742  0.35843235689747349  0.36848621504193924
  0.37823935529750108  0.38763489424863234  0.39729320819824976  0.40691213399253462
  0.41632992031638333  0.42575816901419811  0.43549577211195739  0.44525985172426441
  0.45481711973488109  0.46416319056178229  0.47338930632724657  0.48260784099210385
  0.49193776356405627  0.50158807817816475  0.51146607169470404  0.52141314553923424
  0.53140193818592030  0.54135935385176870  0.55134273282961122  0.56062350112881043
  0.56993723746886171  0.57927203061413990  0.58849616950175421  0.59793508242628268
  0.60748937930962188  0.61723485441999681  0.62672079881572107  0.63587876406313337
  0.64482311666802183  0.65372777541781957  0.66243457982348064  0.67152867546971740
  0.68082320654243011  0.69029271416699944  0.69999807872067454  0.70972923001287613
  0.71918639714759114  0.72844381711733497  0.73787663904666390  0.74725467902563403
  0.75649096014107187  0.76565427043949119  0.77472347559315546  0.78363581692595474
  0.79237174101807561  0.80095142484009341  0.80953540155761861  0.81825682925798726
  0.82704358791354193  0.83586262821804092  0.84461754874754047  0.85407472722700795
  0.86329126028512770  0.87258750566555698  0.88189828890138944  0.89113020254279474
  0.90017603110412769  0.90899233356201248  0.91783389804857018  0.92681781704424360
  0.93602768083680199  0.94544565678212245  0.95493570576074349  0.96418619472105394
  0.97321314162595696  0.98217405695488569  0.99106044576562335  1.00000000000000000
 -0.00218908158483228  0.00849873541848732  0.01774025749487203  0.02802011610186766
  0.03822139991078212  0.04844688904169488  0.05855302360521352  0.06911496152118310
  0.07970467918831387  0.09008873235051817  0.10049875795692631  0.11128090446263603
  0.12240181203695628  0.13363390132349634  0.14464505302259584  0.15526340467041441
  0.16575556407399791  0.17683911426213980  0.18814371756019585  0.19908505256411993
  0.20973452073387519  0.22044520200996429  0.23131037158219053  0.24161750183233635
  0.25198311798842504  0.26243629615982672  0.27299601962146280  0.28344414758858727
  0.29390227236674848  0.30438856818090559  0.31475537935038250  0.32502168649292573
  0.33527014793856869  0.34562498444344986  0.35594882288240387  0.36656814845412011
  0.37731614062789520  0.38831722327382479  0.39906237120355126  0.40937103313932771
  0.41963849184494678  0.42996812853354544  0.44020749949288046  0.45047624653267104
  0.46103040318583954  0.47193068894900364  0.48246552525010811  0.49258171520526461
  0.50293030874693956  0.51353400933350213  0.52414154499068177  0.53455326352095367
  0.54479706686165663  0.55540088895048778  0.56597057870606871  0.57654456903811024
  0.58723311240683995  0.59769362492915989  0.60859508604531543  0.61951394404147542
  0.63054842637134112  0.64139333803984933  0.65149035442287762  0.66138233434632576
  0.67098691411567979  0.68076616564884340  0.69036539510932726  0.70019151734315455
  0.70991385620055170  0.72043150690160818  0.73079428551905468  0.74178604567405360
  0.75235996102242697  0.76302980699370848  0.77350439607136323  0.78415962867176170
  0.79477987828570573  0.80537393724817974  0.81577858846253681  0.82618077894534403
  0.83628367442077212  0.84658788762977544  0.85712519777357732  0.86817928789690324
  0.87907213004594731  0.89005604459734688  0.90119368078320627  0.91233055867258994
  0.92317994788335334  0.93414435080380820  0.94554610969667330  0.95715028974181537
  0.96844046415938545  0.97897538728473010  0.98962867668782417  1.00000000000000000
 -0.00193862279375140  0.00655232835647630  0.01408977082627233  0.02172398977122734
  0.02943188633523788  0.03732915862754554  0.04548130305886664  0.05380093723098896
  0.06215381355022581  0.07046094224313004  0.07882942413761711  0.08728241813015435
  0.09565245093603937  0.10399678740691858  0.11195784562526401  0.11983750837846142
  0.12777440395915257  0.13583488094374127  0.14389669868791163  0.15198655004678507
  0.15987295405896920  0.16782459007152420  0.17597722239889482  0.18453824784086431
  0.19328058732644920  0.20188778177114081  0.21050859950503206  0.21882245148434190
  0.22706335705182265  0.23532845222311363  0.24354881155526148  0.25171536755983231
  0.25993905164196873  0.26833771493456177  0.27695372675548247  0.28572816205745283
  0.29451532940939862  0.30331016093760649  0.31210240534502259  0.32093307422708311
  0.32981599175862553  0.33897657114904550  0.34788626870591771  0.35686830458689583
  0.36568715065604429  0.37496266574378601  0.38426723665596069  0.39357740284684412
  0.40244910049691929  0.41125644691560892  0.42028254275195437  0.42953678729730876
  0.43885211094777055  0.44831513337138534  0.45793548798721911  0.46757559666476789
  0.47690107062284365  0.48595622487879764  0.49501205607532145  0.50433798817780662
  0.51391607978364295  0.52369775772860694  0.53375055802615912  0.54390039075556817
  0.55414029392394426  0.56448924866763983  0.57528425044617615  0.58607073900435080
  0.59713814421859823  0.60843104208224241  0.62007159442793625  0.63167831030169763
  0.64322179880170427  0.65460237720086123  0.66612241431090957  0.67752534092755912
  0.68925246860932154  0.70127196735328212  0.71338259030312867  0.72544012805967262
  0.73780768829678101  0.75100374000703307  0.76463832164551659  0.77855938859669838
  0.79302575761878813  0.80810624375701501  0.82311017816914789  0.83828344061552318
  0.85408508027387320  0.87053406098900721  0.88812300617970008  0.90695974754954023
  0.92676808055693183  0.94817114200366082  0.97251722317918388  1.00000000000000000
 -0.00242720886869588  0.00921485133580072  0.01947840046738119  0.03007196667423882
  0.04082885803562337  0.05150487395698083  0.06220627455346910  0.07307145101508489
  0.08388102933175928  0.09423903401661703  0.10440546702800520  0.11461858277507102
  0.12537040646986056  0.13638366328294502  0.14777705017405096  0.15911823752108242
  0.17028658011091313  0.18119924693023759  0.19154390921132305  0.20169784563835566
  0.21154881015623214  0.22150446888585557  0.23170113648314991  0.24213207843684340
  0.25244110850729479  0.26291069229853575  0.27325605387861740  0.28364676932153526
  0.29396167848945370  0.30442924313372682  0.31470492533419647  0.32477827944153909
  0.33478335019424371  0.34541193113456892  0.35598467209206930  0.36648901948043910
  0.37708235904122528  0.38803897071148602  0.39901399133138127  0.40936276799196381
  0.41987198886537597  0.43033544767950926  0.44134779974574689  0.45235175289605573
  0.46367844212601617  0.47508040339444069  0.48621143421958996  0.49723178143553254
  0.50802504294695716  0.51875150348119481  0.52916545467162812  0.53942197352937404
  0.54966320195492480  0.56008322854439707  0.57079615231219161  0.58169194032034532
  0.59259167492941300  0.60365993795313921  0.61480532850878788  0.62545943539923032
  0.63552890362978365  0.64539529690017772  0.65552032601433574  0.66575932562172713
  0.67607049668596442  0.68635054592908329  0.69681528895655087  0.70735380418036786
  0.71754852450688944  0.72758814542194095  0.73760037368729470  0.74779621820620390
  0.75863090854040938  0.76921402549107776  0.77981679305713203  0.79024999181798705
  0.80037907897336580  0.81072604952377125  0.82065738242582287  0.83054924519093465
  0.84043183320734227  0.85029944520800549  0.86025279966727952  0.87040599429913224
  0.88089406838103768  0.89163016115730354  0.90239978279159949  0.91312551183271029
  0.92385150763592427  0.93477523862254552  0.94566821408498436  0.95680588315661363
  0.96768645245819418  0.97867417595674033  0.98957778949528896  1.00000000000000000
 -0.01994310147410809  0.12934791918418798  0.18708034623764375  0.22495474574617549
  0.25497916242261320  0.28134851578016523  0.30454273079701882  0.32488252149555097
  0.34367542669147272  0.36114061232415512  0.37774825413488394  0.39330058920445826
  0.40760062777692496  0.42111897564899670  0.43400966609435226  0.44630784700655662
  0.45795075969398413  0.46961957003284838  0.48081393591348920  0.49217153325937069
  0.50312711601021465  0.51381253256200021  0.52357773745815417  0.53258511712875645
  0.54148699321478200  0.55062937105295506  0.55967124374340382  0.56825854766391448
  0.57655319923255732  0.58485211340734977  0.59316647549969481  0.60120398049716750
  0.60887333065401572  0.61631744455870019  0.62382413167577488  0.63116051273856399
  0.63843361064063209  0.64551879907898424  0.65257640355325541  0.65946625225094746
  0.66633833655162789  0.67332219839400631  0.68035529390665428  0.68745164764912670
  0.69455787804276481  0.70154603093316914  0.70820876242655539  0.71454885573872484
  0.72082047651855552  0.72717480520401023  0.73364681582934532  0.73994251843940584
  0.74624682101947803  0.75227138647035596  0.75806294384005590  0.76391407267769829
  0.76976569984007714  0.77568978650388176  0.78169236572739664  0.78769607175621692
  0.79368895599635036  0.79965039748895694  0.80552360347289986  0.81135289366192553
  0.81703031413179350  0.82279108130632228  0.82851956640641677  0.83432834094590269
  0.84029970789783648  0.84627634663944917  0.85220359901378817  0.85793545851358999
  0.86352920647157083  0.86909758297799100  0.87472432195020766  0.88056611076220959
  0.88644078915058566  0.89248914301206694  0.89840014335181606  0.90428945503634683
  0.91022803600451563  0.91614367813067099  0.92214188951345721  0.92812294474548473
  0.93409184787117960  0.93993976565314008  0.94565653795998417  0.95133930212323004
  0.95708735185567118  0.96312743773584231  0.96926265334016126  0.97548135106631317
  0.98164681847772506  0.98777031331550313  0.99390106682340107  1.00000000000000000
 -0.00275223441621965  0.01070325189590515  0.02153568779507136  0.03231287918821311
  0.04283492612820951  0.05269427994357738  0.06289038503709944  0.07293737368842579
  0.08326537241183350  0.09339638454493152  0.10362859894396705  0.11443257935935744
  0.12536167690784566  0.13612917962127896  0.14646453620784772  0.15684977629629504
  0.16737797894854201  0.17800902407297245  0.18829460037006959  0.19836447839513649
  0.20863068577703534  0.21900717789950402  0.22961181863923816  0.23992646355820738
  0.24995715932621701  0.25977353524125091  0.26979657218073128  0.28018696662669973
  0.29051985365390515  0.30066011293302719  0.31058763832465525  0.32068920892949665
  0.33059121487757603  0.34071969208316033  0.35126245228584096  0.36241915158457649
  0.37335979188932694  0.38417478979632153  0.39483736084738896  0.40534591247587415
  0.41576693698569245  0.42667101135025892  0.43752201950026320  0.44810417965345178
  0.45869515854910736  0.46984662899343282  0.48092035510300368  0.49173345141550701
  0.50223634369773196  0.51285965611610840  0.52319538274130162  0.53326140307016379
  0.54319955544475573  0.55343257285099601  0.56404236133334185  0.57483082254083273
  0.58555228055709163  0.59671484964166333  0.60773436280576643  0.61878567319478928
  0.62971810993278476  0.64057317145725201  0.65089873110115615  0.66117933593359790
  0.67120417327018589  0.68123314668983215  0.69102512061442412  0.70116519664505561
  0.71130785341314651  0.72189645962582849  0.73246708078754352  0.74306556018050540
  0.75369813826919863  0.76443716534417105  0.77504029764606674  0.78541197377065397
  0.79607127311088677  0.80710026401676160  0.81804126320666271  0.82859408044408012
  0.83932182329569804  0.84992465120665850  0.86073817643127060  0.87164883617373123
  0.88288392389957449  0.89455418375639562  0.90552408064132017  0.91652953858960762
  0.92710150422519133  0.93751340000239747  0.94786200476235349  0.95805414676308842
  0.96840411886773559  0.97886589409842217  0.98932027801657818  1.00000000000000000
   1.0513593556958544E-008  -1.0000000000000000     
 F F F F F F F F F F F F F F F F F F F F F F F F F F F F F F F F F F F F F F F F F F F F F F F F F F F F F F F F F F F F F F F F F F F F F F F F F F F F F F F F F F F F F F F F F F F F F F F F F F F F F F F F F F F F F F F F F F F F F F F F F F F F F F F F
  <DiscreteSampler_grid>
  grouped_processes
  1 # 1 for a reference and 2 for a running grid.
  10 # Attribute 'min_bin_probing_points' of the grid.
  1 # Attribute 'grid_mode' of the grid. 1=='default',2=='initialization'
  0.0000000000000000 # Attribute 'small_contrib_threshold' of the grid.
  0.5000000000000000 # Attribute 'damping_power' of the grid.
 # binID   n_entries weight   weight_sqr   abs_weight
    10   10   5.581649179562275E+001   9.423972393229187E+003   5.581649179562275E+001
  </DiscreteSampler_grid>
