  0.00227876460773572  0.01641724697075714  0.03028674015489717  0.04225912937244335
  0.05379206737094093  0.06516992119450525  0.07649523233457309  0.08785416743490121
  0.09887359882515671  0.10999144532235647  0.12086714308894367  0.13174216411608555
  0.14248576857018297  0.15313290244756395  0.16379908277012442  0.17423817644680578
  0.18485942674475311  0.19563316953289669  0.20649312618293283  0.21697809851028441
  0.22731135188138524  0.23784366422014436  0.24836475932271687  0.25892441958731649
  0.26953379947442035  0.28017477394252949  0.29079495767098740  0.30131381324263284
  0.31194549866414301  0.32260652248615229  0.33319209261277383  0.34376419156723609
  0.35429107276744887  0.36476590758863753  0.37510203460933922  0.38536144276649120
  0.39559767905747084  0.40594077083165003  0.41633163895926806  0.42669412418632374
  0.43698733510686888  0.44730800474492055  0.45771859861779279  0.46820325385230127
  0.47865993208639268  0.48904843935086301  0.49944615315617258  0.50991171478243791
  0.52046087507202143  0.53104471781387264  0.54165323870803705  0.55229052528550060
  0.56290422324504297  0.57341548196900061  0.58381411426373697  0.59411394330927036
  0.60439507099073586  0.61471082786884856  0.62507322658179920  0.63550940938598366
  0.64594554787270775  0.65631053575516529  0.66662268873844299  0.67690715058649220
  0.68714966687775059  0.69732633142808453  0.70751228831249957  0.71781167057146311
  0.72818530069350718  0.73853988197345510  0.74886481814476979  0.75921028381788180
  0.76959012071957877  0.77990121624906683  0.79006105363202217  0.80007877668875782
  0.81007342120121972  0.82023416015009099  0.83050716556670245  0.84077541838485625
  0.85090638983026112  0.86087451699106798  0.87076682860921784  0.88064193555872650
  0.89056907600158397  0.90049789467461017  0.91037207304651790  0.92015855561731452
  0.92988892764939401  0.93963544348162109  0.94929579272899189  0.95879852606639093
  0.96792790366910186  0.97667279559858478  0.98484920411427568  1.00000000000000000
  0.00227972425574512  0.01640547806312902  0.03024368530943635  0.04254370745907526
  0.05398735251030291  0.06517298490110106  0.07629183703582929  0.08722127457704798
  0.09797903849765806  0.10869293553653411  0.11968806458923474  0.13075826216786629
  0.14178872120400032  0.15291945800535400  0.16404940833715642  0.17509967200211232
  0.18595673876516394  0.19676395781644579  0.20759631684694099  0.21844589021993663
  0.22929668525198582  0.24013702617311491  0.25081009345590555  0.26136648816002339
  0.27192371034179946  0.28254663556624970  0.29331377372427142  0.30408729192326950
  0.31499682474877388  0.32576370030391705  0.33644309708389425  0.34694007224598189
  0.35739446688125720  0.36781370461880275  0.37812675571765292  0.38852503843040848
  0.39899792868494588  0.40968222584470770  0.42044037776154297  0.43117304285317815
  0.44166431829257080  0.45174249579428244  0.46183425262193800  0.47191185207220210
  0.48201102059166062  0.49210244546243664  0.50229081850026935  0.51277295589257110
  0.52327269740269122  0.53358481492096510  0.54377175648080467  0.55394131137345060
  0.56416894370627513  0.57443739451724540  0.58474684686755962  0.59507649695852605
  0.60539693766900016  0.61567119690177308  0.62591077613356028  0.63610016944316283
  0.64626824426618923  0.65641289488993826  0.66652470909765915  0.67664565033464397
  0.68683780219536361  0.69714201178874957  0.70752967791329224  0.71790934203058521
  0.72822985696296261  0.73851370221447854  0.74878806386709729  0.75904934847541727
  0.76930779222670231  0.77961030182116442  0.78994697255140045  0.80024692128217545
  0.81050203513646002  0.82078971288239766  0.83115010721637683  0.84149684917968792
  0.85170155762825039  0.86172937232751234  0.87170572359727483  0.88170441043412284
  0.89174610334696236  0.90170695337881490  0.91163265361053136  0.92156995454234869
  0.93154918938334463  0.94138509326471509  0.95092896349211176  0.96026220846098786
  0.96924971189151854  0.97785747939348389  0.98588771727789337  1.00000000000000000
  0.00675908215148535  0.00838856334354164  0.00963101497535800  0.01073044597543649
  0.01178410891729444  0.01284970881736837  0.01395456253870411  0.01510321780354357
  0.01626237448134763  0.01742721563680064  0.01862398263225094  0.01985780804741036
  0.02111876878081931  0.02237347497156220  0.02364210307708010  0.02490753827765861
  0.02602336890820250  0.02701618094531343  0.02813087110817528  0.02937729566780256
  0.03063517298638513  0.03189342917129205  0.03316955758361344  0.03448235619794335
  0.03583976377367033  0.03723856951759223  0.03866815157369577  0.04013253622445136
  0.04163407072774882  0.04316599183360431  0.04474371765036539  0.04640616712311785
  0.04815124653596269  0.04994352082964970  0.05177752891924312  0.05368121329539986
  0.05565044020314060  0.05767829466299488  0.05975581268095725  0.06193221223599220
  0.06417118919095398  0.06648261218996800  0.06887032123492859  0.07135974102740826
  0.07395882968199197  0.07662509571494271  0.07941586325827811  0.08229093294798193
  0.08527848350265534  0.08835896028893592  0.09160843662168158  0.09500004949215157
  0.09853345448428745  0.10220762978474228  0.10604892945660113  0.11005083549840260
  0.11418592183635753  0.11848716679761744  0.12299701620935456  0.12771654845694505
  0.13268074812286865  0.13788430215273634  0.14335646339322619  0.14902166600741329
  0.15489141341676696  0.16102633896369956  0.16751003488121446  0.17435781717528495
  0.18155785793165757  0.18914565735110095  0.19715402226817325  0.20560812347744184
  0.21455612539336988  0.22409553308465460  0.23432799705462573  0.24523863680331132
  0.25680796945672740  0.26911001943279028  0.28233843986522827  0.29652531377100882
  0.31164913048388421  0.32782545813315572  0.34551690023175585  0.36474427746800425
  0.38554710932316949  0.40818859801010110  0.43326148463543923  0.46136591238551422
  0.49296605663044812  0.52958356605323442  0.57259989580218984  0.62540669758403589
  0.70043465298778673  0.80633970020317869  0.86394715599735628  1.00000000000000000
 -0.00106208621113835  0.00410031635959438  0.00934195787664549  0.01453569695425071
  0.01976160467897858  0.02504390862673656  0.03037950250237941  0.03577633208942864
  0.04123406555111411  0.04676799937801958  0.05237188218390613  0.05801203268490564
  0.06366083026321397  0.06929413011980246  0.07494554314623537  0.08066736590352991
  0.08644430808148300  0.09223678110601670  0.09805512689077428  0.10390577043007315
  0.10978738755588735  0.11572698744218844  0.12174370896787494  0.12785866579961797
  0.13408412423251920  0.14039362829978305  0.14663059191223018  0.15271857108434669
  0.15886139380410597  0.16511976476987528  0.17149066544374034  0.17792880696522317
  0.18439977683789319  0.19090759383163786  0.19745528688569700  0.20405013482456838
  0.21073924695393451  0.21756808316594134  0.22450839136140685  0.23152007317807319
  0.23860674998672166  0.24575527628764865  0.25294120515308288  0.26017508053383354
  0.26746515553218453  0.27484300346694007  0.28231278254853193  0.28988784288711206
  0.29756507505584734  0.30535101081670352  0.31321780109338410  0.32112825606969514
  0.32907793390936824  0.33708782546160443  0.34512911200417773  0.35337795829888241
  0.36184857266259568  0.37046803270586443  0.37921313141849944  0.38803753867249041
  0.39690577414295786  0.40593324541479908  0.41517446829548893  0.42467506125349330
  0.43435903523917319  0.44411022109620291  0.45395514814379911  0.46395753997681582
  0.47413600831339464  0.48449742292334069  0.49500366833610898  0.50591739408918124
  0.51719396792453265  0.52882270519263763  0.54070142880068450  0.55281750034085542
  0.56521220317506149  0.57795871916967945  0.59113968649545934  0.60455596267124401
  0.61837688568588745  0.63261925196182345  0.64739900771866288  0.66273344294956893
  0.67885897931193018  0.69610626002678988  0.71437258477289334  0.73336023615057244
  0.75312916393248952  0.77423405017816527  0.79752690656597847  0.82359270260293760
  0.85284254106219004  0.88720971741201204  0.93312132791732627  1.00000000000000000
 -0.00225734669765656  0.00890505644454285  0.01940436394375052  0.02945629355139072
  0.03975280332275793  0.05005523867711230  0.06015076747529586  0.07020641111799518
  0.08025289876123366  0.09065050923657500  0.10129724111380783  0.11172615277893055
  0.12218095837904364  0.13277375863816449  0.14347968483718465  0.15419016527572005
  0.16486782909495698  0.17554428294571811  0.18621323806491902  0.19677687144451866
  0.20733981481943414  0.21787702968386224  0.22842722912819427  0.23901586237486044
  0.24963985437669609  0.26027856633527030  0.27100076580121851  0.28166116347497122
  0.29235631718756533  0.30291945122626374  0.31351563977690944  0.32421262048411592
  0.33502153656940858  0.34587177370075861  0.35667852077829115  0.36750778325976313
  0.37819514207729710  0.38881233240971996  0.39939509359105774  0.41003528477730200
  0.42048703407527466  0.43106698046590375  0.44142071731177746  0.45203544585259087
  0.46254209852865219  0.47336947952037822  0.48393623374402572  0.49455732097922389
  0.50508294439759871  0.51578293335879033  0.52637850823641830  0.53721348243771916
  0.54779953106379164  0.55850124226201525  0.56898374091747839  0.57988727054602662
  0.59032682721360441  0.60088435727594036  0.61147846047297549  0.62205558556795526
  0.63251708238091209  0.64284167117923074  0.65351314998418297  0.66416752727910344
  0.67467746485086844  0.68522326499395791  0.69573490938754734  0.70630765050643196
  0.71677852598579539  0.72734809770537978  0.73763216548845101  0.74797856554012487
  0.75834599274334979  0.76877520349950268  0.77914768080167929  0.78925296166333125
  0.80011464542641808  0.81073816436890223  0.82155115441284898  0.83242424355122957
  0.84265629671262843  0.85286694735155288  0.86313501547551197  0.87336328724180379
  0.88361826517327546  0.89368632313725849  0.90459562744638333  0.91533361174919470
  0.92596453289281844  0.93650460363633292  0.94701671138634758  0.95776865752182971
  0.96822109508566045  0.97902194095815209  0.98937618173321717  1.00000000000000000
 -0.01440045495042488  0.06428516980426155  0.11048729675986727  0.14583391150953445
  0.17552737639050789  0.20173035367548042  0.22532013119289115  0.24674699603736336
  0.26664762148624388  0.28518118261263992  0.30265951368648342  0.31935885694700111
  0.33550184841783048  0.35113646283038513  0.36615878381640032  0.38042053493952310
  0.39414625877585879  0.40754954958091338  0.42070225045400600  0.43348968846334912
  0.44582457080166671  0.45779383216826386  0.46961184318503113  0.48125563179717890
  0.49260967582355708  0.50363517988408890  0.51436192327778740  0.52491407634066556
  0.53510061038892953  0.54498408224538353  0.55474320790664799  0.56432848921372791
  0.57404024956432320  0.58357052162842460  0.59311535774136059  0.60250132178745675
  0.61166989070683442  0.62059345858963899  0.62931136080697181  0.63788892082600923
  0.64639159523004797  0.65473629402353106  0.66295170126718617  0.67107520597164905
  0.67908139314403959  0.68703017278628464  0.69483776124423857  0.70262604675365192
  0.71022253311891359  0.71760772310120946  0.72488035342607671  0.73203700385235104
  0.73912753128182185  0.74619314925989344  0.75322936469755453  0.76021569853238458
  0.76711047758587647  0.77401216132030015  0.78091604303307804  0.78776752614851286
  0.79455618818591145  0.80125199517355905  0.80790499718020437  0.81445473100692090
  0.82091421216755001  0.82734436124037136  0.83370746979676069  0.83995386071156075
  0.84612632496748474  0.85225965112845325  0.85839812976783481  0.86452392747085560
  0.87058413038265836  0.87660121611428943  0.88258847422854170  0.88855398499276905
  0.89451320499850917  0.90042133110894618  0.90626688305338110  0.91207751972106077
  0.91782314000926701  0.92349867106639894  0.92911552494160154  0.93468794795939836
  0.94024929201800200  0.94581841530387012  0.95135553193918276  0.95682853663251721
  0.96226948804436185  0.96771662123395896  0.97317359598039854  0.97860448455385241
  0.98400651904922365  0.98937207748769318  0.99467606286744348  1.00000000000000000
 -0.00240567119295891  0.00945381006469695  0.01945306255038649  0.03010724246722043
  0.04072565499151678  0.05152261584637807  0.06226974844093035  0.07301701660601267
  0.08379621524966439  0.09440861807588512  0.10488845229594643  0.11536509125341746
  0.12590363014419700  0.13639547452075226  0.14695667365221690  0.15735393223884980
  0.16769339889023710  0.17796342415527378  0.18824393968710795  0.19895507634891885
  0.20937389904076548  0.22011539564545005  0.23055652943740951  0.24132247802392900
  0.25185387019214589  0.26220533824320857  0.27263215355207970  0.28291747879047496
  0.29309624772823539  0.30344414275495335  0.31378856768111857  0.32454131139796322
  0.33503308989599667  0.34530933247305695  0.35576744415090317  0.36623460758395254
  0.37673118846990311  0.38704098392878794  0.39750019527012320  0.40791773071177762
  0.41865385921236781  0.42918043798489242  0.43991416583339205  0.45054723043089845
  0.46129473026715867  0.47195851749301210  0.48276443016079745  0.49347508193966966
  0.50412407593109299  0.51429602811954156  0.52487149289345170  0.53536798063633362
  0.54577692862448624  0.55598822776242240  0.56625369360309408  0.57659902699200305
  0.58689490901600005  0.59713480357844551  0.60746557002165458  0.61799925948829126
  0.62870596275570834  0.63943399741784279  0.65011528584786304  0.66066698626036846
  0.67114094577980765  0.68166607762047227  0.69219790903329936  0.70274782859261231
  0.71333221836509619  0.72395273207045996  0.73452228412827225  0.74498189036231122
  0.75546476645328775  0.76601584835327030  0.77662506891230076  0.78724928112346826
  0.79789692891460395  0.80850197788186406  0.81913654630206600  0.82976842629864001
  0.84036930172476143  0.85085122611751696  0.86155836635140703  0.87237040260879717
  0.88311129793636423  0.89366053127025535  0.90417835642269873  0.91480134302898064
  0.92546208099081084  0.93609307655869989  0.94664984429101318  0.95727742961573048
  0.96796618214037611  0.97873307351329919  0.98928911111216411  1.00000000000000000
 -0.00225481200076007  0.00914499763560901  0.01866373997088633  0.02935291315275608
  0.03955639338934225  0.05007730270978103  0.06033971021200936  0.07091951951299563
  0.08140120755365833  0.09198530316051649  0.10254752060946143  0.11340236981850710
  0.12397822455493339  0.13478853554523307  0.14550819316920099  0.15631274281871921
  0.16700310535034141  0.17747136759264684  0.18798079296475956  0.19867095395251719
  0.20921907374220780  0.21960612537929081  0.22996335590365774  0.24057539772909203
  0.25116643817586681  0.26161873916067291  0.27184491568370972  0.28250729304522876
  0.29314880817588146  0.30350269658105539  0.31413969501517991  0.32475542951248082
  0.33535286426258198  0.34590725375075193  0.35644005638799736  0.36685163053459324
  0.37737269254157979  0.38797735577337300  0.39862563736005335  0.40898672336630826
  0.41935885267942785  0.42977792525777847  0.44014994380476224  0.45053222708902618
  0.46094882255807024  0.47148073815696889  0.48204264274593167  0.49221902871744699
  0.50265330286217469  0.51295464890334508  0.52328938940269909  0.53364519567744628
  0.54410175306614561  0.55464408245114771  0.56522722816606974  0.57569203397975544
  0.58620944247438633  0.59674696640694946  0.60739467413579751  0.61797028419471645
  0.62859906573618129  0.63927727937653356  0.65008059301743604  0.66086082723599116
  0.67143809553763134  0.68192120640406939  0.69232418555731889  0.70236022288618727
  0.71277567020805033  0.72336603126203325  0.73395348966602980  0.74452080426053069
  0.75503433201684034  0.76597352293817900  0.77692138470850014  0.78773811161258578
  0.79837832740355441  0.80874665429052539  0.81927359580123238  0.82979280452197457
  0.84032712079687599  0.85099106972989746  0.86178746543846108  0.87252314319065971
  0.88312491594148912  0.89371332999335118  0.90451363840595089  0.91527923347773354
  0.92604492021961904  0.93671788773925879  0.94752669307460724  0.95820742529151670
  0.96873920849037620  0.97891885266906542  0.98947097585547317  1.00000000000000000
   6.6546939250722054E-008  -1.0000000000000000     
 F F F F F F F F F F F F F F F F F F F F F F F F F F F F F F F F F F F F F F F F F F F F F F F F F F F F F F F F F F F F F F F F F F F F F F F F F F F F F F F F F F F F F F F F F F F F F F F F F F F F F F F F F F F F F F F F F F F F F F F F F F F F F F F F
  <DiscreteSampler_grid>
  grouped_processes
  1 # 1 for a reference and 2 for a running grid.
  10 # Attribute 'min_bin_probing_points' of the grid.
  1 # Attribute 'grid_mode' of the grid. 1=='default',2=='initialization'
  0.0000000000000000 # Attribute 'small_contrib_threshold' of the grid.
  0.5000000000000000 # Attribute 'damping_power' of the grid.
 # binID   n_entries weight   weight_sqr   abs_weight
    10   10   2.317065114781140E+004   1.829773701973523E+009   2.317065114781140E+004
  </DiscreteSampler_grid>
