  0.00290988122603560  0.01532963564120421  0.02835300634803980  0.04026850649280023
  0.05183277821883533  0.06321750529845152  0.07438199124877462  0.08532618430829057
  0.09627839228081130  0.10733595982297892  0.11864446183603254  0.12987001025324016
  0.14097019729080373  0.15206894496692200  0.16326066414212495  0.17427807650241592
  0.18513413546253810  0.19624322884444892  0.20763585481687907  0.21900145826260228
  0.23042484668001667  0.24194896117241571  0.25307402299324117  0.26369429175285591
  0.27431475561690777  0.28517408931817717  0.29613955777517487  0.30703150422778208
  0.31800810189265488  0.32912514456727981  0.34023215723620026  0.35144202399482521
  0.36246382703632102  0.37325683490094352  0.38378876538172124  0.39445292602127663
  0.40539643006782200  0.41643975793300703  0.42712513702251209  0.43795855151689173
  0.44891386574752340  0.45983286570567633  0.47006812453737251  0.48037180783032696
  0.49086967519187241  0.50156495850785876  0.51173574954901968  0.52182380379992777
  0.53217840223625368  0.54264797716361757  0.55309619324865211  0.56356595035150048
  0.57403757975411218  0.58461089022590462  0.59514888800703358  0.60580995609215205
  0.61647194602783817  0.62677514773782195  0.63688258147110832  0.64689175590560399
  0.65709129615592132  0.66746988026019116  0.67775476348348240  0.68801365618509525
  0.69805016942760412  0.70815625379122982  0.71830862632404091  0.72884077189979612
  0.73948229261497667  0.75017094456354505  0.76051065178614652  0.77079016959246427
  0.78122747891592637  0.79150523383619786  0.80153544827434164  0.81124303658473884
  0.82096705464372866  0.83075229711553489  0.84074567360190244  0.85100617131557976
  0.86128910595212904  0.87129914864575397  0.88094790776018417  0.89056225410306700
  0.90005908178200600  0.90963273026998204  0.91918845796083393  0.92871405276609531
  0.93835193496233149  0.94778616040888231  0.95724866969856581  0.96617424742019742
  0.97460684241873119  0.98285823342573964  0.99127194065279733  1.00000000000000000
  0.00309769889156910  0.01569562477353115  0.02849967032841230  0.04060871867115887
  0.05195167173237014  0.06298862040047293  0.07369941806270869  0.08415455694654778
  0.09466294972080005  0.10534177213428551  0.11606801988623733  0.12678779309260432
  0.13782202997451012  0.14915556806641739  0.16055546027970205  0.17181040845635256
  0.18296307215768934  0.19431024704423297  0.20570070277046876  0.21692799171972058
  0.22807074604195671  0.23915285195672301  0.25006597276452436  0.26080681564756503
  0.27152429530050759  0.28220692830409599  0.29289576877802881  0.30366529127134212
  0.31447545949786698  0.32531328131687909  0.33600702289222029  0.34661715517849484
  0.35726537108442291  0.36797473003368142  0.37855927078389889  0.38891955414360130
  0.39920365157071308  0.40963316769917629  0.42009124310533802  0.43049080457274447
  0.44074407576368707  0.45104017498787147  0.46155804625811708  0.47210681893143436
  0.48263942396050702  0.49320930325315371  0.50409341121024587  0.51521870195691299
  0.52617292636237556  0.53690467143809062  0.54793239155063311  0.55900578453123684
  0.57011933765688050  0.58124351311332445  0.59255688905236992  0.60398289124390014
  0.61534522282222603  0.62645080871862679  0.63717787919902613  0.64749315806401286
  0.65756876832319078  0.66773725914979687  0.67814086702069376  0.68884584821312611
  0.69980795887265912  0.71094691009345690  0.72208044116394332  0.73296496413360757
  0.74371295576615637  0.75433992600976540  0.76484637806572064  0.77504656291432206
  0.78535725160965497  0.79599538447031193  0.80703449026512653  0.81806949298662146
  0.82906451369409961  0.83967008770203000  0.84984203376799938  0.85987647307942217
  0.86969806507079328  0.87915553671712199  0.88831976859551331  0.89741912844835936
  0.90664617148667137  0.91596727373402054  0.92535288495579038  0.93498258406668600
  0.94418361744421475  0.95302817524440742  0.96148923793461105  0.96979049430754150
  0.97811898474078840  0.98599322975553438  0.99339073014219981  1.00000000000000000
 -0.01553401127346602  0.04527165850610153  0.09356394223972585  0.12365190655729617
  0.13601075688283806  0.14592556462158507  0.15566239363343565  0.16498206254999867
  0.17449510297568369  0.18441789448688431  0.19454955090040921  0.20431968063935557
  0.21406487355706333  0.22445596872586149  0.23458323920984675  0.24446896783747646
  0.25471962793162201  0.26485517852124651  0.27491437766395327  0.28474143472295782
  0.29429509719274766  0.30381822956836818  0.31337443647466928  0.32288482448381001
  0.33263634769914219  0.34279550212088816  0.35249413805475416  0.36216218839723407
  0.37203306140556636  0.38196532405478040  0.39166767853655621  0.40121365043466350
  0.41074736401138079  0.42041216579284324  0.43006992978920305  0.43936355332458454
  0.44834732008776323  0.45752791065793730  0.46739418184272991  0.47758574392635134
  0.48747930424480518  0.49693480843590798  0.50630465941931391  0.51573488444831850
  0.52515531041632757  0.53462818200733864  0.54360968902822315  0.55248064079581727
  0.56142367900957446  0.57035979173140705  0.57964236578566031  0.58939791044691547
  0.59935627868086694  0.60916624128154517  0.61867428880961051  0.62788541246584129
  0.63686880096229470  0.64596943444894894  0.65517052202695147  0.66425656738289662
  0.67372311215204839  0.68337709997285689  0.69305189770135045  0.70274374821381203
  0.71242550447393738  0.72211916816971067  0.73180065931442972  0.74137684948787763
  0.75106016853579582  0.76044168624195552  0.76955256136900296  0.77866451462014097
  0.78779096929648118  0.79701696405765599  0.80645301951729442  0.81630710406472429
  0.82643022785450015  0.83640068448677596  0.84616939993761364  0.85517774566409976
  0.86400772676342907  0.87269638893256385  0.88135013440413013  0.89016033295896380
  0.89927588220497534  0.90857399839410957  0.91777857742492253  0.92684273954919649
  0.93592756639348185  0.94495606706650082  0.95413697383696228  0.96338997490018985
  0.97265504938512004  0.98185586381321854  0.99092607257075804  1.00000000000000000
 -0.00241693048494496  0.00971608924319894  0.01928079947034047  0.02955231935315508
  0.03920142346618358  0.04901420453417212  0.05874672948966317  0.06981560924981040
  0.08106973174733167  0.09207293713539076  0.10280761380464433  0.11340227572183893
  0.12373153027897069  0.13366405786068802  0.14358515496551394  0.15371544232638507
  0.16407689444112311  0.17487382807462148  0.18556834140980372  0.19612557600944464
  0.20633138015926641  0.21684208199007449  0.22742007256198360  0.23797111848426269
  0.24855838352106732  0.25911791674094764  0.26976835683783884  0.28040249296356096
  0.29097249351091747  0.30124940197690164  0.31149638608407271  0.32205105154461228
  0.33283689342926859  0.34338418514497088  0.35399438312276194  0.36479110667930875
  0.37560867572810552  0.38630768736028909  0.39710047833702050  0.40753687232167390
  0.41761352305098576  0.42806509541723664  0.43882829940664064  0.44983986538385495
  0.46071816854693715  0.47152370295875112  0.48238757054894804  0.49298433077545112
  0.50351182292185681  0.51379183549344132  0.52369908306487023  0.53382790363256316
  0.54379809846553107  0.55406632716313808  0.56441200491327836  0.57528303043798168
  0.58604942478529054  0.59681130281138428  0.60738623095851918  0.61792096698404642
  0.62829253376491090  0.63859781821373440  0.64899325078448100  0.65981540941464534
  0.67052043458400312  0.68138358943449351  0.69236757083928369  0.70351794927204137
  0.71477317931981199  0.72579756593304878  0.73705137838341706  0.74832428335342704
  0.75935632637557748  0.77019673187857374  0.78062477312619927  0.79104712121235166
  0.80151871591633983  0.81228931382730185  0.82301448619977913  0.83368026615518986
  0.84422245181833444  0.85446651970994081  0.86445453943042572  0.87440106902125647
  0.88450486869128497  0.89483463793099394  0.90508484598270589  0.91545726345131417
  0.92617400048765175  0.93707569316565953  0.94742874611185723  0.95795106845999745
  0.96836828377352147  0.97909674246479983  0.98949623972838030  1.00000000000000000
 -0.00190051716182036  0.00647078637004340  0.01404687863946954  0.02154919363507514
  0.02925663961045170  0.03690211521054197  0.04451987599698078  0.05226079346179741
  0.05992276037116162  0.06770222639362232  0.07562113109971701  0.08363281328811910
  0.09166545327502484  0.09964604913740047  0.10773045710113398  0.11592284273662556
  0.12404522214759668  0.13214064470134393  0.14026069471143038  0.14836858892247939
  0.15630675425860804  0.16409208669180847  0.17174157748607299  0.17942151680750673
  0.18710091824016517  0.19499889861832739  0.20299157661344411  0.21113857264100463
  0.21945843100412782  0.22736312187072227  0.23567013369953393  0.24371143509232923
  0.25203908373886563  0.26055390614181650  0.26920174344833386  0.27777975768004992
  0.28639835209181697  0.29504062803223441  0.30386829505598950  0.31272274440826980
  0.32149268388535335  0.33020095930996152  0.33898959543374496  0.34792802856941590
  0.35704315882841786  0.36617398810170354  0.37529696220435549  0.38439476800209210
  0.39347287311306767  0.40266702115707270  0.41193777141439658  0.42144885012523087
  0.43112900874737387  0.44087546283329071  0.45063007331245142  0.46005600591181556
  0.46972433469231800  0.47966716505083956  0.48990505370401577  0.49982185285403308
  0.50943645996436815  0.51924471215252321  0.52909130518816916  0.53900719415191123
  0.54901960044039833  0.55917670178061829  0.56946304074639698  0.57986659724636735
  0.59058137382669529  0.60147823489016139  0.61244069726676631  0.62347454762191945
  0.63504695791365195  0.64696897601657355  0.65866871051428955  0.67029254346438749
  0.68223221710780824  0.69513266527787831  0.70854331722723063  0.72207643123761589
  0.73562439861181583  0.74895820461742590  0.76233119210505096  0.77605752522439408
  0.79031160380066223  0.80477351930201979  0.81947552680360114  0.83471912371125567
  0.85130135414040931  0.86864185722718779  0.88744305291648506  0.90683224937572593
  0.92751055570080576  0.95007010517622847  0.97387901351766748  1.00000000000000000
 -0.00252215462429546  0.00949191600942666  0.01996670203699099  0.03068551254935671
  0.04182644681359288  0.05345625903662109  0.06457768869370373  0.07536961094004827
  0.08610996541016279  0.09698086616468567  0.10756718472441822  0.11762642323817937
  0.12767955612026097  0.13786522492764622  0.14801439142777531  0.15801918144241958
  0.16810801478005868  0.17844022816094857  0.18883801843486894  0.19921386255797882
  0.20956618312340008  0.21981901301367271  0.23024257488639005  0.24133086790726657
  0.25280894041327473  0.26410247544730830  0.27497127874401256  0.28567702176836762
  0.29631393574817089  0.30672646921122265  0.31730217778705083  0.32808976102353421
  0.33914105294394897  0.35014898307539549  0.36098798371563418  0.37202753766023805
  0.38265382785226709  0.39316019463247365  0.40286607804280800  0.41279440066002726
  0.42287305529912872  0.43315434676917203  0.44322945354115462  0.45331621451355736
  0.46351470921216342  0.47373480858320932  0.48393564569212560  0.49467023739862087
  0.50500620741070212  0.51519943166066284  0.52523708848944539  0.53525696001378087
  0.54515200620675952  0.55497588005749376  0.56526533404844292  0.57606447305600272
  0.58682291245601892  0.59734316678303101  0.60777392193574920  0.61814082664633385
  0.62830260237605651  0.63832764029833955  0.64842879959709843  0.65868102393780859
  0.66888267454422257  0.67899320182144229  0.68925938844525170  0.69978723999984960
  0.71038505171795074  0.72079916428028701  0.73107320095964501  0.74124300259281373
  0.75138973464495562  0.76165613824418421  0.77227919745142926  0.78319978753850261
  0.79413579682729152  0.80480926727326452  0.81547461944172772  0.82649608231042215
  0.83767066926821931  0.84867800231270740  0.85938188380315583  0.86995775075121384
  0.88057538701415339  0.89098763209273402  0.90113054130508097  0.91125618381746043
  0.92155384891058090  0.93219284479533104  0.94309606579201344  0.95460782411435485
  0.96624564612655151  0.97793580176992856  0.98901686669626943  1.00000000000000000
 -0.01811782680249231  0.12858638571193448  0.18753752067983390  0.22679951232256318
  0.25760727923375260  0.28406269308594811  0.30761178517744292  0.32915434413357036
  0.34813063297376196  0.36542512371021868  0.38154956998320377  0.39662948816802168
  0.41061349839130340  0.42372426306686145  0.43640733972130824  0.44867354482510274
  0.46054767727028589  0.47229675703713453  0.48333519242016654  0.49406721031560752
  0.50447420779779972  0.51467441326526198  0.52417872399591403  0.53334269220500485
  0.54227110858791971  0.55117417667303747  0.55981619191390042  0.56827375021873128
  0.57653045565872485  0.58477678140821254  0.59295949317464047  0.60092808904522499
  0.60874474133951761  0.61643751708331262  0.62435622489310827  0.63201935125665221
  0.63949118896120238  0.64669692771055076  0.65369148197159421  0.66059279536949977
  0.66741598003023084  0.67422180869467274  0.68107854990344563  0.68785727432621879
  0.69451027394551856  0.70105613243796550  0.70751927746641774  0.71392023303086294
  0.72025447794032993  0.72652935704823396  0.73275845962970076  0.73904053280662896
  0.74538291599616457  0.75175436849896715  0.75804343303351240  0.76439567546665210
  0.77085967433192260  0.77730190401463128  0.78366610551211091  0.78999078510787246
  0.79597444871830358  0.80171623214250942  0.80744882293870857  0.81310600132653732
  0.81875470556096519  0.82440942691600960  0.83005339793356270  0.83565539337167949
  0.84113590708744168  0.84670357495388826  0.85219607681283438  0.85790128067721627
  0.86354393464619361  0.86907028157362476  0.87461091473323382  0.88025047720327243
  0.88597243322140296  0.89168045482196112  0.89727078668428539  0.90294375433186036
  0.90879072142553230  0.91490637556326293  0.92112303712001120  0.92727454881091098
  0.93331113113514796  0.93927713342214469  0.94529264394974133  0.95139972097060366
  0.95747169666903864  0.96343691434691525  0.96936817969798383  0.97532711338333922
  0.98131880092647394  0.98734713890211423  0.99361025377834744  1.00000000000000000
 -0.00227300262598088  0.00869456934152622  0.01816968585060551  0.02818002412217959
  0.03871876263331849  0.04897099870679209  0.05951765125890381  0.07002531271255111
  0.08104742869742854  0.09187989478959227  0.10290896498767065  0.11399237076107983
  0.12477308466673029  0.13553761329050928  0.14641674318556192  0.15745432214396649
  0.16836853321357184  0.17900219947626930  0.18958914882009464  0.20014627020139167
  0.21070812575463763  0.22127826871280459  0.23176996791043494  0.24248643078232718
  0.25311470383557483  0.26381923190673207  0.27449715507410377  0.28515762436176972
  0.29563748363200665  0.30592291796533189  0.31646223506434495  0.32729244316071215
  0.33812875057231978  0.34879678450100682  0.35948160472028362  0.37011769442219855
  0.38082173502737576  0.39158812705981599  0.40243259697598249  0.41298449590817260
  0.42299108054629841  0.43284294114873245  0.44297571852272788  0.45326505541962303
  0.46338667427253993  0.47344107491095833  0.48373785246138595  0.49432838868303980
  0.50490788451607338  0.51537455386155340  0.52573834257591434  0.53600513702818675
  0.54633065420401239  0.55686004589316385  0.56767590223366005  0.57869461451303039
  0.58967160992758927  0.60024205940440689  0.61059860204516814  0.62073834933891947
  0.63084811612912572  0.64091678356083792  0.65108217059093065  0.66137352744007816
  0.67180226133439191  0.68232914546980095  0.69307223188650824  0.70373400691767074
  0.71448641114337641  0.72512709944691067  0.73596923489018384  0.74697071151688232
  0.75811361294424284  0.76901873452233960  0.77971512058705794  0.79039256394342761
  0.80128937577013160  0.81220676582263551  0.82262961448237459  0.83311530303905845
  0.84357816216332315  0.85430196425071792  0.86474351310331488  0.87508904148351874
  0.88559118001287818  0.89608029852967352  0.90632009875183628  0.91633769888781247
  0.92653936202481235  0.93668095102418780  0.94707311000019412  0.95748546690121483
  0.96864864833573061  0.97931134329527114  0.98978383719984953  1.00000000000000000
   1.0598943273799797E-008  -1.0000000000000000     
 F F F F F F F F F F F F F F F F F F F F F F F F F F F F F F F F F F F F F F F F F F F F F F F F F F F F F F F F F F F F F F F F F F F F F F F F F F F F F F F F F F F F F F F F F F F F F F F F F F F F F F F F F F F F F F F F F F F F F F F F F F F F F F F F
  <DiscreteSampler_grid>
  grouped_processes
  1 # 1 for a reference and 2 for a running grid.
  10 # Attribute 'min_bin_probing_points' of the grid.
  1 # Attribute 'grid_mode' of the grid. 1=='default',2=='initialization'
  0.0000000000000000 # Attribute 'small_contrib_threshold' of the grid.
  0.5000000000000000 # Attribute 'damping_power' of the grid.
 # binID   n_entries weight   weight_sqr   abs_weight
    10   10   1.443618421764209E+002   1.059274603561551E+005   1.443618421764209E+002
  </DiscreteSampler_grid>
