  0.00233821104762370  0.01648107487879319  0.03030537247219940  0.04239380038915493
  0.05403659928721678  0.06562458619871586  0.07716787314042726  0.08850305514120392
  0.09960147924446873  0.11066266712267181  0.12149658858392495  0.13224482628308654
  0.14286376424631203  0.15360111401661897  0.16424368346442866  0.17489493802521869
  0.18564879607623253  0.19658922491734521  0.20737989988497266  0.21805139131924567
  0.22869502323588958  0.23943530718805195  0.25007260533805642  0.26063489845016469
  0.27127882924962116  0.28190988340974149  0.29246727080690094  0.30298382322094503
  0.31353615860869583  0.32414277019690296  0.33482880917695501  0.34549759142933845
  0.35613757874756041  0.36666611686628314  0.37711628225969990  0.38751997149312983
  0.39797267525082453  0.40854075736397738  0.41911386456428346  0.42969503857039509
  0.44020943505868115  0.45072689008235778  0.46124045124745300  0.47184565757552821
  0.48246790494969788  0.49299760010792060  0.50348294282162109  0.51400503467583181
  0.52450553824517610  0.53491118803457716  0.54531400614755243  0.55577385802758728
  0.56616629811951880  0.57645593285282226  0.58665944013221294  0.59680494508733273
  0.60693147307253359  0.61710367837038405  0.62734589457411449  0.63765298741065835
  0.64795499666305711  0.65824992763408396  0.66854181561936077  0.67884200086072866
  0.68918275259483308  0.69959437528455648  0.71004576505469907  0.72045911999731960
  0.73076869341740258  0.74097335534080966  0.75111533042250345  0.76132935022963910
  0.77164757812133067  0.78200979730570597  0.79229069210365610  0.80248064293204546
  0.81257224841422249  0.82259518899493345  0.83265629440702538  0.84282860051001263
  0.85310837768888959  0.86339689081723048  0.87363217710606489  0.88379718053952727
  0.89388578403917784  0.90385639945895646  0.91372907146110116  0.92347621755276610
  0.93316810821316287  0.94274586681705119  0.95213760790577895  0.96124231567072516
  0.97003723060092895  0.97832475135618080  0.98670568331034481  1.00000000000000000
  0.00264059143339519  0.01579667812084109  0.02890458269347471  0.04051730059256134
  0.05201599935296912  0.06345889100679369  0.07472434045086138  0.08580422279888993
  0.09687119443362628  0.10788380328079497  0.11878073304651637  0.12965202434524636
  0.14049350625111928  0.15132715002490957  0.16214083149625788  0.17303136118598850
  0.18390123995257029  0.19479434233684795  0.20563976962713815  0.21647860711966416
  0.22737060135678716  0.23830503324200847  0.24919116498441304  0.25983165202070246
  0.27043418806552311  0.28112141691894166  0.29179150051167757  0.30230298972646991
  0.31273310518088215  0.32326153437394967  0.33385629101113168  0.34443639833006440
  0.35498494681559234  0.36550786134234292  0.37601008880499553  0.38648545709164905
  0.39695929948740427  0.40748915884508274  0.41804795133581385  0.42859929847480088
  0.43906955782746715  0.44956784081989348  0.46024708646479900  0.47104096260521860
  0.48179208977257765  0.49244332357589476  0.50302883244729302  0.51353277270612585
  0.52401645018299947  0.53442428022638799  0.54475603253620641  0.55496155096063726
  0.56521608732238959  0.57558552489710069  0.58604416248172297  0.59651859743855462
  0.60693463022482930  0.61725095908216243  0.62742392670909841  0.63752363717100946
  0.64767647927423921  0.65789506023774103  0.66812607001048629  0.67833653351322232
  0.68861203606040000  0.69910210844654630  0.70973795992591993  0.72034189215861943
  0.73082585161836700  0.74123493137847263  0.75164415139470597  0.76198716538299616
  0.77221335296995797  0.78238148990249923  0.79257925836878973  0.80286516150008858
  0.81322252960370789  0.82360877802797949  0.83396028969103775  0.84421102727055219
  0.85442003370787134  0.86459982999908491  0.87469522728446736  0.88469701253485322
  0.89463312086144686  0.90460573911092368  0.91459795124170551  0.92450191724433162
  0.93427661139204876  0.94394218925552986  0.95338021967238862  0.96252376398617012
  0.97133584058350209  0.97958026746864058  0.98767961078479682  1.00000000000000000
  0.00668973615641015  0.00823333086772511  0.00952181422957080  0.01073175116634136
  0.01191050881956319  0.01307915287738527  0.01425810334040935  0.01547578612630642
  0.01669323443092877  0.01792211043704109  0.01916028823961516  0.02040843642505370
  0.02167588106702016  0.02296946152569703  0.02427261223246802  0.02550825982011376
  0.02656063756937421  0.02755474435131981  0.02874135962190056  0.02998117583781205
  0.03122237570120065  0.03249856347490232  0.03381079338683633  0.03515308160206864
  0.03652742698143149  0.03792997588058051  0.03936891436086937  0.04084664483411676
  0.04236237697273549  0.04392088932510309  0.04552930187336918  0.04719124425716587
  0.04890840893658054  0.05069203811021012  0.05253650442335540  0.05443834285130187
  0.05639160457313418  0.05840431746238474  0.06048799516533301  0.06264796894156818
  0.06489770233311606  0.06723949264637454  0.06967138295591102  0.07219179108500050
  0.07479886288481510  0.07749665350329547  0.08028729979369174  0.08317680849581988
  0.08614827170845109  0.08920433747621262  0.09238398089816181  0.09572460025662106
  0.09923719729690711  0.10288859788008804  0.10667227477842781  0.11059994505280202
  0.11467515512289898  0.11891021277853857  0.12333445299916949  0.12798201953319679
  0.13284826005529041  0.13797940047127327  0.14338666452475671  0.14902984967759958
  0.15493172235323852  0.16115082370773348  0.16773316985607881  0.17460876999822950
  0.18182234730459090  0.18942221782393992  0.19747515958440079  0.20596642713060329
  0.21489258153767049  0.22434126407749150  0.23439727893127740  0.24499046681216555
  0.25613109159692787  0.26812978383651320  0.28122524801311682  0.29505853275750626
  0.30998898976202688  0.32604470775201794  0.34342032594371996  0.36217780250139997
  0.38254342632062688  0.40466293797624292  0.42895719180861303  0.45607566946640526
  0.48663773818256006  0.52140766955401008  0.56189015794751351  0.61154483391678549
  0.67942033533862523  0.78006649257373284  0.84243767580938578  1.00000000000000000
 -0.00104305979561156  0.00399695739243343  0.00931532163037608  0.01457045948349259
  0.01986647701579903  0.02518833456902426  0.03059427062447160  0.03602057667705921
  0.04146490678681208  0.04689684173969225  0.05234432811880886  0.05783623994541463
  0.06341823003456676  0.06909446063621887  0.07481158998567211  0.08054929520682863
  0.08633627511162371  0.09220771592089519  0.09816685313187411  0.10418469799321664
  0.11023046744200717  0.11626542607751704  0.12227203951908236  0.12828665981052831
  0.13435772933968676  0.14051185923455381  0.14673648668634640  0.15302159292301920
  0.15935105964472321  0.16571034345373242  0.17212663714126575  0.17855884482115542
  0.18504819249432342  0.19158736920062339  0.19822826205824357  0.20498543984580792
  0.21173913690122201  0.21841343142039946  0.22508070412246894  0.23199699662884621
  0.23901914405859942  0.24611562986714552  0.25333341161705508  0.26060055790597297
  0.26797635307205453  0.27536784712870999  0.28285524950527635  0.29039988112052806
  0.29800013303768025  0.30566663863564869  0.31346819278473753  0.32137745456365124
  0.32937308723096398  0.33752950365526196  0.34581057989849462  0.35422999749980921
  0.36274505082245506  0.37135820781539769  0.38009405420994213  0.38892111772295829
  0.39780908626634731  0.40682674646907596  0.41599308647595568  0.42533956691162034
  0.43483989917935206  0.44445327374773069  0.45428566927970676  0.46430811664706539
  0.47450073573994478  0.48486445623628494  0.49540127022604957  0.50630377117667535
  0.51750561081552371  0.52890511579956823  0.54057933005676562  0.55255266973499595
  0.56489190988887072  0.57754283689822639  0.59073048299019881  0.60408950672787287
  0.61788771652212304  0.63219079652193688  0.64726037817341053  0.66276524277370696
  0.67885590366953719  0.69549008734025364  0.71308797805050106  0.73192859814397293
  0.75215077757845505  0.77367922379148324  0.79698680864840543  0.82310927730531203
  0.85278313999712163  0.88729428796567966  0.93277789401926636  1.00000000000000000
 -0.00238674976956098  0.00923633506390892  0.01942109418398972  0.03010226926217708
  0.04074278022250320  0.05140785664913478  0.06215125176396044  0.07283565618238493
  0.08354872540442801  0.09423163181085338  0.10495543002045707  0.11580384683517241
  0.12637631537371299  0.13680028502310607  0.14735300154106037  0.15802778374179130
  0.16860637160451955  0.17892966604159072  0.18933729983726161  0.19992216513128247
  0.21054072348968159  0.22098361496677754  0.23141371638990987  0.24172315443199871
  0.25206627316122654  0.26237047450683065  0.27274013967436966  0.28317423308347900
  0.29355690240378979  0.30409631021627564  0.31477741752664179  0.32542896568764673
  0.33608901555009346  0.34671326433640420  0.35727474132442588  0.36771052367496876
  0.37817532285523514  0.38867392246848376  0.39903015690391480  0.40933944097345704
  0.41966596846712173  0.43033965081241898  0.44111575427649941  0.45167026639807573
  0.46222692060859955  0.47273765477800062  0.48333907581883678  0.49377497950422805
  0.50434508396920019  0.51496408374262670  0.52562679987369088  0.53617240167978608
  0.54668124305464705  0.55728585682878207  0.56775826674005270  0.57832182932112730
  0.58882642747688807  0.59941032706812580  0.60998132886515921  0.62052802175044530
  0.63115554129834817  0.64168358647005708  0.65235231216544876  0.66289191593275487
  0.67359092678764276  0.68414395358330105  0.69470729055554237  0.70513722982638027
  0.71569128232705170  0.72624139967024171  0.73681003420813340  0.74744545227262227
  0.75795022366042608  0.76840892851450038  0.77877965216164824  0.78905744727690852
  0.79951449206387659  0.80994397865991963  0.82078214815019290  0.83146458073183804
  0.84202165023143605  0.85258739455900756  0.86324694986234829  0.87409506014138938
  0.88457276621904257  0.89502894156062551  0.90541283075955059  0.91586850639351070
  0.92656533000799002  0.93700197406156693  0.94757849758146062  0.95824481774775494
  0.96858164095258936  0.97923125632307351  0.98948864218350219  1.00000000000000000
 -0.01398877867591221  0.06284214472183951  0.10942416142021187  0.14443064397586464
  0.17371362871444310  0.19985938828615710  0.22354185907395752  0.24518409768111571
  0.26541769302743506  0.28440413620732385  0.30211997446218730  0.31903861679867790
  0.33536114089965680  0.35104556789447189  0.36607561527533972  0.38045240464049662
  0.39408339920205232  0.40717970707515028  0.41986211294421527  0.43242934722558818
  0.44478435886033463  0.45676314513048560  0.46823718929144592  0.47942715852015172
  0.49043580933602648  0.50123008348920162  0.51181668483394449  0.52219708199641290
  0.53243109688994239  0.54255723607235196  0.55255294026033819  0.56236740000290730
  0.57194249383829965  0.58128920174749898  0.59052037206340380  0.59964670423871957
  0.60868857617421823  0.61759947368901225  0.62641129656081596  0.63512303429673644
  0.64376269733190428  0.65227628621002465  0.66066783680072272  0.66891757687966313
  0.67704961698861033  0.68509856694292903  0.69309056680300651  0.70101733092405949
  0.70880841920383586  0.71642368662102474  0.72389035928641010  0.73133792887155424
  0.73873591278849993  0.74608438322248583  0.75328156224801690  0.76029519219778152
  0.76722065621540148  0.77407473644924596  0.78092956725201279  0.78774659929889279
  0.79447825345950263  0.80112252857842525  0.80770080425473134  0.81426927629334889
  0.82084024260459565  0.82734537837619226  0.83375180141114891  0.84007294619281092
  0.84632565936145743  0.85256014396575053  0.85880187160858590  0.86503610251350782
  0.87120103531653259  0.87725172012924124  0.88322650252969070  0.88914544660178751
  0.89500029909493029  0.90079574797329609  0.90654933757120659  0.91229186899540105
  0.91801666398999160  0.92369420245024836  0.92931205030240993  0.93489045052718867
  0.94046229909677115  0.94603165954359580  0.95156709648953630  0.95705302794618130
  0.96249756834041567  0.96791337485776996  0.97332326999503216  0.97872618552505264
  0.98412378147002411  0.98946821897627779  0.99478822065551464  1.00000000000000000
 -0.00234053711956274  0.00942292110734021  0.01889845272509497  0.02968675698253694
  0.03976348312645880  0.05047782110883088  0.06100397933768366  0.07136588008225350
  0.08213753059691087  0.09273147931241280  0.10343403208374598  0.11396491854934439
  0.12446033363387182  0.13479957853316341  0.14533895921505849  0.15592955352967186
  0.16667721226692794  0.17720853092670558  0.18782581026802816  0.19844855675083983
  0.20905237243317609  0.21983247374929868  0.23062245217052649  0.24122124680424079
  0.25165360498098316  0.26220418425626568  0.27277227753636218  0.28314126822428121
  0.29343949847407585  0.30386719569827070  0.31427733516838618  0.32465531007198262
  0.33502763320721718  0.34558945885695824  0.35625035006316397  0.36695672727787682
  0.37756572240830233  0.38806968138869763  0.39858225111441353  0.40919084013349977
  0.41996562366141588  0.43055242321289577  0.44115924151412306  0.45169875393243120
  0.46229734875171108  0.47294718351859977  0.48343820484042788  0.49382010637731188
  0.50427018443128802  0.51485540969965826  0.52542627858068669  0.53586078011484317
  0.54633760694931344  0.55705893697311570  0.56791553896007463  0.57881349352880651
  0.58950079364785535  0.60008474626378094  0.61067909137529697  0.62112539722570936
  0.63168085545096442  0.64223564006864908  0.65279361337398634  0.66333502643519970
  0.67391381429134478  0.68479729862634042  0.69529715675498438  0.70595652528997388
  0.71639253592326024  0.72707451229922804  0.73764712473508076  0.74800789930978562
  0.75831741869500968  0.76836472438250569  0.77881909813859118  0.78926343210361172
  0.79993203149019543  0.81039533250248563  0.82100456609504879  0.83170702252205608
  0.84253304318068745  0.85320244823341607  0.86380153880231580  0.87433752652519137
  0.88500927940074148  0.89555689526844107  0.90613996343636494  0.91677265248818718
  0.92749652481318301  0.93807380541335494  0.94839064791123862  0.95866268616206629
  0.96899616107484432  0.97935576416403458  0.98963382160792235  1.00000000000000000
 -0.00229521771109052  0.00896867636524173  0.01903578282489743  0.02965753896997096
  0.04054816258992474  0.05093287748628877  0.06133341999291263  0.07175905530937242
  0.08228319493050494  0.09291936374820023  0.10323062421102050  0.11343359307947502
  0.12362753300105805  0.13426631259301536  0.14490419019937364  0.15555337156221530
  0.16600741904468450  0.17662528513786149  0.18727258611839845  0.19785893899667431
  0.20848659892255905  0.21896939644252156  0.22953180581668839  0.24007526182075789
  0.25068385482779804  0.26133643975851495  0.27187073772125270  0.28228303655499348
  0.29256422941337618  0.30287270018394447  0.31330773269323359  0.32390175785984765
  0.33435620313065850  0.34508875544154582  0.35562962634713119  0.36610262016587841
  0.37657885820629544  0.38730102052145399  0.39779635904057165  0.40825242995794214
  0.41867262941600508  0.42943895282780042  0.44012170641252468  0.45066525774331995
  0.46103233687492945  0.47149009719090207  0.48190779531319122  0.49242064021112769
  0.50272068951867932  0.51302653740721915  0.52345033489258253  0.53379970766643681
  0.54421895908957696  0.55471104183771158  0.56538778740384710  0.57620268423457077
  0.58698078745570903  0.59771383603380157  0.60831490261931975  0.61886126747580827
  0.62938319299972612  0.64006191153356051  0.65067461920666958  0.66112933243780725
  0.67142832481838943  0.68187194221407810  0.69254312600676515  0.70329950752208215
  0.71393397389642799  0.72468007000518253  0.73539470275367425  0.74606873844874078
  0.75668750806603891  0.76725004037739863  0.77783966173639763  0.78847076122371362
  0.79912403457796666  0.80972928691392809  0.82036539212745918  0.83099507323962096
  0.84166907844485683  0.85213697197555105  0.86266451532270028  0.87326052859790271
  0.88378779039178612  0.89425713347832803  0.90481842628541476  0.91530174282650323
  0.92603402635760013  0.93672792399426386  0.94734156478978437  0.95816366871212788
  0.96866313066641163  0.97928249728095695  0.98966153619173469  1.00000000000000000
   6.6818253482809813E-008  -1.0000000000000000     
 F F F F F F F F F F F F F F F F F F F F F F F F F F F F F F F F F F F F F F F F F F F F F F F F F F F F F F F F F F F F F F F F F F F F F F F F F F F F F F F F F F F F F F F F F F F F F F F F F F F F F F F F F F F F F F F F F F F F F F F F F F F F F F F F
  <DiscreteSampler_grid>
  grouped_processes
  1 # 1 for a reference and 2 for a running grid.
  10 # Attribute 'min_bin_probing_points' of the grid.
  1 # Attribute 'grid_mode' of the grid. 1=='default',2=='initialization'
  0.0000000000000000 # Attribute 'small_contrib_threshold' of the grid.
  0.5000000000000000 # Attribute 'damping_power' of the grid.
 # binID   n_entries weight   weight_sqr   abs_weight
    10   10   1.024742301025011E+004   2.452447139244782E+008   1.024742301025011E+004
  </DiscreteSampler_grid>
