  0.00216528676683165  0.01664986570899740  0.03057626256327344  0.04271980840934329
  0.05447572380196756  0.06612430185498593  0.07751137818782615  0.08878669128036799
  0.09984289155804930  0.11076975625080430  0.12152987064108287  0.13233930053365781
  0.14319117220821384  0.15412501753095176  0.16492858647321351  0.17569327991798189
  0.18647027722954479  0.19724505329665445  0.20789794729603231  0.21835663054715682
  0.22878004779543107  0.23917497461960810  0.24964321780743909  0.26019988110856024
  0.27075585662717422  0.28133338543231928  0.29190736531588340  0.30266178982409941
  0.31349259828452636  0.32435397086065226  0.33512753027290776  0.34579160514154944
  0.35641327465666739  0.36704203875902047  0.37768569299142446  0.38820082734801126
  0.39864582307956464  0.40914317394764721  0.41973656695077838  0.43036943329525601
  0.44094524210679786  0.45153167559516144  0.46216936112303875  0.47283537048376478
  0.48355725680466466  0.49428803572823166  0.50499708693188627  0.51569837818961051
  0.52631657484204308  0.53681439810592224  0.54720873814217363  0.55749987849288596
  0.56778801927882927  0.57808993157945687  0.58838778186995322  0.59868666657517755
  0.60898806222865443  0.61939900575295881  0.62983088596385639  0.64016023404828637
  0.65040141821982378  0.66064535751490472  0.67090371557263029  0.68116654594315418
  0.69142836637934735  0.70160439919703121  0.71166739345165686  0.72172683987244035
  0.73190485498609825  0.74212317507055525  0.75230709588769329  0.76249165812529363
  0.77268328695633215  0.78273049108156445  0.79266129778555516  0.80257199773102450
  0.81248066650880535  0.82237081562918035  0.83219913278581215  0.84209299439572671
  0.85200666573788231  0.86194634860066255  0.87189824332587951  0.88190719369878290
  0.89195985336473071  0.90200291675029232  0.91204068901654423  0.92196569176521426
  0.93177689735894054  0.94139272550585551  0.95088871255220897  0.96021252383172073
  0.96927917324927249  0.97800245423454679  0.98607742090996431  1.00000000000000000
  0.00225885124296655  0.01665911170893131  0.03045510870948974  0.04279669950400219
  0.05463153167832965  0.06623507444912828  0.07742348852908937  0.08860360922477424
  0.09964880402597666  0.11067796002962507  0.12147912288625272  0.13248356750238979
  0.14321743454263905  0.15400880728705432  0.16464884589964565  0.17551580528409180
  0.18641094571797925  0.19731090289497594  0.20815367308563856  0.21871635079945423
  0.22929875831722482  0.23995842838882542  0.25065731280099018  0.26129144668297954
  0.27179479292178371  0.28232073507385252  0.29290902109500877  0.30350520917732798
  0.31398392284008719  0.32449493070561730  0.33502503507773163  0.34559098920620923
  0.35619040624813958  0.36677855557780437  0.37739271544863656  0.38782727278089479
  0.39830365352840685  0.40888832579714174  0.41942808813116683  0.42987051068295423
  0.44028911877699384  0.45086515150860212  0.46144518808337609  0.47201931363988237
  0.48259011084488257  0.49323171932835946  0.50385553364576285  0.51442012059568598
  0.52494978778178769  0.53544510665583289  0.54585374669633568  0.55617283741039392
  0.56650601308867510  0.57690865952764503  0.58737511532094411  0.59786305207744095
  0.60837774024218649  0.61888540018762428  0.62924373077518680  0.63948651256147904
  0.64972590311483425  0.66006685025774536  0.67037271248585983  0.68060260770239489
  0.69077115078070728  0.70086139338444109  0.71105722570783070  0.72121769324754148
  0.73130220843484417  0.74130829262847975  0.75131953563453135  0.76148225972076411
  0.77169770949912864  0.78185311997087026  0.79192327349749381  0.80195964651298035
  0.81205615540561726  0.82223128400213341  0.83239605234217640  0.84248006500929773
  0.85255422703096051  0.86271137919631036  0.87290189900300030  0.88299071062273649
  0.89292924005175123  0.90283635055850131  0.91268825019492317  0.92251814586057113
  0.93228547184920185  0.94196192325350259  0.95156680827861218  0.96092236300894518
  0.96997622115011695  0.97833714715771969  0.98669743861170278  1.00000000000000000
  0.00928542343767447  0.01080094758296443  0.01174107848112908  0.01266448066440713
  0.01364720163224929  0.01472346903099939  0.01590106820120597  0.01712060509054021
  0.01831636653177653  0.01953802400628899  0.02076510136853363  0.02200177401371199
  0.02327258796840216  0.02457642442577207  0.02576967997073739  0.02670718872910065
  0.02772744685183661  0.02891584556205266  0.03014131571516382  0.03138548834787323
  0.03265296561506571  0.03394839709433423  0.03526981227941036  0.03662071748539238
  0.03799794298674847  0.03939720776241010  0.04082306490335987  0.04228232169009210
  0.04379206249829214  0.04535714953340499  0.04698099534277308  0.04865712725464669
  0.05038737741706606  0.05217775624845047  0.05403395480066370  0.05597046230770174
  0.05797874911574896  0.06005289958899815  0.06218310464900055  0.06436834149884242
  0.06664296837822135  0.06900470262162978  0.07142742457758502  0.07391255725147726
  0.07649175356675603  0.07917992044967373  0.08198223835576846  0.08486648221533954
  0.08785541368704872  0.09094856327209032  0.09417899785215454  0.09752685131181206
  0.10099509326994124  0.10465548115492042  0.10846827246175583  0.11244247706761581
  0.11652277346514618  0.12080642384901787  0.12529129264547714  0.12994267662711215
  0.13478526884013567  0.13988951100100730  0.14530577737827516  0.15097457515456375
  0.15679813663585790  0.16281419303312744  0.16916063021958275  0.17593790589993338
  0.18310072410648465  0.19057944109106095  0.19844785562891323  0.20674707095246567
  0.21549273939834288  0.22470343256098882  0.23443929475084907  0.24484137122198441
  0.25588210063366412  0.26764702368302301  0.28023100104719911  0.29377347461763659
  0.30821087286476978  0.32362892737723670  0.34038754796798826  0.35856746691802777
  0.37824187301649165  0.39967619960206374  0.42310829406815892  0.44902055906990629
  0.47794360990704193  0.51054074067118527  0.54832236010269564  0.59372919062723972
  0.65056386192482363  0.73293237460524441  0.85778985799944019  1.00000000000000000
 -0.00105981436748829  0.00409286806963547  0.00937074211959844  0.01455529783024831
  0.01977691609495732  0.02505324459852315  0.03037454508627586  0.03577260258303314
  0.04124061394029905  0.04675478830274742  0.05229493015302863  0.05788645055938971
  0.06352120692927196  0.06918765358441896  0.07487117955897371  0.08057926578132568
  0.08633945536660603  0.09214970359456336  0.09799317689054381  0.10386873845513353
  0.10981221050892984  0.11585387405341566  0.12198288512460334  0.12815240004974340
  0.13432238741525357  0.14047807600306070  0.14664973480189505  0.15287819292208729
  0.15916643401755654  0.16549774242033216  0.17191732943532978  0.17848227157362531
  0.18509713596080274  0.19172709630554632  0.19837980970026142  0.20507980784522920
  0.21186341050196458  0.21872737439077924  0.22569042841032552  0.23273944419336079
  0.23981450140667027  0.24692536488866501  0.25408984923653211  0.26128161629667551
  0.26860772200103700  0.27599069994943048  0.28352987717833988  0.29112197756129565
  0.29885663675056490  0.30670958999233849  0.31465689411525927  0.32260969026891340
  0.33056592399056212  0.33866743627252055  0.34689708667045671  0.35531357674402753
  0.36386398082968968  0.37248321989598154  0.38124657568832299  0.39016520753041767
  0.39923295125738995  0.40834742765587717  0.41760096251628293  0.42696908819622525
  0.43648072017745571  0.44618293128378500  0.45608618342064838  0.46616851616281152
  0.47646476477486088  0.48704751968678767  0.49788349763915002  0.50892575854610933
  0.52019197024761554  0.53164576038076916  0.54325377447561118  0.55500962744386495
  0.56710827597054270  0.57950512125958975  0.59227178270613623  0.60547344379409040
  0.61930697602451690  0.63362240435105088  0.64838455646203996  0.66373828991378270
  0.67990598191209461  0.69667331580307579  0.71419371004271903  0.73285166165186433
  0.75281146677746213  0.77442033990635695  0.79788514701645363  0.82379928499944288
  0.85318205676248959  0.88765274264918714  0.93354413245146473  1.00000000000000000
 -0.00234043501968051  0.00927102922303948  0.01920010493771402  0.02999224814312230
  0.04043278928854267  0.05091227871566487  0.06137279476686730  0.07221613168703732
  0.08270607565316945  0.09326695225795373  0.10368634294228675  0.11421960964534290
  0.12488226752083224  0.13552569417895238  0.14626787737584657  0.15686554054798321
  0.16736323090993036  0.17795841852445957  0.18873331288501935  0.19961894868929722
  0.21039655639431568  0.22117424578716074  0.23191694860694423  0.24272809258542469
  0.25327351902279960  0.26355822217933184  0.27382495622375336  0.28405212600483631
  0.29460087270240382  0.30509690622306518  0.31558270451676573  0.32596031873415737
  0.33642097066068372  0.34684496551529248  0.35713006570493833  0.36727987719218830
  0.37751616605947258  0.38808577178183218  0.39862238268396605  0.40925319184949210
  0.41981298995907446  0.43041181235370957  0.44077617508832967  0.45121561825476636
  0.46175250353095298  0.47244624974973781  0.48310887585097217  0.49340674319134098
  0.50385403149571528  0.51425223036878487  0.52453103530787926  0.53480008731834627
  0.54514530126764049  0.55565045570902982  0.56610258544117897  0.57660637802140591
  0.58727296491322145  0.59808210101981263  0.60889871421309461  0.61955363108195016
  0.63021513170380417  0.64066699493157253  0.65128432595558716  0.66183873339815769
  0.67243153263908539  0.68300015487462173  0.69366451780666649  0.70427470082510035
  0.71493677399887090  0.72565638050673620  0.73632179328603109  0.74694623545746264
  0.75742082435984603  0.76782786619137411  0.77812748000282950  0.78845842757737916
  0.79897801042301131  0.80964575393204496  0.82026667709732903  0.83085853259992337
  0.84130458191457447  0.85186401711286008  0.86239800828555158  0.87295339087233415
  0.88357163798867677  0.89432863582401267  0.90515946034264438  0.91593476846860611
  0.92640071527124590  0.93685600509001310  0.94722615056338677  0.95771307191807376
  0.96800820046034242  0.97847538645498400  0.98904231431599332  1.00000000000000000
 -0.01435171522891306  0.06412153998345690  0.11017065856616853  0.14541516240367836
  0.17488922894876874  0.20097272451626300  0.22480174974612840  0.24672509612127314
  0.26690183736690870  0.28572851584181502  0.30368742227699369  0.32089574652577257
  0.33725217389153106  0.35271532528796778  0.36735870534704129  0.38136394360493225
  0.39499558721668732  0.40834264658299990  0.42140925872786839  0.43423505905238158
  0.44657849044650488  0.45840197146992312  0.46986921549825728  0.48111686915949942
  0.49214409146787180  0.50304042632691781  0.51374126153640631  0.52421722725619890
  0.53448350822810997  0.54462518510342361  0.55458373225924407  0.56428514139168351
  0.57378300077899314  0.58324657669862190  0.59265065420162155  0.60192365408599524
  0.61096481134204739  0.61980606435519769  0.62854491226617426  0.63719695533548137
  0.64574910939367458  0.65410027518444747  0.66230712451531515  0.67029224839605461
  0.67798173807957141  0.68578095964968377  0.69348550442039880  0.70107544079323003
  0.70852421801235077  0.71585027598899242  0.72311215883144275  0.73035184493056815
  0.73768691695508870  0.74496486174089283  0.75212399109800299  0.75927239659356638
  0.76641433425779271  0.77346992411585136  0.78043889034618852  0.78728820888458406
  0.79400272193371879  0.80058287190625488  0.80709812980933004  0.81355299969611505
  0.81997695652489888  0.82636768138617511  0.83273637397980760  0.83906935982197284
  0.84535491746345570  0.85159607966435003  0.85780821017151920  0.86401031761896885
  0.87017380841033598  0.87630744795260174  0.88239095360018582  0.88839251419900223
  0.89433244754434438  0.90019985270101877  0.90602069026033949  0.91182324167202644
  0.91759167287515886  0.92332997951007256  0.92905772447807400  0.93477674649783571
  0.94045374155464001  0.94607260536512627  0.95164622872261107  0.95718651841911140
  0.96267712904328628  0.96816371402827039  0.97360675754310566  0.97898380834262400
  0.98428331180399720  0.98955340184531626  0.99477333493104225  1.00000000000000000
 -0.00230190887585577  0.00911355008164589  0.01937480557325946  0.02984928284108958
  0.04035646989517568  0.05076709447015001  0.06109138872389581  0.07145521929470000
  0.08173684300689051  0.09225425300560523  0.10343714526863193  0.11323158925581935
  0.12385008556724794  0.13404275300390578  0.14436575829004461  0.15460665291526554
  0.16485064454978826  0.17531865834330795  0.18603899487018938  0.19653518344551424
  0.20693102016057069  0.21726210896718665  0.22768607802754914  0.23826005635903352
  0.24874622698767188  0.25916861829517857  0.26948505929357724  0.28003664772402515
  0.29062752527940422  0.30124602369243259  0.31163243405826796  0.32217495982876732
  0.33275985213549791  0.34342216235600043  0.35406454416477862  0.36470580653582518
  0.37532658504876854  0.38593210370213776  0.39654013755370232  0.40719267167175438
  0.41774377419020720  0.42837559184627461  0.43900604042312724  0.44959030789483745
  0.46007978248203235  0.47068966034756166  0.48133653536329263  0.49207907379458865
  0.50269704427975792  0.51324218589042525  0.52376363742559096  0.53437943764486806
  0.54510883012991995  0.55575999293113754  0.56627036939184916  0.57673287965644937
  0.58720742876902654  0.59774109720429047  0.60814005490484568  0.61860011875634457
  0.62913827102119357  0.63985347216274580  0.65056395151473623  0.66113375190242918
  0.67167474504610014  0.68220760394784563  0.69276608181146149  0.70327351100521773
  0.71380778410197643  0.72439974384688244  0.73492030145814269  0.74544367598786221
  0.75595223923967514  0.76656795878603634  0.77708256705732492  0.78764637457945974
  0.79834483440400239  0.80915992237502943  0.81995517165937593  0.83051187069283317
  0.84119051889385388  0.85171211362795962  0.86237791028638977  0.87285841347446069
  0.88345698483798807  0.89406907697704419  0.90479201202401505  0.91543081813751392
  0.92613524854581952  0.93677184523378820  0.94729166274872878  0.95793051818114583
  0.96846722168900090  0.97900871809197010  0.98947851002275233  1.00000000000000000
 -0.00225659019223887  0.00902073737723614  0.01869829814898534  0.02937368290960048
  0.03980756909374123  0.05051026637048138  0.06101081168383168  0.07172948315880044
  0.08256896198540999  0.09267910291409975  0.10301024158500528  0.11323123325746448
  0.12341701999672404  0.13379832202114966  0.14416067939456584  0.15488865716627181
  0.16569272558756659  0.17628192657106559  0.18684229714198985  0.19740359149953995
  0.20786867154157487  0.21840522250287195  0.22889920029481789  0.23940645788165535
  0.24984433937643308  0.26027393607499211  0.27086471036326448  0.28146642855957560
  0.29203162563726415  0.30253592140920954  0.31305852966769465  0.32375155054853039
  0.33442672664959622  0.34495905230877005  0.35551542666090957  0.36601170686611978
  0.37670546407889660  0.38736876291849770  0.39826949883535340  0.40894382400733831
  0.41982769837389050  0.43031033794056789  0.44111198050690908  0.45146779323152569
  0.46221313239635342  0.47269188243903654  0.48323422648508291  0.49374663979205186
  0.50415755459647316  0.51466779655345052  0.52512476657742835  0.53567871143875923
  0.54621441382549918  0.55701403091742341  0.56759717885497896  0.57824547382134661
  0.58887481424377819  0.59962889269244857  0.61030351589935594  0.62086777377774138
  0.63158394460368483  0.64228655020344327  0.65298612232899111  0.66355841062252252
  0.67426264188486040  0.68505707465723653  0.69542716010896133  0.70577940664054273
  0.71647679849936419  0.72695590225092477  0.73759488375885396  0.74793132048043476
  0.75851082610135756  0.76914996505407740  0.77982175014154342  0.79051533095210469
  0.80114515005844555  0.81147888364204135  0.82193456864653758  0.83226426845550572
  0.84294928863686724  0.85349469000917377  0.86404313832907287  0.87460357276046574
  0.88519297976440225  0.89572830659105973  0.90603527460826927  0.91633097215292214
  0.92688787796709926  0.93729819146691451  0.94791362654436107  0.95855563779961661
  0.96915423564642988  0.97949133206531558  0.98964325194714720  1.00000000000000000
   6.6604293437286605E-008  -1.0000000000000000     
 F F F F F F F F F F F F F F F F F F F F F F F F F F F F F F F F F F F F F F F F F F F F F F F F F F F F F F F F F F F F F F F F F F F F F F F F F F F F F F F F F F F F F F F F F F F F F F F F F F F F F F F F F F F F F F F F F F F F F F F F F F F F F F F F
  <DiscreteSampler_grid>
  grouped_processes
  1 # 1 for a reference and 2 for a running grid.
  10 # Attribute 'min_bin_probing_points' of the grid.
  1 # Attribute 'grid_mode' of the grid. 1=='default',2=='initialization'
  0.0000000000000000 # Attribute 'small_contrib_threshold' of the grid.
  0.5000000000000000 # Attribute 'damping_power' of the grid.
 # binID   n_entries weight   weight_sqr   abs_weight
    10   10   6.129030640698835E+004   1.999724115722398E+010   6.129030640698835E+004
  </DiscreteSampler_grid>
