  0.00228951484740242  0.01650415782134881  0.03001412245342037  0.04176193412475064
  0.05328113200238708  0.06463637427588001  0.07572954200036253  0.08681100217693488
  0.09791557433072454  0.10905815202891730  0.12003733992560808  0.13092607485813521
  0.14175206173870206  0.15253925716582920  0.16329970410216973  0.17410419037764260
  0.18495248400800079  0.19595702871637896  0.20690215034063794  0.21777566721082836
  0.22853459647133453  0.23911593421883903  0.24961494641590035  0.26005623212644297
  0.27045324356763978  0.28095534248019433  0.29159820836589623  0.30234081346086505
  0.31316583114880514  0.32392774383487266  0.33469053470697530  0.34542586735464759
  0.35603376983867946  0.36624603945166928  0.37640481263192338  0.38657195617358836
  0.39672708469551049  0.40682051207163367  0.41689563245362288  0.42710568001571425
  0.43742342860924877  0.44779610858020236  0.45819135399092281  0.46870127049111066
  0.47928429512881704  0.48988038380717602  0.50039001149396700  0.51087045770656392
  0.52135425641562716  0.53187199143666841  0.54239183668968227  0.55293280824785418
  0.56350550070331007  0.57405313218619891  0.58452433464504450  0.59495185275559237
  0.60543153639784464  0.61593328593042684  0.62640019995072271  0.63680575310578436
  0.64715431505444510  0.65740256226597960  0.66755760023965560  0.67771947123113663
  0.68794708152892980  0.69823073735821739  0.70853082687949887  0.71888570962952025
  0.72922771382864160  0.73944229878924006  0.74958504180325358  0.75975302069026729
  0.76995651469707871  0.78013385543275215  0.79031793977029885  0.80059910066752127
  0.81093888896062727  0.82117961656851279  0.83129688251384848  0.84135753763595111
  0.85142687954242346  0.86152022715373511  0.87156562852641228  0.88159278337510016
  0.89165870541492087  0.90175406411966386  0.91179921354307292  0.92169252816995983
  0.93142623101614908  0.94111164604740094  0.95067178138210506  0.96003947718086169
  0.96912227044824850  0.97774077015361138  0.98579932987226926  1.00000000000000000
  0.00238105055564009  0.01633701777485001  0.03024079972935143  0.04236777049208137
  0.05420491007573417  0.06577196052836427  0.07734337535595415  0.08869554413061245
  0.09986832762966387  0.11087477753973418  0.12191954409549338  0.13288722268523614
  0.14388097381961959  0.15499677980273338  0.16630833322898142  0.17760373950242830
  0.18878633643368248  0.19977256937967192  0.21071766515452939  0.22176785108501706
  0.23276765248524489  0.24367104856083549  0.25437883692287411  0.26505902983436319
  0.27576426893704209  0.28638147250349627  0.29690224444229635  0.30749492988197469
  0.31818780320476792  0.32891320419469156  0.33945234338130953  0.34995989511828646
  0.36054548878411380  0.37118651176858292  0.38186202697572708  0.39248145777200566
  0.40316923142511035  0.41375880791688163  0.42426300053331628  0.43472270782380878
  0.44529817045056541  0.45598157364427527  0.46650231529349451  0.47693684504986383
  0.48738344694965635  0.49778476028937696  0.50820562769192146  0.51863471190985189
  0.52923069300876768  0.53992046861834919  0.55065103070808741  0.56139555630843507
  0.57194439146722942  0.58246713165165109  0.59308516394007837  0.60385835929465725
  0.61455145069214168  0.62512106832647008  0.63546490156368884  0.64580601138132288
  0.65624933710769395  0.66676703658260983  0.67730094190687207  0.68769832271545350
  0.69814918613675558  0.70861621057541913  0.71899283660073077  0.72941219304218330
  0.73978432057703047  0.75022833478749973  0.76069892025966779  0.77111531539282208
  0.78161281301750318  0.79211668037777594  0.80252262704023947  0.81273508295610464
  0.82293740080511202  0.83325599640471970  0.84347003845033375  0.85364352812919220
  0.86384967325368855  0.87429759793770123  0.88456434196452449  0.89482704202642305
  0.90489683889286421  0.91486311500233797  0.92459160005902052  0.93411569117975479
  0.94360769976896430  0.95293430203273521  0.96221249828788857  0.97110671081317779
  0.97950609573714986  0.98687086026631266  0.99330453027908960  1.00000000000000000
  0.00816198235220864  0.00955099429648705  0.01057418375554868  0.01161391417077353
  0.01270423000559031  0.01383809105200617  0.01502236982623851  0.01624362238062716
  0.01744721824562068  0.01865105568358212  0.01990814712541048  0.02120909932497068
  0.02252671797524631  0.02381452278041631  0.02503809648280556  0.02609258595289430
  0.02707535091479172  0.02817898621316712  0.02941386614604810  0.03069474620514970
  0.03197689175564815  0.03326884662061807  0.03456927862969511  0.03589347656803534
  0.03725120144754456  0.03864649740758401  0.04008428811248746  0.04156431402489948
  0.04309381955977087  0.04467815196965847  0.04632081768190600  0.04801216827852776
  0.04974672020338983  0.05152785206545825  0.05336583227556987  0.05527825744465428
  0.05726925866505571  0.05933366339224663  0.06146593104318249  0.06366960330406086
  0.06596209684242212  0.06834371092635584  0.07082052653082126  0.07338327973827020
  0.07603835318468251  0.07878188590092780  0.08162668249565436  0.08457094900138894
  0.08761770571896763  0.09076390033583860  0.09404207558159482  0.09745453741939060
  0.10100702952502939  0.10470293892968488  0.10855859176635052  0.11259357966988408
  0.11679423954249145  0.12120783600574372  0.12579285087154765  0.13052031694223762
  0.13543835168361001  0.14062375678422362  0.14609390636096151  0.15181448471474396
  0.15776099381659880  0.16396711023176380  0.17048471469565038  0.17736029701484371
  0.18461019352131974  0.19229639717736172  0.20047251859329274  0.20914719683252384
  0.21828501138037823  0.22790414224074648  0.23806426920706214  0.24882387949495224
  0.26028416572109325  0.27264221419289847  0.28593128029394788  0.30002962726046861
  0.31494522089234267  0.33091704452747811  0.34815439683125726  0.36694315688439794
  0.38750292861947838  0.40990862785715726  0.43478007079291142  0.46263869565518950
  0.49420668029558174  0.53068961430837180  0.57366826162493201  0.62686111664587563
  0.70237949590684934  0.79822158179059644  0.84693213863686123  1.00000000000000000
 -0.00105562066551039  0.00401580224134304  0.00922615687027814  0.01447767777916886
  0.01977929023528644  0.02512969354330061  0.03051124200634014  0.03592073622709593
  0.04131080630331164  0.04672757545806036  0.05219090893835259  0.05771449113507550
  0.06330557574959203  0.06894457583150318  0.07462122868499839  0.08033542420923835
  0.08613535786918011  0.09203847591642213  0.09799424589409277  0.10394827161042230
  0.10990132907941938  0.11589019301753221  0.12195691743935091  0.12807699152003085
  0.13421599754027455  0.14039931251539112  0.14661216531442220  0.15283538867361676
  0.15906989263826637  0.16533910581940331  0.17169277534075222  0.17813251148137629
  0.18461697266355870  0.19109113188937576  0.19753079328250697  0.20398197449046754
  0.21052087678171433  0.21717405988937080  0.22390822957911705  0.23069292150480541
  0.23753481242659183  0.24444446797461689  0.25149812349831974  0.25877299896513206
  0.26618416447237259  0.27364164632753607  0.28124284057553384  0.28894350549955150
  0.29666604580973377  0.30437313974592273  0.31214228161188140  0.32004894653725297
  0.32816146177541600  0.33632365454553453  0.34452175105848004  0.35273584989563961
  0.36103141115043058  0.36953014884391161  0.37818703173431062  0.38705797804564224
  0.39597269990614453  0.40497207332401974  0.41414900783055292  0.42359112185103087
  0.43320688295850263  0.44297253807698278  0.45289958647082551  0.46307271962979352
  0.47329567403353123  0.48378261596224253  0.49427009274408817  0.50489141031128004
  0.51574208941706767  0.52711679868928396  0.53890961910204860  0.55097661660030861
  0.56337857040050021  0.57617075627696390  0.58929475267140041  0.60285901557260435
  0.61686795954801732  0.63123008405066028  0.64596996833127263  0.66135154636576232
  0.67747918340164903  0.69453543509451499  0.71253476556866457  0.73151152833420574
  0.75172465177390679  0.77336885057971405  0.79697035809083716  0.82313529137865937
  0.85263290415449455  0.88733999044689194  0.93326678658369600  1.00000000000000000
 -0.00223269852103570  0.00893166015411362  0.01911284171556637  0.02933088451567361
  0.03992174678458441  0.05045204805332953  0.06120196716929412  0.07170222062862379
  0.08220115002338066  0.09287499108915614  0.10362706605848179  0.11378350742377345
  0.12419684731425301  0.13463732545886106  0.14523601425356647  0.15549535459424435
  0.16575463659185283  0.17622288883123580  0.18691499750769305  0.19758863647954256
  0.20850758967764343  0.21914711306777887  0.22973038065874615  0.24010079098015863
  0.25073445993938509  0.26133287304858288  0.27198001479890632  0.28267966573289682
  0.29343818518323217  0.30411485497216673  0.31470228117045135  0.32523262983942819
  0.33569974731866026  0.34607205814497416  0.35663480821857724  0.36732818618654722
  0.37806573952084821  0.38873037184362141  0.39930088110085193  0.40991612163479918
  0.42058904488590648  0.43121212695272376  0.44172871053446144  0.45212357067802017
  0.46262018902727142  0.47310143808221117  0.48364884095364302  0.49435957247914386
  0.50492466288488835  0.51540310253390742  0.52577863784742740  0.53617279441100263
  0.54653711123062965  0.55654545724652660  0.56685416966859425  0.57722811748029224
  0.58782089970972040  0.59840562769148298  0.60911876586216940  0.61974070094514977
  0.63039210572704285  0.64083628587133667  0.65112668987083189  0.66137472913589956
  0.67179949622352586  0.68245035142050436  0.69292107327538888  0.70338640578822875
  0.71371550160532393  0.72424194290812682  0.73489004801079838  0.74563487833152764
  0.75626896303336932  0.76699548883221258  0.77772533470550909  0.78858723587428681
  0.79932093548003835  0.80984241278821545  0.82052300989403093  0.83105154453970653
  0.84171673025892568  0.85219213803060023  0.86289238461794837  0.87346276003850642
  0.88392883794064381  0.89429821414597377  0.90490130881325115  0.91559130724840609
  0.92629030985861316  0.93678280911101697  0.94744748387447530  0.95804769796269196
  0.96850611697989741  0.97884711404626623  0.98937580143945114  1.00000000000000000
 -0.01430444695440199  0.06454881288478798  0.11003076713301951  0.14533781284768232
  0.17540485537141970  0.20146788739520113  0.22493744666811047  0.24672677748280455
  0.26706787932467868  0.28617221415126337  0.30430418284858268  0.32144589776246330
  0.33756804468022511  0.35289261673164235  0.36760717637615042  0.38202122227035717
  0.39610193477069400  0.40994523788901766  0.42318696477795870  0.43590707690947716
  0.44822018379564954  0.46027087853098653  0.47187303660530028  0.48310534159982177
  0.49414760886444647  0.50486011171148615  0.51523186384108410  0.52540451053455584
  0.53550068661620032  0.54544012011308673  0.55517364691333859  0.56464999978721520
  0.57399453188602234  0.58330457866953933  0.59260025598900912  0.60176107559850467
  0.61071051804011567  0.61950402459875575  0.62823323061339609  0.63692053064889964
  0.64544951012947427  0.65378880199061384  0.66207441767264430  0.67033781155367544
  0.67861012862946934  0.68675695952912241  0.69467162641092384  0.70240706573907252
  0.70995643502942729  0.71751696635371920  0.72501875241558955  0.73242292874916148
  0.73971763400417301  0.74689769302940079  0.75388581916392639  0.76077361291423162
  0.76763417066822093  0.77445433671190334  0.78118551345241150  0.78788702779877773
  0.79453710857627380  0.80113750831879305  0.80768154308921192  0.81424827682243117
  0.82087464462283166  0.82747031832954443  0.83396490280159030  0.84037787217513549
  0.84670365894079669  0.85287087469747824  0.85892121816436495  0.86494786051245187
  0.87096060939618558  0.87690714197111297  0.88276942156495508  0.88857039497187296
  0.89432920805422877  0.90004394282770950  0.90571750614799640  0.91137752836951191
  0.91703202471156353  0.92269877807980016  0.92836958055985408  0.93401944584995267
  0.93965263193143278  0.94523582466957612  0.95076196550431991  0.95628125424355614
  0.96182756723983931  0.96741621670274613  0.97300590932812336  0.97853998174141643
  0.98399165124181820  0.98938054615694382  0.99472253532675581  1.00000000000000000
 -0.00239311651652237  0.00958345447189586  0.01926764835123496  0.03002877928159535
  0.04045342272416259  0.05084795601249069  0.06104673492237507  0.07144985851246230
  0.08206292553170871  0.09254405310412661  0.10315649219432023  0.11378281003398982
  0.12430471051392245  0.13475376654426130  0.14521362306106173  0.15581808914595766
  0.16636450591309848  0.17693447300503465  0.18746919868771925  0.19798722000536853
  0.20843256530979049  0.21895341788755415  0.22947758126283835  0.23996260453476309
  0.25032484652618592  0.26077149800744848  0.27123142464734434  0.28169411828458935
  0.29213348153407392  0.30253027697286777  0.31272462571571563  0.32298470754107816
  0.33334038870012217  0.34382202168467080  0.35435787182983192  0.36492089737596300
  0.37550219179211042  0.38610668163596434  0.39673635990683498  0.40741817232596877
  0.41803389234571614  0.42862552618715294  0.43919533300469876  0.44976498028526501
  0.46042386681827507  0.47102574962245430  0.48160040108069518  0.49206203395799064
  0.50251402676951884  0.51304929391910947  0.52361334249866476  0.53448290989058267
  0.54524588641989846  0.55580288925168553  0.56633967342478542  0.57679309557381264
  0.58731418676498615  0.59765333690997691  0.60814248076128008  0.61866287628612604
  0.62916949001886346  0.63971226822015426  0.65015970400564460  0.66069446260578579
  0.67120496025689136  0.68195137021059860  0.69265135502948005  0.70331460637312160
  0.71386151426040556  0.72434005275499946  0.73494693672906097  0.74562029281902842
  0.75615025676436420  0.76635479725449218  0.77659205546586429  0.78693417992148029
  0.79739033081372679  0.80796316472973040  0.81846532764708757  0.82905802232833459
  0.83959536664559864  0.85031263407674185  0.86108020093363513  0.87176664626321188
  0.88248636465822317  0.89319390229494933  0.90401940867871278  0.91455074243219936
  0.92521981431302303  0.93581289882814545  0.94656676251477967  0.95723154592718385
  0.96785635780497892  0.97857353815136672  0.98920780769530292  1.00000000000000000
 -0.00217619831839729  0.00878476556749737  0.01889775869475256  0.02985891190329059
  0.04053926787250129  0.05106788477999590  0.06170174874120535  0.07239958394950523
  0.08327507427634127  0.09379782067484933  0.10428535054355496  0.11496891310636785
  0.12558839024282362  0.13584510990085985  0.14597626253556792  0.15646487754237687
  0.16676020972661884  0.17710688924392384  0.18742463059731615  0.19803505861797019
  0.20878904445372806  0.21923125532017390  0.22976237439721653  0.24041675140756769
  0.25121225256254931  0.26193770467234001  0.27253204078790211  0.28302435666069908
  0.29354832881382620  0.30406054580939673  0.31462023946447476  0.32509543421012543
  0.33555185229634399  0.34616783779913313  0.35678535552425866  0.36729148570466597
  0.37773380591538896  0.38824324879970684  0.39866005503647700  0.40911361261323320
  0.41947287025268887  0.42992257314264670  0.44062176090049948  0.45086163590116579
  0.46131681073477060  0.47163740935590381  0.48203976811555216  0.49246369582900396
  0.50278874946152330  0.51331611042446079  0.52384187179046648  0.53444056950552155
  0.54504893452135228  0.55542426662500088  0.56582441076521839  0.57621423282656370
  0.58653133040002525  0.59681239415107645  0.60717563690467646  0.61774611573255755
  0.62841066383432143  0.63898125596810684  0.64959290097645817  0.66024608083857594
  0.67094136522486281  0.68159061025445122  0.69221882515244526  0.70283401733208739
  0.71356511789564825  0.72439843149636329  0.73516913390617900  0.74589738383047011
  0.75659813218170280  0.76739610092379307  0.77814636323619468  0.78879281739017593
  0.79952433314991500  0.81022479767117361  0.82070400467019822  0.83116680129284748
  0.84165120112943959  0.85214402347864504  0.86273395907568984  0.87321975756098535
  0.88370376758472635  0.89419119425762439  0.90454750919773541  0.91520767424100813
  0.92556663141666495  0.93610288107140671  0.94675012188297691  0.95756736005819210
  0.96809547386009320  0.97870417553438871  0.98929424099793140  1.00000000000000000
   6.6765607692729016E-008  -1.0000000000000000     
 F F F F F F F F F F F F F F F F F F F F F F F F F F F F F F F F F F F F F F F F F F F F F F F F F F F F F F F F F F F F F F F F F F F F F F F F F F F F F F F F F F F F F F F F F F F F F F F F F F F F F F F F F F F F F F F F F F F F F F F F F F F F F F F F
  <DiscreteSampler_grid>
  grouped_processes
  1 # 1 for a reference and 2 for a running grid.
  10 # Attribute 'min_bin_probing_points' of the grid.
  1 # Attribute 'grid_mode' of the grid. 1=='default',2=='initialization'
  0.0000000000000000 # Attribute 'small_contrib_threshold' of the grid.
  0.5000000000000000 # Attribute 'damping_power' of the grid.
 # binID   n_entries weight   weight_sqr   abs_weight
    10   10   2.256091624131444E+004   1.308158037989991E+009   2.256091624131444E+004
  </DiscreteSampler_grid>
