  0.00233374142487271  0.01663698647676902  0.02984950855351147  0.04144565066672472
  0.05307138581423813  0.06468329523841859  0.07609898782798584  0.08727872493756668
  0.09841845616555434  0.10959489693023151  0.12064736288011475  0.13176131328879506
  0.14281007317684932  0.15373611632634201  0.16451252635572602  0.17521083518647562
  0.18604376165474937  0.19696332023166380  0.20782626723484660  0.21858181600837159
  0.22923212970117612  0.23992676224178336  0.25060225677699660  0.26122582906237868
  0.27168588833553714  0.28219514821406666  0.29281229423569538  0.30353234742900131
  0.31424469889844953  0.32485854147875926  0.33543703270438563  0.34598117117564348
  0.35662942428034605  0.36734687371531649  0.37800365112731915  0.38855025729404413
  0.39905866132209766  0.40951069600952311  0.41988066642885918  0.43021494750280254
  0.44069876122017387  0.45134461447129404  0.46184823711594103  0.47211196808320449
  0.48232131670841649  0.49262510396532477  0.50294575786164419  0.51319081612830131
  0.52348947005444468  0.53393567376959539  0.54447068141982713  0.55500743376172923
  0.56553761477023057  0.57595287014443519  0.58621879994071024  0.59642723749645743
  0.60671265337347124  0.61706307389549953  0.62747216827663044  0.63790975810600414
  0.64834080884479606  0.65873625917551604  0.66914703669856490  0.67955986646870126
  0.68990473828566667  0.70014402949398791  0.71037093782842431  0.72068592967907152
  0.73106105750430206  0.74145275853384496  0.75185408577948287  0.76222168842657390
  0.77254092889055448  0.78277922509812514  0.79303355328449254  0.80335231377323502
  0.81364496049406165  0.82386511088117542  0.83402321564503845  0.84415552599606003
  0.85429489340148468  0.86446344027419086  0.87465492946681089  0.88471958701224063
  0.89463292429455044  0.90449075199605611  0.91435753989062274  0.92420194422804591
  0.93395421126725897  0.94356782172007991  0.95301079712672176  0.96224272457034088
  0.97125384731433984  0.97969353422555738  0.98778875712383374  1.00000000000000000
  0.00216530623308205  0.01690294338039358  0.03066479306540598  0.04273605110684590
  0.05447198953955774  0.06598061366860071  0.07721599107611701  0.08834860069506581
  0.09946130510259249  0.11048008823731977  0.12148669658495634  0.13226277166313433
  0.14297431804180988  0.15361965831333085  0.16425856247513360  0.17473819818198913
  0.18514237507579931  0.19571693068771434  0.20653180846717428  0.21730679450714063
  0.22804729699952858  0.23873453854316981  0.24952378207208359  0.26031024434328237
  0.27112744756660806  0.28190933829709863  0.29270352699359792  0.30358427165945895
  0.31441922932815186  0.32514855923430608  0.33579161151110881  0.34644638953205514
  0.35707867538072191  0.36768855724079191  0.37824785243580900  0.38891970496573824
  0.39952854340777194  0.41011560938965430  0.42060177117678083  0.43114392818917724
  0.44168844304831206  0.45222642610968317  0.46281165962442555  0.47350089433640885
  0.48420698678212309  0.49498061804860694  0.50554087839529760  0.51589939857604050
  0.52614745289633558  0.53634927107048225  0.54656244550079891  0.55680627975730979
  0.56713909455294098  0.57761415224886492  0.58812481901469638  0.59863435220602845
  0.60910789590080938  0.61953262313756574  0.62995444849805560  0.64032062105173404
  0.65074167872396693  0.66116603561279530  0.67159996041013237  0.68194016034299021
  0.69222795359073985  0.70248296673210509  0.71273252480445926  0.72298991439146310
  0.73321591741449288  0.74348544818256423  0.75382485262366028  0.76425513369883780
  0.77469824085566175  0.78511236859568945  0.79546647741153886  0.80575133787247111
  0.81596196240338337  0.82610888723806286  0.83621896039737553  0.84628792857642543
  0.85634825903354495  0.86645797515468947  0.87655327818739459  0.88662727465174485
  0.89661689279654855  0.90651905860697823  0.91642847872589916  0.92632716620172628
  0.93614660388330417  0.94577822922873001  0.95517850213076783  0.96435364547669655
  0.97318710388720497  0.98136301295978623  0.98939510788183005  1.00000000000000000
  0.00809950825869492  0.00955229189845711  0.01058931904443518  0.01158234530400353
  0.01263217235945942  0.01373684913583332  0.01488583608599839  0.01607483965942117
  0.01728021849420429  0.01849391506743045  0.01970907464785069  0.02093179863774235
  0.02219314956361977  0.02349695118037060  0.02476468827623302  0.02589212563310433
  0.02689434354882383  0.02795996091486582  0.02916061523938990  0.03039886096266300
  0.03164370310117245  0.03291027379974561  0.03421100120035162  0.03555561221684903
  0.03693911077833285  0.03835563192147971  0.03980062170782964  0.04128794272180549
  0.04282854494406601  0.04441300110723258  0.04602796049431546  0.04769605098368809
  0.04942482330866463  0.05122028580910725  0.05306625377372130  0.05495803916701822
  0.05693258310984960  0.05897787633566690  0.06109271987061947  0.06327931509647824
  0.06554257408407119  0.06788889756810797  0.07031241898317260  0.07281482547589639
  0.07540407197672570  0.07809565126815382  0.08087667489416583  0.08376031697495062
  0.08675326110010402  0.08986613528522629  0.09307430000435271  0.09641194953662857
  0.09991080415275770  0.10357491413332387  0.10739172264094202  0.11135139745637747
  0.11544712862243499  0.11973917521002657  0.12424033039491492  0.12899090194844595
  0.13393476283514494  0.13905754140971482  0.14437969078476687  0.14994842383031362
  0.15579498451134224  0.16190844903892143  0.16829369174282513  0.17506652238622378
  0.18224954628085319  0.18985602618764627  0.19784582947432253  0.20617882184937122
  0.21486408716573707  0.22406403056405327  0.23393003312539914  0.24451330884778105
  0.25586175111553550  0.26794962412193946  0.28072204165103198  0.29434712874892266
  0.30902714916373858  0.32482510767586481  0.34170707987535043  0.35993953020911945
  0.37981972134274367  0.40168097319183321  0.42560232073672805  0.45200938128717078
  0.48190023431751883  0.51643647612919308  0.55640432818690178  0.60399518800724072
  0.66615905344277437  0.76359787813893698  0.87400603957545420  1.00000000000000000
 -0.00102923660500375  0.00392447258005231  0.00933215501911664  0.01458025064175074
  0.01987389029116774  0.02523791920258587  0.03062501071164549  0.03603942227013555
  0.04147157085730138  0.04693066750242439  0.05241343979352038  0.05794183842754890
  0.06350878750952077  0.06911115021545812  0.07473686391494558  0.08038510750826559
  0.08614887773161289  0.09205119668335410  0.09800232064993705  0.10396167176514869
  0.10990167803821216  0.11583156151538045  0.12177077865095250  0.12776234860629132
  0.13383917572452633  0.13999118443006306  0.14621275824702493  0.15251038031460509
  0.15890166591028118  0.16535939251218726  0.17185110211215085  0.17835482854285739
  0.18488903690486538  0.19146859490554224  0.19814110138394087  0.20491356130279026
  0.21174907235678217  0.21863830343684293  0.22555129741518823  0.23249582937665619
  0.23948636482798930  0.24660765049850569  0.25377800435699743  0.26113019643654495
  0.26845229092223266  0.27590479893190312  0.28342560936634859  0.29101253255961979
  0.29869783818958573  0.30648823421983246  0.31435923655424447  0.32227761104633318
  0.33025430013003593  0.33823647276279123  0.34631453942957391  0.35452049924952184
  0.36308462576148037  0.37166980503480029  0.38026928755932721  0.38897143974732656
  0.39789808639672103  0.40707545073248602  0.41631040805306541  0.42566421079467365
  0.43522155653625050  0.44502669479826001  0.45502964239275367  0.46519407214141101
  0.47544948245051649  0.48584254031176594  0.49636191734283963  0.50713659592167448
  0.51824790568139489  0.52969639494490317  0.54141383155380118  0.55334440904092974
  0.56552041533680042  0.57800216319062758  0.59093922736694637  0.60445648244923644
  0.61847268807419631  0.63288207664261376  0.64769389560584245  0.66297900684073929
  0.67911067452414442  0.69616654615298568  0.71409489407217930  0.73278280551564989
  0.75250575393084296  0.77384002245645744  0.79724572321045295  0.82330781310513712
  0.85287892426375977  0.88759687887798666  0.93360208294921132  1.00000000000000000
 -0.00225303870093748  0.00914749420655814  0.01853416703026695  0.02886304578466710
  0.03896312020466873  0.04921690752604830  0.05968162450066977  0.07000831819819703
  0.08038604805713012  0.09073972392819230  0.10114915551847763  0.11156910870972796
  0.12202277704001482  0.13259635657965338  0.14324661903849364  0.15383508461189335
  0.16443952736898274  0.17503633119687126  0.18567671763905605  0.19632121793471974
  0.20685398277717340  0.21734686362695921  0.22781790342560551  0.23838180430436709
  0.24897450208954797  0.25955289965344219  0.27015947417936681  0.28078337804087172
  0.29130513294009081  0.30170286100680838  0.31204538648629948  0.32257615396560019
  0.33339301554591666  0.34435223558865091  0.35522340209994019  0.36588716131290600
  0.37626845484739757  0.38674088516158600  0.39726873646551020  0.40795102728791532
  0.41847430178400102  0.42911436990934743  0.43987279037464150  0.45062618931162080
  0.46125836743618465  0.47187962314094556  0.48247637991952846  0.49298136339362580
  0.50353619141142003  0.51408979288609824  0.52464504473613194  0.53512939802841808
  0.54565650058776849  0.55633221824180490  0.56684541538717315  0.57730453032954587
  0.58775142162569394  0.59817438999753780  0.60868547999836553  0.61907262694317189
  0.62960108648496871  0.63996954436189302  0.65034160970362220  0.66076849727450127
  0.67126487974566551  0.68188170021221539  0.69247798355531509  0.70315381778876529
  0.71388491816048016  0.72460779893995797  0.73531339461375911  0.74599683924088189
  0.75670914669721256  0.76737274736631944  0.77793335524526674  0.78842237454416575
  0.79912754891829396  0.80966760118440295  0.82035466541640667  0.83085488550212838
  0.84151095143823418  0.85213043350544415  0.86279375891249566  0.87313404831758967
  0.88368127457006562  0.89423919968536913  0.90495432168393808  0.91561332922396332
  0.92606127329451449  0.93665535587644488  0.94715117545239069  0.95792255973543383
  0.96858854586499532  0.97910160791543721  0.98957449584707147  1.00000000000000000
 -0.01440799185006796  0.06452980813921472  0.11032533776575762  0.14562083507008819
  0.17540661010335731  0.20157730800079657  0.22508670882619589  0.24656609075208788
  0.26653518762898476  0.28541950013228379  0.30334122863200630  0.32031892021908476
  0.33640373161036707  0.35167695667104726  0.36651310142521282  0.38101481326817044
  0.39488133602468306  0.40817156945210936  0.42105394322845741  0.43363217144496241
  0.44598147228152657  0.45794642894588228  0.46963080268499624  0.48106189272400851
  0.49233295896627527  0.50326890086317888  0.51386257069931685  0.52420654366559039
  0.53444972127032597  0.54455320581914146  0.55449117418813854  0.56427800295009323
  0.57393030539801326  0.58342622067247762  0.59271824292807906  0.60185216774703232
  0.61081603275558483  0.61966300275950092  0.62834523615576476  0.63692093161322749
  0.64542482752372243  0.65389631973443330  0.66223055879454940  0.67037561714889071
  0.67835485544926022  0.68632098787471230  0.69422331324947451  0.70199516290264352
  0.70962990864104836  0.71708742290567584  0.72456196730678235  0.73193658553490748
  0.73921561622865395  0.74643493112669734  0.75351297844894793  0.76044417199149039
  0.76730039700418196  0.77410232558973113  0.78089667347216873  0.78769419016017861
  0.79444003083739489  0.80114939428102661  0.80776766404665157  0.81433214262847231
  0.82083730628549423  0.82729712088909391  0.83366036997815951  0.83989661157114459
  0.84608428378453127  0.85229874985136334  0.85850186620167834  0.86467304101925857
  0.87078679629747968  0.87679191631577891  0.88272340957229667  0.88857531263359979
  0.89438671319892760  0.90028829632442342  0.90624332753146564  0.91215169733268797
  0.91799895064541193  0.92376913465678889  0.92947110926979071  0.93512237280785648
  0.94070700435732291  0.94625522726740408  0.95179369063346675  0.95729855596559144
  0.96273924578788495  0.96814629108834327  0.97351304608138278  0.97885052458590682
  0.98418844158424124  0.98950760229889578  0.99478422442945358  1.00000000000000000
 -0.00238305141527452  0.00925250765253890  0.01949055911571329  0.02986940118034253
  0.04031120964582623  0.05083660101988386  0.06133008324785745  0.07174400438108892
  0.08221984866778603  0.09309133780982436  0.10383499425650261  0.11451091671984658
  0.12485603435078427  0.13531516699173468  0.14578963784077581  0.15616268411507342
  0.16677118902751908  0.17701562293077339  0.18771485571736327  0.19843158725980364
  0.20917526569250958  0.21997746355503164  0.23038250722640294  0.24087938964062783
  0.25122285444023468  0.26165966352827136  0.27205069727122361  0.28244183371277082
  0.29290380610374078  0.30349362094125887  0.31421808238357635  0.32489965297564960
  0.33538240484436899  0.34575003479785887  0.35632848748613827  0.36686574529232024
  0.37743985623395365  0.38810597805166691  0.39884043815014697  0.40953789809812585
  0.42005470098018366  0.43055354154900372  0.44109989010355377  0.45161057418606176
  0.46228231670393716  0.47285851344721064  0.48347468100090263  0.49392683352903283
  0.50437282844079223  0.51479673700428263  0.52537106723205673  0.53605100678701323
  0.54677375411156071  0.55738540727907748  0.56775099133562534  0.57792592023682166
  0.58813798959331742  0.59851572682721621  0.60891094460699768  0.61910999573213066
  0.62959854742182553  0.64028800098351801  0.65091095475539618  0.66127689200401152
  0.67180552777399694  0.68253008009916494  0.69322957102316618  0.70395091756029660
  0.71452773607047360  0.72511350969270127  0.73580223199895733  0.74653444562356486
  0.75734558852955081  0.76804809738441226  0.77856393998149587  0.78899562648202504
  0.79928828535960206  0.80973643206895984  0.82034722640618729  0.83095882505875784
  0.84157122632925474  0.85209390781960292  0.86269084354384373  0.87318258596273823
  0.88377548404932449  0.89426269000396985  0.90497613442365921  0.91563868251993596
  0.92617483481004015  0.93654148498545531  0.94703763302819777  0.95776117919204695
  0.96843617561143880  0.97886902974788570  0.98948100399995897  1.00000000000000000
 -0.00220405849570820  0.00893443047566898  0.01852302075875738  0.02916621913968048
  0.03959279741315913  0.05012500534322551  0.06063934472856829  0.07123451650177898
  0.08204045327595857  0.09278346990346178  0.10342521654884222  0.11404392919047270
  0.12462429276799716  0.13512316652596498  0.14572943687365550  0.15645792456984656
  0.16702808452413212  0.17752944423073330  0.18801523210070142  0.19855811953170488
  0.20916323653227287  0.21978331326663267  0.23037480632873733  0.24096157852012587
  0.25156543767192879  0.26224715404039878  0.27277241989231632  0.28327990427373578
  0.29386870003448434  0.30459399265443671  0.31511131332272929  0.32564991263891518
  0.33599521231010238  0.34634447817976155  0.35681813587148226  0.36704776660263438
  0.37710707287448891  0.38721185430258048  0.39738550161328584  0.40807209475855966
  0.41846494352261698  0.42902363114518616  0.43964485434968054  0.45036930638324246
  0.46106517482570658  0.47190355331310513  0.48255260139150974  0.49331829980704872
  0.50370423132142017  0.51421737178927429  0.52458942199704806  0.53515249352849470
  0.54580462599301616  0.55644044718451779  0.56703353195016415  0.57767171972031328
  0.58827620017173976  0.59905880273808276  0.60964812956103998  0.62010765318114469
  0.63076149389935643  0.64127878566131158  0.65180098714613510  0.66201989888202806
  0.67249840485213941  0.68315646180697509  0.69384856056297994  0.70444132300266593
  0.71488342255807358  0.72539459163035258  0.73595460902515242  0.74680858391645133
  0.75748699132450525  0.76816594594623711  0.77875231872305628  0.78942977464815767
  0.79996846115532727  0.81048054020462090  0.82092570180995594  0.83134626187187233
  0.84165869934023352  0.85214075008138135  0.86278714725802652  0.87359829417657309
  0.88435841601277920  0.89496427339919904  0.90524832906800667  0.91554729701140181
  0.92594116126784942  0.93670634843724021  0.94732365554887377  0.95767107759692172
  0.96816203090935860  0.97862187592121608  0.98943746263849930  1.00000000000000000
   6.6490020660750525E-008  -1.0000000000000000     
 F F F F F F F F F F F F F F F F F F F F F F F F F F F F F F F F F F F F F F F F F F F F F F F F F F F F F F F F F F F F F F F F F F F F F F F F F F F F F F F F F F F F F F F F F F F F F F F F F F F F F F F F F F F F F F F F F F F F F F F F F F F F F F F F
  <DiscreteSampler_grid>
  grouped_processes
  1 # 1 for a reference and 2 for a running grid.
  10 # Attribute 'min_bin_probing_points' of the grid.
  1 # Attribute 'grid_mode' of the grid. 1=='default',2=='initialization'
  0.0000000000000000 # Attribute 'small_contrib_threshold' of the grid.
  0.5000000000000000 # Attribute 'damping_power' of the grid.
 # binID   n_entries weight   weight_sqr   abs_weight
    10   10   4.501541677058157E+004   5.805249061597697E+009   4.501541677058157E+004
  </DiscreteSampler_grid>
