  0.00230233214234889  0.01643646305377797  0.03032767007450785  0.04248524005849810
  0.05438721112033854  0.06598673764504875  0.07732384049050797  0.08842206201074042
  0.09955957464305580  0.11063226173844491  0.12182623652039153  0.13290031515567657
  0.14379947240292032  0.15451041903395882  0.16518263745768844  0.17587795002851322
  0.18651609957323537  0.19717477632207991  0.20797258332945226  0.21877324856335625
  0.22955089311311166  0.24013376636844705  0.25079227300599938  0.26141598412784600
  0.27209832926040806  0.28279504201859568  0.29354945043674086  0.30428746012355301
  0.31490547517782580  0.32552410658942044  0.33615242992669592  0.34677520878303225
  0.35735197886924680  0.36798810733904769  0.37868623786392702  0.38935629405885508
  0.39993645103842101  0.41054330748242501  0.42115707721961293  0.43178709589168351
  0.44241371208634428  0.45295746798337172  0.46362488709694810  0.47428854600958414
  0.48497658840924529  0.49567073435451875  0.50625033347919279  0.51679135296102852
  0.52719541167566064  0.53745674257133969  0.54799699787020795  0.55855592207173177
  0.56919065065683383  0.57965692238914202  0.59022281869600979  0.60086312805866726
  0.61138527258611797  0.62177723566955390  0.63214010264423914  0.64264123370593806
  0.65328483299785933  0.66384434093617484  0.67442674546353609  0.68491759360555760
  0.69538957483520247  0.70574907472818482  0.71605458477021300  0.72618879649279677
  0.73623862001504270  0.74618017393431080  0.75626680064207730  0.76644725434591643
  0.77668691219343766  0.78692848682033034  0.79710911934905748  0.80724344295029882
  0.81737218923064969  0.82754973123176523  0.83780663545589651  0.84802864576377546
  0.85819331615609162  0.86831492056214521  0.87846832230289684  0.88867860948590061
  0.89887123119416146  0.90897741317828162  0.91899911570524107  0.92900273061995386
  0.93899010867538035  0.94888766993902196  0.95855796322080777  0.96788201120495387
  0.97674995535790776  0.98504495583366880  0.99352476298308634  1.00000000000000000
  0.00256113801450698  0.01600143500573382  0.02927817884989421  0.04103513440100229
  0.05226600285236553  0.06319095572243333  0.07422683534384125  0.08534645972340317
  0.09645228090097532  0.10753119590126589  0.11858096261706737  0.12956082005475728
  0.14039908380410221  0.15108454042283054  0.16171050553922883  0.17228288671757280
  0.18284663704399270  0.19348573739269459  0.20423241910519602  0.21497167890279484
  0.22568259623663867  0.23638015050009895  0.24704518090493896  0.25763801724310154
  0.26824313032031832  0.27893243461987766  0.28961947983727970  0.30025509445172610
  0.31077545166600973  0.32118175089164303  0.33150161133761624  0.34185743586134926
  0.35227741632790943  0.36277005164796372  0.37333764745543513  0.38396044327223094
  0.39453319496084566  0.40506332515102683  0.41567537516561248  0.42640586541535003
  0.43713223884126978  0.44771359306471842  0.45821141380152297  0.46872635362229514
  0.47939395338979557  0.49013737890132647  0.50081025208210772  0.51128326881096253
  0.52159714890537623  0.53193913463936793  0.54237803337481827  0.55289836998187514
  0.56340508588825811  0.57388463780219667  0.58430128142462423  0.59468434965883743
  0.60506390171164359  0.61549358365335860  0.62599309199454267  0.63655258807550530
  0.64714406566604366  0.65768987101968024  0.66813965876435943  0.67845659835468142
  0.68872273982325516  0.69895437839078278  0.70916807399883086  0.71936142676378734
  0.72959596706025476  0.73989596061023177  0.75022040099134890  0.76055014678654720
  0.77087852978170635  0.78124731898708166  0.79161887967809041  0.80195976747250886
  0.81224336613391979  0.82244751626834334  0.83260086451616289  0.84268746912575354
  0.85270323403436277  0.86265886564602479  0.87268568780736344  0.88278973735937039
  0.89291845727939789  0.90295889830069909  0.91289802489197780  0.92277157813436939
  0.93256445029295998  0.94223726962081666  0.95179173647885917  0.96112982538830871
  0.97014776023023941  0.97850597888090662  0.98684419539365031  1.00000000000000000
  0.00702729403644955  0.00868653485208322  0.00987336716181468  0.01097373300250014
  0.01209900811766881  0.01329242037969420  0.01460180715130570  0.01583444727028275
  0.01708019458868527  0.01833719896452416  0.01959954336178170  0.02085785013681706
  0.02217690929982560  0.02358364715698131  0.02491557532819783  0.02602093262965300
  0.02693370101385425  0.02801766143767164  0.02921793650810217  0.03044854232039728
  0.03169917961179632  0.03297332885420522  0.03428624275994258  0.03563557833981421
  0.03701194195679742  0.03841051623636187  0.03982969759781285  0.04128393361324546
  0.04279022150250303  0.04435442647889198  0.04596792727033920  0.04763828681197611
  0.04938258237015392  0.05118126877882827  0.05301449383932937  0.05488865918462427
  0.05682558366540388  0.05883420618214560  0.06091624857219836  0.06306771731169342
  0.06529751397016791  0.06762050137787244  0.07003422392629453  0.07253634352332149
  0.07512079781179114  0.07779496775576666  0.08056429359973680  0.08343141481488993
  0.08640107602392616  0.08950400428132589  0.09273918276698383  0.09611222198985128
  0.09963603674253751  0.10328902017913678  0.10706318478324499  0.11098181710484020
  0.11508103231055770  0.11938596935982258  0.12388908330229009  0.12858921553152958
  0.13347512405951059  0.13857049343454139  0.14389429288053532  0.14949732952978836
  0.15538947798500100  0.16154802552734696  0.16798133677750385  0.17474257350694353
  0.18188908638032858  0.18934084198661527  0.19714973588520610  0.20541724449070956
  0.21423680906586823  0.22354785566346669  0.23337900966685698  0.24368705863345586
  0.25465781271313492  0.26640234711569755  0.27907861933659706  0.29264930612702783
  0.30708722034679359  0.32253446746027098  0.33915929998234073  0.35715662800112558
  0.37682632721267745  0.39841112379255139  0.42217015120457890  0.44861569740540946
  0.47824349360260865  0.51170053986165831  0.55017936205091833  0.59640170023982053
  0.65475495701110786  0.73819376151139326  0.85879562588592195  1.00000000000000000
 -0.00100698400787429  0.00392274242978109  0.00913710790404124  0.01429788839676509
  0.01956284109649694  0.02491029406037416  0.03032174390221834  0.03578958061858379
  0.04128216794109921  0.04678208122764351  0.05228186465979328  0.05780743810987667
  0.06341417125633654  0.06909496791592094  0.07481263393526499  0.08054106341740863
  0.08628253318035864  0.09204119099924710  0.09784275948768306  0.10375018316761576
  0.10977369567387167  0.11585992488032779  0.12194088989354666  0.12803714040192762
  0.13418066674132073  0.14035913746266385  0.14658766815959903  0.15286399183397562
  0.15918598414247506  0.16552097575913086  0.17178805327531393  0.17808028547326002
  0.18452767201282552  0.19111328523449914  0.19778560140937435  0.20449152635202011
  0.21121336121254738  0.21793366750613569  0.22471676259555981  0.23163623584481818
  0.23874778861104853  0.24595142244742116  0.25313349530131651  0.26037245625263994
  0.26772074854116734  0.27511804189506522  0.28256138094199235  0.29009238035024182
  0.29763829672500308  0.30525980008069764  0.31296295398201313  0.32075736281190481
  0.32863536320359749  0.33663574183199974  0.34476661508907669  0.35308593741014055
  0.36159525261166908  0.37024149809829321  0.37898936370129227  0.38792873889218382
  0.39697486989613595  0.40608543674063674  0.41533446868224433  0.42478085594196419
  0.43452068835850644  0.44444113808501789  0.45453399697950803  0.46474594447833650
  0.47511679703845150  0.48570703065751314  0.49657074714136518  0.50765652316428500
  0.51886937230660879  0.53014056822671862  0.54153595868788573  0.55324686873699580
  0.56553001692279115  0.57825112014217317  0.59124967306518794  0.60458694564622595
  0.61845310444671453  0.63303713825412211  0.64815854108288018  0.66362738958758083
  0.67965233593550067  0.69670239231907116  0.71488355259386616  0.73416344990730220
  0.75452836800159750  0.77612908341182651  0.79932371490139620  0.82502898657097656
  0.85409257416124718  0.88844789010810721  0.93404044085581817  1.00000000000000000
 -0.00232035384132439  0.00913358249095534  0.01896059860748368  0.02977072996137495
  0.04024227420312909  0.05093383560557763  0.06134985196871313  0.07195496306219018
  0.08245345939924409  0.09294437360881819  0.10338887085384280  0.11362812224585098
  0.12444228105315222  0.13435784909407406  0.14461924128784606  0.15466281415664454
  0.16489620883852954  0.17516564348937430  0.18537033872843658  0.19568233066326612
  0.20659127121178966  0.21724961013527014  0.22819079731076422  0.23890260273004510
  0.24973242354724851  0.26056213385749033  0.27125166459056960  0.28179779838104957
  0.29221017542043071  0.30278828374970568  0.31324154004302651  0.32372840577095874
  0.33425269793067036  0.34499808548670713  0.35580028295398453  0.36629871130167807
  0.37683975136233694  0.38728545247168167  0.39782465435821807  0.40814849453014374
  0.41849814951333963  0.42903082789261271  0.43958144028530011  0.45001138544451647
  0.46036761720465974  0.47075801523759608  0.48122197480113221  0.49173538961788393
  0.50233396519805540  0.51301027345319683  0.52370108648368396  0.53427345659611447
  0.54490973555643119  0.55552573361069624  0.56618215193036847  0.57671985673143333
  0.58720702789343493  0.59765334119010727  0.60812275315422759  0.61865184907835202
  0.62925114928353154  0.63969661152831869  0.65012587434883884  0.66066695777641649
  0.67140135884803642  0.68220002035921701  0.69283620781876132  0.70348343346651587
  0.71405209211087461  0.72456470114442806  0.73521145710977887  0.74581187389146053
  0.75656075194390460  0.76711964454133752  0.77758005928216678  0.78811261890896644
  0.79868028766270505  0.80947794865669065  0.82026932046250967  0.83090232603432390
  0.84157484892174139  0.85227471530254306  0.86304985837606107  0.87372612237177727
  0.88417814116482973  0.89466119873169681  0.90528688018106596  0.91600733453736471
  0.92697963622854906  0.93767090422673915  0.94819611782348590  0.95881825928026954
  0.96921350857017230  0.97966861653036119  0.98981213525259149  1.00000000000000000
 -0.01402074141242839  0.06302581643576610  0.10874383327498245  0.14431978178506227
  0.17417515042227152  0.20035707668768601  0.22388183829887187  0.24553100816707077
  0.26577696961590996  0.28455264508034678  0.30211287488891542  0.31864935926975019
  0.33459774060356534  0.35015590022324078  0.36503805413272061  0.37927995366348699
  0.39319540384515167  0.40673023644087691  0.41984561494035738  0.43255132392647050
  0.44496805134339190  0.45718463288634009  0.46908921920034435  0.48055542208050078
  0.49164683878543736  0.50249808040684052  0.51319968131956550  0.52365715097631971
  0.53388502858703057  0.54394577762731866  0.55384778149570046  0.56360595142201608
  0.57321548570952074  0.58266730223846419  0.59178702822582641  0.60073972326650937
  0.60964777341846521  0.61848233857611756  0.62721677335520387  0.63583591073411094
  0.64439963100229614  0.65284622208117082  0.66116946288357525  0.66934018417247632
  0.67737220017347533  0.68529129222540552  0.69294477930377107  0.70042200956456613
  0.70795678779820148  0.71544461908452739  0.72287953584176046  0.73020501222108958
  0.73741536304793276  0.74454552473143443  0.75166671212719904  0.75884341558542645
  0.76601414406101720  0.77302482694929253  0.77991168446052828  0.78672000553675625
  0.79346077608252219  0.80011615808868375  0.80673069515688967  0.81325104958863204
  0.81973660011583227  0.82620659679207342  0.83262587454319648  0.83901024037616012
  0.84532533855162550  0.85153718209133666  0.85773393919990992  0.86396885067256313
  0.87023366905834443  0.87649833019176127  0.88268725186686570  0.88876371421304901
  0.89474592679664622  0.90067065070457075  0.90657214843027989  0.91244062624965039
  0.91822606411056840  0.92391745681562487  0.92957398640926103  0.93522495737876088
  0.94086576066387650  0.94649014937631026  0.95205512741288767  0.95755380179742156
  0.96301188505750135  0.96839016860195226  0.97372657483440994  0.97904214191291183
  0.98434462253416466  0.98959341277899093  0.99478594009720134  1.00000000000000000
 -0.00240399254126535  0.00947738668181785  0.01936884706242042  0.03007803917290634
  0.04058502931443143  0.05106393849657483  0.06179803893493935  0.07224501420100839
  0.08273203594573572  0.09305959664979592  0.10340521091939428  0.11391958867892896
  0.12437801780151782  0.13497941006231012  0.14546485933969253  0.15581183125106077
  0.16625802501171910  0.17698509161682846  0.18756168980413557  0.19822284524013553
  0.20844270921711486  0.21908494451623300  0.22962868651849605  0.24033224969054320
  0.25105394446625601  0.26171304993397937  0.27244815163691077  0.28310079221074080
  0.29379852319288940  0.30442544262840932  0.31498852065722160  0.32551919742761443
  0.33609341000368365  0.34664106022992636  0.35719527566715004  0.36775360733533086
  0.37844601502474812  0.38913596461079375  0.39979420129770843  0.41027355308516827
  0.42081350963254255  0.43126556892364121  0.44172470247586015  0.45232454078672918
  0.46299644375990207  0.47378422415625143  0.48453491627994333  0.49534833975738429
  0.50596106406857067  0.51647425985907369  0.52697423719844350  0.53754771321547801
  0.54789239447298410  0.55808668751888557  0.56832657878572701  0.57848544811692681
  0.58871038718953506  0.59869649643397616  0.60908969503742671  0.61975151714774446
  0.63013203829899245  0.64065095562500374  0.65114536227406572  0.66179865329764564
  0.67220466555155067  0.68277894639413317  0.69335308099184634  0.70416446691074164
  0.71444580482226216  0.72487598305807088  0.73529720079901506  0.74573342726830327
  0.75623815964406249  0.76672032733219364  0.77739412198884339  0.78812865652405506
  0.79889719749860366  0.80967742342289073  0.82020980025451862  0.83055902404513715
  0.84098781506900988  0.85142239545330889  0.86213175212551774  0.87266931466257980
  0.88322413965164925  0.89377226476762317  0.90446831705022690  0.91518744944956631
  0.92564829788503189  0.93613475657851430  0.94653843521896375  0.95721545680297460
  0.96802206858908413  0.97857853776751302  0.98943903910627906  1.00000000000000000
 -0.00237217760481271  0.00934986950296846  0.01934879082943270  0.03016119923573960
  0.04055152123878480  0.05110847919372632  0.06132709824513831  0.07198279745651182
  0.08249402504853943  0.09318446011198873  0.10395634213299258  0.11459115441812240
  0.12523663324441325  0.13574210187578042  0.14620909815201452  0.15663728650913358
  0.16704906236396533  0.17775012590170680  0.18841940396518109  0.19926871079412592
  0.20997241483663412  0.22071422595504508  0.23130625088905821  0.24199353023538900
  0.25259840731155037  0.26326102745630919  0.27366021184478029  0.28401731800965796
  0.29452642986108424  0.30498996350810775  0.31554755801479478  0.32606960710918026
  0.33667019412741728  0.34733063504688172  0.35789841127289823  0.36841732963460089
  0.37891887797251833  0.38944192284902990  0.39999857055537874  0.41055122073942657
  0.42099737516877878  0.43142237205292833  0.44172453798991979  0.45204088391913472
  0.46250991979846595  0.47304074374999494  0.48359460464936610  0.49411600655532900
  0.50460720769008982  0.51521285575940001  0.52567183933065653  0.53622626770082071
  0.54676569640851402  0.55742705705543416  0.56808023045498346  0.57856168766029203
  0.58903510630280709  0.59956640085996160  0.61006390396454080  0.62037822810079335
  0.63075149287536025  0.64092255492909544  0.65126540716844694  0.66134629394924183
  0.67178511448538580  0.68239741991414427  0.69304385417910197  0.70356676424984788
  0.71415917044623001  0.72466374808602774  0.73506882198331680  0.74554348639550527
  0.75609725772463365  0.76667577393473929  0.77745630735412363  0.78841557125965833
  0.79889785691016657  0.80953066972606469  0.81999397564623777  0.83064634008585869
  0.84114889989497699  0.85151081954307695  0.86224717033443643  0.87285143458524661
  0.88359422682665589  0.89437807282605597  0.90515828707636814  0.91583814521821716
  0.92627833731824016  0.93680042553420484  0.94721704072869362  0.95782418353357035
  0.96855772342427449  0.97933385240634030  0.98975384844219194  1.00000000000000000
   6.6457839811654456E-008  -1.0000000000000000     
 F F F F F F F F F F F F F F F F F F F F F F F F F F F F F F F F F F F F F F F F F F F F F F F F F F F F F F F F F F F F F F F F F F F F F F F F F F F F F F F F F F F F F F F F F F F F F F F F F F F F F F F F F F F F F F F F F F F F F F F F F F F F F F F F
  <DiscreteSampler_grid>
  grouped_processes
  1 # 1 for a reference and 2 for a running grid.
  10 # Attribute 'min_bin_probing_points' of the grid.
  1 # Attribute 'grid_mode' of the grid. 1=='default',2=='initialization'
  0.0000000000000000 # Attribute 'small_contrib_threshold' of the grid.
  0.5000000000000000 # Attribute 'damping_power' of the grid.
 # binID   n_entries weight   weight_sqr   abs_weight
    10   10   2.690311008041568E+004   2.930014711237157E+009   2.690311008041568E+004
  </DiscreteSampler_grid>
