  0.00314683003016334  0.01484876221997337  0.02749127023258539  0.03983870865881371
  0.05201838456343757  0.06403413596791441  0.07560988221628666  0.08693018348375159
  0.09821123538080583  0.10946503741692196  0.12075745211871029  0.13213807092078539
  0.14333497161587541  0.15406846716563577  0.16454787554878331  0.17504857643106639
  0.18584555210324796  0.19662281898456593  0.20743421032669013  0.21846766304932416
  0.22974635040774496  0.24092135973505555  0.25164113208270961  0.26214787902804731
  0.27278282870288850  0.28364402949618889  0.29442383168745101  0.30498931075583557
  0.31531557768861967  0.32573898864737155  0.33640561735232438  0.34710618480833105
  0.35777460890507728  0.36851822906164305  0.37947930135806490  0.39040614120053330
  0.40102212245034385  0.41152481500730081  0.42199924899010977  0.43248770585032081
  0.44308447336991341  0.45370107054182535  0.46425069098292804  0.47479342158866544
  0.48539736012321877  0.49610138674340964  0.50676435131407171  0.51722323576909612
  0.52761689517272381  0.53814134570544592  0.54905467476292369  0.55998928908013024
  0.57070130865222346  0.58136874907810088  0.59227726361939015  0.60319389843599702
  0.61359404886014546  0.62370070120983889  0.63378288172289787  0.64403365637701482
  0.65443179911069971  0.66493116392480567  0.67548400074156267  0.68585839365442380
  0.69631964749724495  0.70692683435042725  0.71753224208430355  0.72813376168337374
  0.73868565051267243  0.74932263168579705  0.75988011889273854  0.77029745152740281
  0.78089256721588840  0.79153085960944036  0.80184877120275355  0.81200672535889462
  0.82182281353294828  0.83173904329568449  0.84158774521165980  0.85131576456614833
  0.86125244061285866  0.87129039056873470  0.88138339872751315  0.89142414358757138
  0.90139770066856140  0.91104056645251974  0.92049457949731806  0.93006774232320955
  0.93986048805968714  0.94997972425862742  0.95984341641633641  0.96919596426747934
  0.97809138181354116  0.98616118912569772  0.99337965761262337  1.00000000000000000
  0.00277437065789971  0.01612344035283161  0.02967300682020286  0.04181403773216496
  0.05287946843335999  0.06363351583717428  0.07443846676796115  0.08516256560725509
  0.09568948428863538  0.10602577231392414  0.11647481329451613  0.12730007262314930
  0.13853194223373061  0.14979994311783920  0.16093456077888263  0.17195094513630602
  0.18274466386436725  0.19325710448140956  0.20370143268166147  0.21428111096454280
  0.22505963966593515  0.23604672617700079  0.24703612916836881  0.25775941847022460
  0.26839268095012858  0.27921622879988245  0.29009408664877567  0.30090856344732542
  0.31177824133226084  0.32293098959281580  0.33422289104266489  0.34532142785763087
  0.35644029161773733  0.36761431466127087  0.37875369390373403  0.38986100136643975
  0.40076250712376660  0.41141210615220647  0.42185026159818489  0.43239816635685036
  0.44294457502366558  0.45334103396850289  0.46370194343155308  0.47415556069513615
  0.48477497663633184  0.49555529028686873  0.50658544944116402  0.51755427150598299
  0.52793933241773350  0.53789896703956830  0.54807402353222456  0.55858096506498389
  0.56909561926091445  0.57938502404333303  0.58986629474791075  0.60068447327292096
  0.61148384817436663  0.62229366711804057  0.63309491955123509  0.64375968174086651
  0.65420195876992082  0.66451271481042873  0.67505927507053920  0.68569355097097184
  0.69618954751285667  0.70646324660792348  0.71658200763331548  0.72680173705218187
  0.73734327907273367  0.74816752384090468  0.75902626556907782  0.76984846874142798
  0.78062748236464419  0.79141348354554109  0.80186559214892872  0.81207721538681643
  0.82222191945855916  0.83228582417897701  0.84235276470927123  0.85228973037486111
  0.86232495036978551  0.87235232985980815  0.88228266302504266  0.89195719555809827
  0.90167805144858171  0.91160059703332974  0.92167972435585666  0.93170330010182367
  0.94135015690131374  0.95063598350318324  0.95959147504910203  0.96781344891474852
  0.97582498059086564  0.98357915873340984  0.99155252994815146  1.00000000000000000
 -0.01702314380027036  0.05124725036171029  0.10012443806146887  0.12716772094545772
  0.13916796785753513  0.14989870930425403  0.15967801500174408  0.16931817444361599
  0.17890733517585969  0.18889623316808205  0.19910985961884461  0.20892496754512399
  0.21886178678858079  0.22894805729314338  0.23917706862410085  0.24906129505829253
  0.25869793766433674  0.26861585479614131  0.27897706738309896  0.28902604335456505
  0.29910393332205015  0.30949253709759317  0.31956849904980639  0.32928031262225116
  0.33898777736161290  0.34892347086510628  0.35886157724110773  0.36864060700751122
  0.37823680373557000  0.38794098146293643  0.39773312191605936  0.40760029299734085
  0.41761490493075087  0.42771297588008317  0.43770726771907820  0.44752831414508631
  0.45718957010339245  0.46682918413683294  0.47648440199729752  0.48611764954076947
  0.49567901851105700  0.50516393840417806  0.51459588951742885  0.52390722000471768
  0.53320775137559262  0.54251697185127778  0.55189098504132417  0.56133937943473544
  0.57073106668600238  0.58017191108149624  0.58969315729296712  0.59931498097483893
  0.60875585827770196  0.61830974631513136  0.62762526306362132  0.63693907240868419
  0.64647620273792705  0.65594873176124968  0.66517202359970529  0.67419334900440042
  0.68310787384439187  0.69194874197357259  0.70079086163317839  0.70974478718445078
  0.71869483352516483  0.72776731592712718  0.73685645438613889  0.74606593574245128
  0.75537044738125525  0.76464668687585258  0.77398796502585687  0.78313295817123829
  0.79230087514090297  0.80154437799313905  0.81067020624342923  0.81970434841503104
  0.82850764665069321  0.83711367643321799  0.84584086229308886  0.85484568298053298
  0.86375039997391245  0.87250542001274300  0.88124874706610901  0.89018273324387587
  0.89941415146767689  0.90882765186042291  0.91841504372826033  0.92780987552166516
  0.93709256050029366  0.94609604288091431  0.95511359324548661  0.96418004900565668
  0.97324589232446279  0.98227291000118677  0.99115281832539670  1.00000000000000000
 -0.00222122901670558  0.00927196715726876  0.01912834341977303  0.02964480829046070
  0.04002443631627462  0.05143243537275646  0.06293737926980586  0.07447728342297456
  0.08536397143295718  0.09634616570240628  0.10694222773966168  0.11753219912226863
  0.12790647487110726  0.13787260349254368  0.14789699536458215  0.15801897726770955
  0.16869522659083827  0.17917682738006088  0.18946170686538324  0.19977446178869337
  0.21034956520678916  0.22116522831292404  0.23174891003893838  0.24224626471924271
  0.25275619120204601  0.26347127374484758  0.27441165617000379  0.28523357646453490
  0.29570926251390328  0.30606204093519640  0.31687594430282223  0.32796871139871192
  0.33842996700994687  0.34838103752023880  0.35857440258591539  0.36915150255271251
  0.37988320611851134  0.39025201616474631  0.40071469648644270  0.41143116092667031
  0.42201702670691155  0.43248780727267527  0.44248219591326876  0.45251013642054838
  0.46211115134926661  0.47184128978928802  0.48165663689215082  0.49170073952589161
  0.50155564327444002  0.51156501972829094  0.52166218527687858  0.53232709663467925
  0.54282351716484256  0.55310417738767403  0.56334121678468230  0.57387164558776049
  0.58495421384973745  0.59635548597550159  0.60802963223656969  0.61929860561248740
  0.63001227304271934  0.64021569789813793  0.65035382472243364  0.66052055938231635
  0.67058051948387487  0.68064427825067508  0.69108947613150395  0.70174844526194802
  0.71213253774202634  0.72223892308488380  0.73241244257173199  0.74275260310112901
  0.75321431704860431  0.76389834859305428  0.77492509317814273  0.78596749820044398
  0.79667406885050784  0.80722645645486535  0.81810676342082433  0.82916424083015960
  0.84052308946821275  0.85140765063273105  0.86236518256955341  0.87308354891599205
  0.88351866359849773  0.89393129611465350  0.90432721730646015  0.91463387227943238
  0.92487598272467375  0.93537415442024718  0.94655817173436740  0.95759963677134541
  0.96844115703527978  0.97909792719725286  0.98974891794052000  1.00000000000000000
 -0.00182578440540869  0.00637569212855155  0.01374790941987378  0.02126333631785235
  0.02888489882844383  0.03647870502949252  0.04414144072680621  0.05193164236206967
  0.05970313487530071  0.06749519832695267  0.07514480361320151  0.08283497764979265
  0.09070129873928436  0.09860354776838033  0.10664680627021621  0.11490757669124620
  0.12315595084222988  0.13147131239922677  0.13978546285475685  0.14811703201999862
  0.15643105956007985  0.16467389399855420  0.17293128590969131  0.18137084065673925
  0.18981524109127479  0.19825876392625502  0.20667609937846323  0.21527081223822245
  0.22375585096881126  0.23220409440168194  0.24073615664891235  0.24953187614067276
  0.25846373089337488  0.26731292337977652  0.27608579884553824  0.28477966812789213
  0.29338125394790987  0.30183153728605472  0.31021646830103372  0.31894087997519494
  0.32787396158324889  0.33701301715198684  0.34606913548402418  0.35521826348305846
  0.36487237132157796  0.37459951020051591  0.38373025089599883  0.39271103314951367
  0.40140360319897922  0.41040927129837473  0.41920487974963894  0.42743981485416677
  0.43589215927590069  0.44474414491061737  0.45355940322443000  0.46236590460794152
  0.47134627369529747  0.48048454836131316  0.48954654376678175  0.49872405617038279
  0.50837343574812976  0.51833602951596147  0.52864315742714951  0.53924591128249411
  0.55046044044799580  0.56158872381108571  0.57199357792914707  0.58225865078492312
  0.59253554391732011  0.60289767253961446  0.61294585404405022  0.62284840986902312
  0.63344032502263137  0.64461730581503185  0.65627922408416139  0.66833370801516134
  0.68002627546447325  0.69176113179503240  0.70395686146641767  0.71648270778298961
  0.72935741425329892  0.74301045903802754  0.75726713958946190  0.77177748558990256
  0.78648663563913601  0.80133953069748898  0.81631056568004257  0.83117543557451756
  0.84704567190045998  0.86387972484558628  0.88265696221850309  0.90231974855115094
  0.92296561536870536  0.94561275812738432  0.97121408685472632  1.00000000000000000
 -0.00264033642134387  0.00966794472058939  0.02005551454153476  0.03044191369344874
  0.04102098561444854  0.05197903251416447  0.06286656489955894  0.07342179826701802
  0.08391313286411134  0.09466407464111047  0.10543436783014626  0.11594211610028550
  0.12635192807519049  0.13682034482539451  0.14732238552899968  0.15790896838261115
  0.16864127217139593  0.17934754900209801  0.18996475713735400  0.20047401921558872
  0.21092263237042277  0.22153236234820969  0.23228827444451403  0.24290062324153047
  0.25365463229096852  0.26439970720300798  0.27502715089626906  0.28573993141333964
  0.29635412612548429  0.30709931724242173  0.31700674296952930  0.32705103165714272
  0.33741070898196085  0.34797388009044522  0.35827825249025913  0.36838972400759540
  0.37879097862811301  0.38962266029845893  0.40033973274872414  0.41072244715283279
  0.42145763269532188  0.43260554958673425  0.44357615333195105  0.45414877168640216
  0.46450127449041617  0.47471907629972027  0.48450256809442066  0.49399813841469742
  0.50333325778355020  0.51310519502146490  0.52295893288260253  0.53313874591676613
  0.54363630873050151  0.55446346640915722  0.56519376622804174  0.57540593051574973
  0.58592148364785157  0.59663367458275551  0.60718129835334966  0.61745783876142224
  0.62763485802045549  0.63837347808812550  0.64876644262198846  0.65906935990074322
  0.66943097617983172  0.68014510401163286  0.69096005207943401  0.70163777123709758
  0.71257948563538465  0.72404302743216453  0.73498779464708452  0.74573436963631634
  0.75667110159718565  0.76803447089734911  0.77904324238939282  0.78970304108201772
  0.80022030037190595  0.81068132083407829  0.82149027731659008  0.83238238636789808
  0.84357332050820044  0.85431442226945364  0.86482876079012894  0.87525307158977028
  0.88532220016350982  0.89543019873739726  0.90527895209333342  0.91511700206404067
  0.92542359459771539  0.93561228389817019  0.94628093922117140  0.95692573845897622
  0.96763076452311880  0.97859346381778534  0.98935994674956351  1.00000000000000000
 -0.01938222091794742  0.12905178997311120  0.18479585329933648  0.22510158618292500
  0.25738889977418589  0.28383783083052283  0.30675635085972303  0.32729496977221439
  0.34680003598267189  0.36511034407871218  0.38153476909514261  0.39653799041471927
  0.41070486729591726  0.42440210733085237  0.43731507149287430  0.44943947625341218
  0.46128986212714340  0.47292661181410334  0.48404821186487734  0.49460222441838214
  0.50486027874520645  0.51495464740471031  0.52484128483176995  0.53439761167438815
  0.54379639013069625  0.55273089957603283  0.56162895886124109  0.57056475136875140
  0.57931196701796817  0.58777858952985673  0.59587504088839038  0.60363267475412663
  0.61156861037519195  0.61949642716711617  0.62714505658248698  0.63476205881926506
  0.64241939917399427  0.64997161293369832  0.65727849020457763  0.66439384299883342
  0.67124510810254767  0.67793032090426342  0.68456549008433543  0.69100718784205462
  0.69736510732018397  0.70370622505831704  0.70991720968732575  0.71606157240877133
  0.72220841340399022  0.72839025105841393  0.73447266367574071  0.74047399417961302
  0.74638256256270030  0.75230864952114429  0.75825090990026978  0.76411627323245079
  0.77005831253697044  0.77606089495278163  0.78215493685342885  0.78826697806455304
  0.79430366569233957  0.80027146097515744  0.80620347460886255  0.81208449972258889
  0.81796178358319438  0.82387844458341497  0.82974773956192249  0.83547439067537288
  0.84111173369385162  0.84659283205399150  0.85221677882698921  0.85794520637622185
  0.86374801802399603  0.86962084146249929  0.87550232517637538  0.88136177559437445
  0.88724868919936972  0.89313446809789210  0.89890884042725949  0.90480506722775833
  0.91061532552294866  0.91662178949720041  0.92237765516829073  0.92812249029496419
  0.93386464296002836  0.93961708564394286  0.94544074124017652  0.95120289739715103
  0.95697649630175696  0.96292314713578697  0.96898232920550087  0.97504153155380657
  0.98120637758995988  0.98746300986857372  0.99371200404465798  1.00000000000000000
 -0.00245152139459307  0.01016998323268759  0.02079637919918806  0.03180505942995952
  0.04247418939220071  0.05316104770030718  0.06368921768283352  0.07414687694141710
  0.08429724442527679  0.09447269875863493  0.10491829669427753  0.11567556012494759
  0.12646739508192098  0.13727124902304469  0.14795617690138507  0.15833540289447859
  0.16849109629515027  0.17866003877971517  0.18912865873609414  0.19971920531733142
  0.21014574996057328  0.22039346057361561  0.23083704161121066  0.24172008726046634
  0.25264683284132677  0.26356285304023852  0.27440085119032287  0.28539016393547340
  0.29638470480236251  0.30718930883996998  0.31776406727811046  0.32832442673050932
  0.33910005456353975  0.35004140769506359  0.36080951399884709  0.37146531974789265
  0.38208690587247024  0.39263956300910768  0.40308270785551892  0.41342085863676270
  0.42370425775297577  0.43394401558323958  0.44422858342895954  0.45458280600155182
  0.46493573013586154  0.47517394552619319  0.48531728710572003  0.49546334676608328
  0.50586335208802824  0.51643390805849143  0.52690836114977468  0.53726446809653339
  0.54759911460140409  0.55820451353807510  0.56858844906017902  0.57858930119525187
  0.58872554251281983  0.59891484026166908  0.60922936681414253  0.61962359269351908
  0.63007008145264065  0.64071596437630662  0.65163604757206572  0.66230253574848186
  0.67247772361928015  0.68255767040851922  0.69361499735499887  0.70472208779312218
  0.71547754429890398  0.72602989404611784  0.73695947418278984  0.74802635905907311
  0.75894884996661593  0.76970106924436599  0.78024066071829079  0.79074998522669548
  0.80123743728634578  0.81180155890674055  0.82234434724792305  0.83279551817555053
  0.84320830942843328  0.85365725877976018  0.86427176365491254  0.87484680602839804
  0.88522694593138318  0.89556009057446884  0.90607721514188344  0.91685922607452808
  0.92750171780247026  0.93809557611075256  0.94843657856049834  0.95895342016253915
  0.96914556474736147  0.97929834443177544  0.98943242463104353  1.00000000000000000
   1.0559847227502443E-008  -1.0000000000000000     
 F F F F F F F F F F F F F F F F F F F F F F F F F F F F F F F F F F F F F F F F F F F F F F F F F F F F F F F F F F F F F F F F F F F F F F F F F F F F F F F F F F F F F F F F F F F F F F F F F F F F F F F F F F F F F F F F F F F F F F F F F F F F F F F F
  <DiscreteSampler_grid>
  grouped_processes
  1 # 1 for a reference and 2 for a running grid.
  10 # Attribute 'min_bin_probing_points' of the grid.
  1 # Attribute 'grid_mode' of the grid. 1=='default',2=='initialization'
  0.0000000000000000 # Attribute 'small_contrib_threshold' of the grid.
  0.5000000000000000 # Attribute 'damping_power' of the grid.
 # binID   n_entries weight   weight_sqr   abs_weight
    10   10   1.534390752545628E+002   4.313416301862275E+004   1.534390752545628E+002
  </DiscreteSampler_grid>
