  0.00250016887810566  0.01601599853662953  0.02973847245181777  0.04196068025992752
  0.05377028904243940  0.06513667827776559  0.07618906823858050  0.08722164885611593
  0.09838830675999778  0.10960660747734584  0.12071578885466405  0.13160852801215298
  0.14236105852050537  0.15319242720817211  0.16412738222091719  0.17488925179099346
  0.18561320264952458  0.19645101466851250  0.20753508421785261  0.21854984355643939
  0.22938536434044740  0.24001116052679358  0.25050842566209075  0.26095063085108805
  0.27145597110237246  0.28206683662880289  0.29272392821597659  0.30339219598271616
  0.31407658227940044  0.32477273814743046  0.33548681082908982  0.34617552676643354
  0.35683686127418607  0.36750911652247137  0.37819319402650753  0.38892409498242736
  0.39968461768882513  0.41050662552971429  0.42130862439803840  0.43197109503488834
  0.44263393873363788  0.45324062452827318  0.46379371308321687  0.47421943523284149
  0.48453576079368371  0.49484514611625630  0.50528307348243684  0.51582291947140502
  0.52629964597002721  0.53675246745854943  0.54734357053089844  0.55809381473841357
  0.56877439902480720  0.57924682111330694  0.58973657674399615  0.60025400211274571
  0.61064267412274897  0.62087097153174320  0.63115645092081318  0.64145528287371079
  0.65171008807638942  0.66189390442085372  0.67223319507469048  0.68271867269338293
  0.69319563012868934  0.70366278569185625  0.71414514423579223  0.72457461031984938
  0.73500319485838295  0.74544417506401117  0.75587511542773278  0.76625201667703902
  0.77659242384159699  0.78688817361985097  0.79711854129666837  0.80726648938538026
  0.81743324255864136  0.82758028246201587  0.83769322060363371  0.84784157021000706
  0.85800065480538390  0.86816631199840477  0.87829004070702865  0.88835132441461284
  0.89840022576055800  0.90842717482603419  0.91843642791860414  0.92844332725613221
  0.93834010949025315  0.94815827250858697  0.95782072016768527  0.96710937489943372
  0.97587960093736648  0.98396120187601444  0.99205493869422090  1.00000000000000000
  0.00247020767322985  0.01598974540854868  0.02974351197904131  0.04199885464912032
  0.05401421857797932  0.06560499692530518  0.07672145218945907  0.08744672508555289
  0.09785160929695566  0.10830226352004386  0.11889468138405684  0.12949178322025828
  0.14005780911398846  0.15068938506851948  0.16166039533753782  0.17277168400251472
  0.18388725277890511  0.19477028637461588  0.20534504161000872  0.21579795522497464
  0.22609648880222269  0.23643576667567331  0.24673713747364492  0.25716635034549351
  0.26777177298056387  0.27846391044184737  0.28920307093304737  0.29983935184834304
  0.31040514383439355  0.32096251139620785  0.33155098877793948  0.34218264287942352
  0.35282583393807698  0.36352530850495879  0.37429619290157101  0.38500505189821105
  0.39567351401225348  0.40629286680261056  0.41688821817403215  0.42735349036228243
  0.43770641860974824  0.44807969373497791  0.45852462389476284  0.46902144948128816
  0.47957301907959360  0.49010111557973079  0.50068050361611072  0.51132231684491425
  0.52195320075255425  0.53247993721183318  0.54294231675878590  0.55346328815334511
  0.56403971524194862  0.57462417182632042  0.58517898875809371  0.59567252713803187
  0.60614284309424671  0.61654159012336363  0.62689330647823127  0.63724960192253055
  0.64768543696911551  0.65817336026902817  0.66862756877102159  0.67907402055340471
  0.68955914004296781  0.70007463331337016  0.71061329555025354  0.72115735102697376
  0.73167674876990385  0.74208935869800063  0.75248276743853082  0.76275969858800585
  0.77304746730474894  0.78339030922457942  0.79376182800788475  0.80402205237342650
  0.81397824917044903  0.82394366719557055  0.83391997816301999  0.84383088400629003
  0.85374884335610246  0.86373837254274155  0.87367640348684206  0.88355354506574990
  0.89352078463885165  0.90348387317133194  0.91345071164795510  0.92327979768206569
  0.93294917932413379  0.94251411750689884  0.95190320914368476  0.96106781195338042
  0.96998685714568056  0.97828273350189932  0.98664280842980334  1.00000000000000000
  0.00436187155053403  0.00676934593681296  0.00885053569285681  0.01052842103927253
  0.01159912948422810  0.01261992402926294  0.01376533745832066  0.01499521185946274
  0.01625923261528324  0.01752746606858370  0.01879022228554853  0.02007259020088214
  0.02139978089496809  0.02266068492690297  0.02391369942260621  0.02514360362028108
  0.02626512124284442  0.02725621716891818  0.02837354872994865  0.02962161913247774
  0.03090809149601326  0.03220407715621585  0.03351416498448183  0.03484964370756817
  0.03621107438761018  0.03761246972120922  0.03904891963375905  0.04051373322600510
  0.04202247161475689  0.04358385382436773  0.04520377954367698  0.04687666438510883
  0.04860170448581844  0.05038019265792647  0.05220805578087730  0.05409472536617687
  0.05605343117045679  0.05808598279707997  0.06019176218102828  0.06238077694942198
  0.06465572768801293  0.06700266351447079  0.06941799435817153  0.07192538965644592
  0.07452132468778010  0.07720919850826491  0.08001163610344662  0.08293867788022344
  0.08598250256973640  0.08907599271137449  0.09230433191617136  0.09567514748663893
  0.09922798015387521  0.10291464675181397  0.10675593387517576  0.11079913906357015
  0.11501125825970129  0.11939242647718751  0.12390843653730935  0.12864614538529057
  0.13358225777830735  0.13877828716602875  0.14416486833389025  0.14982750740085241
  0.15578158111892995  0.16206032739419499  0.16864885099379465  0.17552569450830063
  0.18277329585124644  0.19040772026647446  0.19855011258455399  0.20716558825647230
  0.21622748758824414  0.22579388556160906  0.23595648147356585  0.24671391319101160
  0.25814408701377445  0.27042978695397435  0.28364490105405898  0.29774243624373142
  0.31287377280881085  0.32911151319214510  0.34658198316545541  0.36547045081262913
  0.38609668568980587  0.40869535033726856  0.43393182776669875  0.46210142686019501
  0.49358929113378003  0.52951940979432455  0.57194959330158890  0.62438902337233892
  0.69834206473387228  0.80093645222444876  0.85577736294400297  1.00000000000000000
 -0.00104661375135224  0.00401640404747623  0.00918053456393459  0.01438058491889112
  0.01963992127718194  0.02494850818307141  0.03026601566329754  0.03559273273570814
  0.04093743653906814  0.04637864302383760  0.05189918249759404  0.05748066467213810
  0.06311219590285251  0.06877610872921440  0.07445329164891433  0.08015076939975167
  0.08585714329102269  0.09157758560759642  0.09735426846825555  0.10322637824433355
  0.10916343387381763  0.11514157253918589  0.12113730694742211  0.12713758774719380
  0.13316304708395113  0.13922886705251167  0.14539085796090265  0.15174082932961491
  0.15823468711447095  0.16477900453305416  0.17129770202247424  0.17776774830181935
  0.18429641811560196  0.19088180214170594  0.19755650252884888  0.20423318409294741
  0.21086611348198059  0.21748727274380322  0.22414051411446834  0.23095498330887942
  0.23792649903473440  0.24495495873643863  0.25204520091066235  0.25927903433629690
  0.26662653789083252  0.27409220284664465  0.28166782364410087  0.28927595746365958
  0.29696958721799205  0.30478771611157190  0.31268822459214352  0.32060919091876494
  0.32861170893863767  0.33674964062979973  0.34508663039032089  0.35355223648095335
  0.36204111417857859  0.37055276966395112  0.37920237034705612  0.38809257897370558
  0.39708154321843608  0.40602129565373474  0.41502869178456320  0.42437081149518668
  0.43393170668084591  0.44365492528478295  0.45361270498043638  0.46389903322006398
  0.47435790921687793  0.48497036120892956  0.49575129991645067  0.50681588986098658
  0.51800633985800271  0.52944528722862028  0.54122049469986577  0.55329406904859990
  0.56555112440834499  0.57811129189498256  0.59097576429344112  0.60430542655900188
  0.61836274686808401  0.63302594676274559  0.64829462330748477  0.66404803553707870
  0.68038143001280926  0.69745585241830288  0.71530376369688597  0.73380889365887281
  0.75343977817074270  0.77461829513856850  0.79785705703916110  0.82387409190221439
  0.85339528590246605  0.88779352699305258  0.93335639949167004  1.00000000000000000
 -0.00235285633194069  0.00917270998427233  0.01951743108896971  0.03017146431088945
  0.04078323421274516  0.05128216218175101  0.06178802199913885  0.07231303457469300
  0.08270058714730155  0.09315197750392538  0.10352014582553593  0.11406481224117196
  0.12457501669253919  0.13527853407045584  0.14602574731860765  0.15683860709841818
  0.16765459014816747  0.17842095253980259  0.18908244165657506  0.19972298024463805
  0.21025848166416933  0.22078809497186749  0.23123791231752130  0.24165475560394820
  0.25212497279147872  0.26250013728744193  0.27289562902509074  0.28312517506315138
  0.29346070254030898  0.30381630701583912  0.31416549774557850  0.32452781005729270
  0.33500135089389360  0.34566396935401894  0.35634708915573521  0.36683136627735669
  0.37735603893119052  0.38814514791117527  0.39883497035010068  0.40925249410419340
  0.41979689135356563  0.43044516010510919  0.44097478484025715  0.45106367823985621
  0.46130909712601381  0.47192660340901404  0.48261503338845085  0.49344837713265477
  0.50426404542426384  0.51516702597494557  0.52611575625719220  0.53685915766889525
  0.54753662557345051  0.55815175944554396  0.56897623368315042  0.57970599434645032
  0.59013913859464939  0.60038169263247110  0.61071581214400805  0.62110559771512530
  0.63146265301999704  0.64157455698850197  0.65209878150197431  0.66274735014507513
  0.67335899740184701  0.68368210178588051  0.69398610242964576  0.70439228995302494
  0.71471304945478997  0.72514243867610284  0.73571246260692280  0.74631311994753935
  0.75696480789673060  0.76755960544024771  0.77822274344211517  0.78893087297486997
  0.79954762035902027  0.81005760997240339  0.82072536964256282  0.83125822672399885
  0.84195587321583054  0.85253142999361420  0.86299376235333203  0.87365157273397254
  0.88434115311711636  0.89515651807082575  0.90566708909380311  0.91641668789218389
  0.92683701078989866  0.93746775072874156  0.94745414433908104  0.95783287737251943
  0.96831693133310615  0.97884142941687136  0.98934248281691006  1.00000000000000000
 -0.01433814197921836  0.06402077148991028  0.10994961184663948  0.14552574540960866
  0.17518233705932085  0.20098571921211919  0.22441298921300301  0.24609393328779275
  0.26611984667562427  0.28473789046643355  0.30247268129697985  0.31935024724748401
  0.33540000649978563  0.35080380158258528  0.36554594151241793  0.37990830781616358
  0.39393384909443296  0.40748672065570052  0.42072738507567781  0.43358728587607576
  0.44592984671181091  0.45793164624640742  0.46968073222850232  0.48099297314292050
  0.49190834580765952  0.50267030195786044  0.51328624854166316  0.52372267189612232
  0.53399885452464280  0.54416942131898394  0.55428241425953007  0.56425582934212903
  0.57394880152400551  0.58339801061788621  0.59277436278782203  0.60198265662575501
  0.61085192170790592  0.61940011619604096  0.62785723743598276  0.63622416760768552
  0.64461214787803134  0.65294588187228930  0.66109678578445197  0.66921154028891638
  0.67739883614126539  0.68538773856302571  0.69314528018947275  0.70080873935811705
  0.70834051658416042  0.71581900845619117  0.72327680709886888  0.73067559314413988
  0.73799791159983408  0.74523888896907775  0.75239690308332663  0.75949489507853118
  0.76654577509701849  0.77357727924178754  0.78052819851534028  0.78745488997436663
  0.79423924628195441  0.80090325407689922  0.80744573688885768  0.81393944016479558
  0.82036681241963394  0.82674800517966451  0.83307976236158454  0.83938074262449280
  0.84562516555511424  0.85183297373975164  0.85807409661182754  0.86434973656222469
  0.87056071112034317  0.87668378853041273  0.88274145852526442  0.88875537185369369
  0.89475709850097873  0.90074763715337891  0.90669138551807882  0.91253996440854512
  0.91828368592651977  0.92393413088961696  0.92953439544628702  0.93512267293439544
  0.94071114979184445  0.94628174604906701  0.95180436691794679  0.95727989608785991
  0.96269022364137613  0.96803701724039426  0.97338498001855112  0.97873227481663505
  0.98408110736922216  0.98942453124867658  0.99474570716976096  1.00000000000000000
 -0.00240141245459055  0.00929855960757379  0.01978812572300230  0.03034315017913731
  0.04076746245137741  0.05129052989544509  0.06187793102522007  0.07263433873181213
  0.08328406595204078  0.09388593438699841  0.10437649834804494  0.11475967640205155
  0.12516397634440146  0.13546741263854689  0.14587264159383825  0.15638054919545302
  0.16689848410585520  0.17717859181002182  0.18746913664635492  0.19795180485147942
  0.20849910994354565  0.21882825399858796  0.22920709867886879  0.23960401396763190
  0.24998247837046242  0.26050734575934209  0.27119047385692169  0.28188210011799714
  0.29259878918451393  0.30340979361169812  0.31422012324736431  0.32490574795860561
  0.33562190349848875  0.34633417724370358  0.35704730398856310  0.36792863358489936
  0.37883156400549273  0.38974296747402770  0.40046364883871322  0.41119048749097309
  0.42192174613999334  0.43270177203791493  0.44355554515846302  0.45436649852181304
  0.46501992456870428  0.47554130583633619  0.48604573006237672  0.49656889915423935
  0.50711358300092024  0.51771095618163820  0.52836365784173700  0.53890116179336700
  0.54930990077238095  0.55966304465031524  0.57006624599687061  0.58032941514584335
  0.59076148907706094  0.60117415906083327  0.61175190590122164  0.62215981558684663
  0.63257268257318100  0.64295321403070926  0.65358404215400190  0.66409734024679223
  0.67448639013862921  0.68485527169393590  0.69541014726466110  0.70613453769994838
  0.71676782530002103  0.72741799164571352  0.73817026859826940  0.74878454458218568
  0.75940968689811716  0.77001742847718524  0.78073399904444307  0.79143046626360392
  0.80208663539352476  0.81259721419123176  0.82322463309733962  0.83388278023554352
  0.84448120474619637  0.85491935535188202  0.86521932590326733  0.87537684434698937
  0.88540256795006389  0.89552775626115022  0.90589808467415134  0.91633985620387037
  0.92688311484276742  0.93752314067197662  0.94804877634776352  0.95851804334604851
  0.96878330461724738  0.97918916107102483  0.98953222772089489  1.00000000000000000
 -0.00222837558444542  0.00885962078010918  0.01886861886554351  0.02936252234100481
  0.03994994134347182  0.05056768828586950  0.06124570262002815  0.07166565527716456
  0.08209457689907319  0.09224284388612439  0.10244339088382622  0.11262582995339912
  0.12270515619970022  0.13296466627324707  0.14334536071743864  0.15385702026790760
  0.16440453470560967  0.17489024386096497  0.18545222287343857  0.19606080165138118
  0.20681631703106318  0.21768127110252683  0.22836278403259361  0.23902968941815714
  0.24952936652880861  0.26022062081708924  0.27086209600604166  0.28173015558444964
  0.29247202095866442  0.30312184464723679  0.31393250638276876  0.32459716564126584
  0.33547842718349324  0.34598229774003680  0.35671740451728262  0.36736465189520290
  0.37802086703933924  0.38862337310556938  0.39914787241404009  0.40970496723320210
  0.42019264772495746  0.43047160128142975  0.44089329601776472  0.45117133902516493
  0.46147698556395156  0.47178868890080028  0.48211895783845504  0.49268830465365587
  0.50319031702766848  0.51376829886477005  0.52443710461934834  0.53517615851025557
  0.54591582232923819  0.55661012759944117  0.56728587843633738  0.57795284987980589
  0.58864462433481679  0.59941066739375193  0.61013610366695059  0.62085857167803704
  0.63129831575118966  0.64163132703078773  0.65213087938137471  0.66268936032652548
  0.67332520552446262  0.68388120682801123  0.69442645116208568  0.70504565972032107
  0.71561202486950914  0.72612733616435476  0.73647601377225935  0.74692822912226731
  0.75723147921830591  0.76759431884895379  0.77791531461806163  0.78830801809227413
  0.79877164664475897  0.80917810575645988  0.81967255271511452  0.83042440490868241
  0.84105522333085803  0.85195776040991145  0.86279011514868598  0.87384723971797484
  0.88412176406270027  0.89463170161686534  0.90486251858124800  0.91546755993927376
  0.92581863487969263  0.93645810453847111  0.94689720601986849  0.95761195609466843
  0.96813489628726901  0.97891971303625713  0.98937037827911056  1.00000000000000000
   6.6693511361840181E-008  -1.0000000000000000     
 F F F F F F F F F F F F F F F F F F F F F F F F F F F F F F F F F F F F F F F F F F F F F F F F F F F F F F F F F F F F F F F F F F F F F F F F F F F F F F F F F F F F F F F F F F F F F F F F F F F F F F F F F F F F F F F F F F F F F F F F F F F F F F F F
  <DiscreteSampler_grid>
  grouped_processes
  1 # 1 for a reference and 2 for a running grid.
  10 # Attribute 'min_bin_probing_points' of the grid.
  1 # Attribute 'grid_mode' of the grid. 1=='default',2=='initialization'
  0.0000000000000000 # Attribute 'small_contrib_threshold' of the grid.
  0.5000000000000000 # Attribute 'damping_power' of the grid.
 # binID   n_entries weight   weight_sqr   abs_weight
    10   10   3.805852839673003E+004   1.196903052972153E+010   3.805852839673003E+004
  </DiscreteSampler_grid>
