  0.00251347251580640  0.01612672453871421  0.02890499727919746  0.04056786464003757
  0.05221495599847807  0.06378395287694867  0.07507538074341724  0.08623842141416613
  0.09711462553738165  0.10797210165196712  0.11886973712203708  0.12963353916521203
  0.14025186545823226  0.15086080884690148  0.16147115347764227  0.17211394192470444
  0.18283329403023593  0.19361961690490989  0.20436863793736446  0.21509315497477460
  0.22587600978271197  0.23663257510225585  0.24725488618193942  0.25773593493428465
  0.26823957136992188  0.27883817994371146  0.28951075102706503  0.30011682266250811
  0.31067756760232446  0.32126137493801205  0.33187701119804303  0.34251836297841465
  0.35317196195121558  0.36376673539183313  0.37427689049459523  0.38469589080674443
  0.39509301447219447  0.40547586617760711  0.41587878013313151  0.42630703739917097
  0.43686515308844093  0.44749583967525480  0.45813083604904092  0.46867984118809364
  0.47917459195614193  0.48970253385932966  0.50028178367791831  0.51085007690003725
  0.52144585932928444  0.53206758736478266  0.54257332600664832  0.55289170134043975
  0.56310042289276607  0.57333884565516979  0.58357226875102197  0.59385089466380470
  0.60424355424291998  0.61473061747441737  0.62526251028274260  0.63579703277474120
  0.64633382817466434  0.65683300056578597  0.66725550177840331  0.67764462171910422
  0.68804066599806224  0.69843155821128511  0.70881045629233430  0.71921239970607687
  0.72961602244749146  0.73995983764287343  0.75022276453374503  0.76047349065240910
  0.77080786568409931  0.78116769593529867  0.79145639616270025  0.80162403942471805
  0.81173372666156851  0.82189698048935700  0.83211457725486515  0.84233062027212369
  0.85250350012663190  0.86259944368718866  0.87268559239025467  0.88268649658378895
  0.89262052662810143  0.90251256635272348  0.91238526973209999  0.92219839106906809
  0.93184990071274676  0.94135975533704885  0.95079926567009776  0.96016923817182298
  0.96924944600391083  0.97786901054725239  0.98590056606950127  1.00000000000000000
  0.00213619745853802  0.01695954575266242  0.03105047102923707  0.04334008436135215
  0.05497650140442617  0.06649130247007887  0.07784002316465144  0.08900966073807276
  0.09998772464577917  0.11097404215111065  0.12204634881570285  0.13313593551893191
  0.14412301041489123  0.15514239154228049  0.16616295568400838  0.17720465687123252
  0.18826824636324160  0.19909649652906466  0.20987434371101737  0.22052146920346430
  0.23127510850794081  0.24201706216845589  0.25248806751619746  0.26313207912101805
  0.27370292450769146  0.28445379401067944  0.29521199847863644  0.30584137888056817
  0.31640975047799397  0.32681218203020101  0.33731199663120531  0.34781012430539859
  0.35851104172887932  0.36914906909126538  0.37991039130390564  0.39052777865353738
  0.40126403030453700  0.41199675739769631  0.42270479692079999  0.43333925162701514
  0.44399630638276394  0.45463740685945842  0.46536094470240214  0.47578425940477143
  0.48625736357457178  0.49667930579543135  0.50716063637790487  0.51785193780447325
  0.52845118091337207  0.53899476375452982  0.54944483243720610  0.55999143084440284
  0.57029758651207951  0.58047948384626313  0.59074125127571386  0.60100579359369455
  0.61128277037143086  0.62161296000520183  0.63209051079963763  0.64258852375850462
  0.65310740806866363  0.66377682476241562  0.67440694946128277  0.68499153878721941
  0.69552836317630884  0.70604023381276770  0.71649210344149183  0.72689155840431752
  0.73739780175029623  0.74779474656005296  0.75812025321454735  0.76844568351854892
  0.77891578729173661  0.78934800418693352  0.79948820887733663  0.80947560510893579
  0.81951579674635200  0.82954554119850865  0.83959780795309658  0.84971064801534080
  0.85983150977556144  0.86998783760620380  0.88015222308573227  0.89036503683202628
  0.90057151651450595  0.91066980029756694  0.92065401260345647  0.93053261188099679
  0.94014874657696379  0.94967485118568518  0.95904491150553262  0.96823784931356527
  0.97696263001217398  0.98511693477258122  0.99351593371758318  1.00000000000000000
  0.00754051363500543  0.00903156076114298  0.01004493715614043  0.01104169623446152
  0.01207123448339230  0.01315551386870317  0.01430445742225892  0.01548515890746404
  0.01665268003648052  0.01782004199136390  0.01901428181383085  0.02024702789886971
  0.02151218827904354  0.02279433738881148  0.02406578736157157  0.02524703943856200
  0.02632122910650696  0.02732460118365372  0.02849094592038195  0.02975156101083213
  0.03102317748916565  0.03231270817876382  0.03363550541405239  0.03499307807732796
  0.03638437074191186  0.03780396596394497  0.03923943028557798  0.04071494344535521
  0.04222134860705199  0.04379312410459823  0.04542136909670345  0.04711173002129784
  0.04884633166770901  0.05060961546336670  0.05243729232230408  0.05429706332280317
  0.05622262750809166  0.05819740761053984  0.06027317013374877  0.06245800677537158
  0.06474599614911852  0.06708592579104185  0.06952024291325702  0.07203621423130180
  0.07467120048177706  0.07736522640852438  0.08016028624696592  0.08310791030467750
  0.08620079574966893  0.08934479609452127  0.09258118134127395  0.09589610855152476
  0.09940257149909573  0.10303481799211842  0.10683301250428240  0.11079114955232947
  0.11490982565558280  0.11923671305352007  0.12376548713380521  0.12851556480338958
  0.13350664166093354  0.13875446876037095  0.14426321769058198  0.14999802317375072
  0.15598296430916161  0.16224427777331679  0.16881527789920267  0.17575204829516397
  0.18311183174551804  0.19090042268188334  0.19907203726340267  0.20766740738766029
  0.21681257686350794  0.22655602071975048  0.23687753307879833  0.24780685720967474
  0.25941640995870868  0.27175688786633556  0.28482830790144481  0.29884397467996276
  0.31391253947299108  0.33024978914355185  0.34791028937728785  0.36702089307479652
  0.38787419444190457  0.41067986333553996  0.43596687642102949  0.46397214306144230
  0.49581160147392883  0.53214435307444252  0.57470940497976342  0.62846966291774875
  0.70532051770349158  0.80600025309365364  0.87913077143696716  1.00000000000000000
 -0.00108998108302796  0.00410863943339241  0.00943781188067803  0.01481340958350727
  0.02022066262897074  0.02566365580239188  0.03113951701577703  0.03666514364214091
  0.04218264612503492  0.04765437646610738  0.05312755745910963  0.05860742125908101
  0.06414624433550881  0.06975111081675341  0.07538724584435112  0.08104772640689990
  0.08671354012526307  0.09238479774021083  0.09809644956687315  0.10389579457917428
  0.10981011253407391  0.11580369665667932  0.12183105977609353  0.12787826819134523
  0.13395675838943477  0.14008854950927419  0.14630783913315765  0.15264767063113224
  0.15906137006208959  0.16551531108433284  0.17205520216474016  0.17862156983789401
  0.18520960334917932  0.19188625045586721  0.19862399865000130  0.20542416092135354
  0.21223793615351641  0.21910011188713291  0.22606149684163188  0.23305310626660480
  0.24010469571570761  0.24718657420735299  0.25427858446753138  0.26141444064638775
  0.26858866945701765  0.27602033974247980  0.28360542645137837  0.29127002449960820
  0.29892265100483728  0.30661254033253649  0.31440693143703519  0.32229417907549951
  0.33029192682808367  0.33840950222646365  0.34661061757791728  0.35490652319432381
  0.36333000353585676  0.37184186726773077  0.38053126317533559  0.38935825784378925
  0.39823704357663886  0.40714174038486350  0.41622275175691187  0.42555860740279133
  0.43506863686760477  0.44467681703310874  0.45448346387828975  0.46453378375664428
  0.47473086568482148  0.48510619957768308  0.49572803208163879  0.50668709054073913
  0.51786446361023852  0.52922334160130280  0.54082411820264464  0.55271297902634686
  0.56492180588851360  0.57751411089352522  0.59058825207414034  0.60420242488875309
  0.61823767283371811  0.63257032557931014  0.64728876669940882  0.66282262385708168
  0.67900255933262377  0.69600748141372193  0.71384386617283535  0.73245776517711714
  0.75203085510945555  0.77322552794692689  0.79649106050044127  0.82253582433190064
  0.85224192190465742  0.88691063477251386  0.93278910454960873  1.00000000000000000
 -0.00237267972107195  0.00933106881116184  0.01972532683011801  0.03030763057515411
  0.04074919004336423  0.05102007596754844  0.06174259973694851  0.07194566344664996
  0.08241394702274041  0.09260552059745994  0.10283279823116873  0.11286315375697853
  0.12306511818776272  0.13331117177733656  0.14406733932731958  0.15447015994482938
  0.16497931102708976  0.17545785352705531  0.18606969692069400  0.19671968526321615
  0.20719856065819822  0.21791165210587213  0.22863652648699817  0.23935679083802286
  0.25006944043605756  0.26081462468608035  0.27157102523026910  0.28220804906934810
  0.29279441298286879  0.30342537586502100  0.31414904247795539  0.32490777940936588
  0.33556671177123287  0.34597956017760928  0.35660258092298419  0.36715202787782536
  0.37795627633054407  0.38839786554937933  0.39889737572728151  0.40920547024122855
  0.41980396142327314  0.43047513179520569  0.44113073772634853  0.45174590639887663
  0.46226613863207744  0.47275670897500222  0.48321561214185715  0.49359257091800002
  0.50405099032541134  0.51447983311180090  0.52510114613717163  0.53564445567305707
  0.54618993188167009  0.55654685561046480  0.56707084830400722  0.57759041755081131
  0.58830895882508749  0.59892295780101423  0.60966781336801268  0.62038148312361918
  0.63103652189384674  0.64174791708747214  0.65229282121504573  0.66275017343392073
  0.67312345516411454  0.68372625798783737  0.69440668707590825  0.70504591445046949
  0.71552436879609160  0.72609069008494542  0.73671317575234840  0.74726785853350797
  0.75774986001990297  0.76825372203257769  0.77900179708657935  0.78975282697636695
  0.80049490312247074  0.81101778161982951  0.82136180307055262  0.83163199595533721
  0.84172495284349458  0.85181772252894083  0.86201053393228033  0.87213030554554039
  0.88239645796829147  0.89293589165007614  0.90359490708230039  0.91475253802469236
  0.92557340134131749  0.93636377182851649  0.94713415731969564  0.95808909130162001
  0.96829343697113834  0.97897440906304989  0.98935438132654641  1.00000000000000000
 -0.01431660998120435  0.06439349406425401  0.11046725063159614  0.14566056514119871
  0.17500373985357301  0.20089133921332070  0.22457696780794273  0.24642681932003999
  0.26659362977201667  0.28542219001227148  0.30307765226507494  0.31974686125047602
  0.33571237035227935  0.35105319981716682  0.36589147973638725  0.38020685000877419
  0.39415461182972894  0.40750845305564320  0.42061891348092945  0.43332145847558379
  0.44575519991134699  0.45758479260191248  0.46920970163452086  0.48057119391181974
  0.49184321874723258  0.50287656831193805  0.51363874556218692  0.52417092539223364
  0.53453048263544889  0.54465514518140601  0.55465583832789644  0.56445482879238951
  0.57420724148096058  0.58377013766477004  0.59315516461377082  0.60246407394901502
  0.61155349194779340  0.62049510338349900  0.62916957726975042  0.63768814386462314
  0.64620125973745457  0.65456389701801532  0.66269042752442009  0.67059518247347238
  0.67823491784452927  0.68591878580330712  0.69362412220879943  0.70135442192946595
  0.70896619822646945  0.71648440601323216  0.72384375684508717  0.73110894394438719
  0.73836968183474827  0.74556207462471191  0.75267930032127106  0.75973343525238668
  0.76671242247034865  0.77363653599322690  0.78056261973777963  0.78743085639463828
  0.79421708140076241  0.80088365987763821  0.80751835111438097  0.81415179787050906
  0.82069172483622166  0.82707710526391320  0.83340235823226372  0.83974530869502884
  0.84609605485316353  0.85241560087772206  0.85867465226267403  0.86488911305880167
  0.87108098359238917  0.87722488905172769  0.88325353295917064  0.88917986198043342
  0.89504973298145130  0.90085589633346808  0.90667151992879980  0.91253030103951172
  0.91837404018457758  0.92413863804713514  0.92980577511776075  0.93537519910146838
  0.94088239812633778  0.94636268194289253  0.95178713495421474  0.95717628779800812
  0.96257061011997946  0.96800649819293672  0.97346301621339149  0.97888081492857659
  0.98424504511195288  0.98955403712879031  0.99478693228579618  1.00000000000000000
 -0.00230632640024019  0.00908623869524550  0.01929669223081083  0.03002901706888500
  0.04070244503202486  0.05143488146435405  0.06206131354967197  0.07269587016965454
  0.08332190577850092  0.09368529062276550  0.10394801468701620  0.11416939896015492
  0.12473454287027005  0.13573353470545657  0.14664980206066822  0.15736696020057678
  0.16795558842809458  0.17860130934142421  0.18924395748904610  0.19990457343819651
  0.21062445751475445  0.22135773139921069  0.23195627065362878  0.24242274123248062
  0.25286739759216709  0.26327401606431150  0.27367951807916674  0.28402825191014369
  0.29437680279003403  0.30487386690348323  0.31532798330533646  0.32601133620195799
  0.33656889410545515  0.34698713218714694  0.35730697655060811  0.36751758085123382
  0.37789680671862430  0.38818934549961315  0.39873393448207467  0.40932547995314739
  0.41998809542538196  0.43069054695801962  0.44138054354969980  0.45220861732188822
  0.46265806756096456  0.47301268711495864  0.48323944339672059  0.49346205732736498
  0.50383992898408059  0.51431925216476715  0.52491322851973132  0.53533599551424815
  0.54570721146637235  0.55614565365268753  0.56674964737946121  0.57730785599201384
  0.58785817121592410  0.59862241013705719  0.60930666707090597  0.61992313136885402
  0.63059672305862169  0.64141324614790718  0.65205318376581933  0.66284548700943124
  0.67360727073117177  0.68436958859510910  0.69501756510148627  0.70569753219505704
  0.71657134416604740  0.72743381476624525  0.73817746294874231  0.74862259282329313
  0.75917621629214338  0.76986776560043746  0.78045098562507220  0.79095415790926593
  0.80143871120395505  0.81200821272724266  0.82278129505233288  0.83346105331412601
  0.84413309900812783  0.85478793807060327  0.86539371767780848  0.87585015172948744
  0.88624859223691943  0.89671472840702260  0.90740789964681445  0.91793619057405129
  0.92830200599307255  0.93853313821067508  0.94868201441422950  0.95887723688547988
  0.96918019115564646  0.97957661883928837  0.98997221473055363  1.00000000000000000
 -0.00232570379702377  0.00916181639428036  0.01926746402399703  0.02992361287103732
  0.04061708403065669  0.05143056828676360  0.06197389149624403  0.07251798845467253
  0.08290247536383084  0.09357487730546300  0.10421448821784003  0.11483766418465227
  0.12534920301382924  0.13596068914125084  0.14656956448496541  0.15727206264627458
  0.16780835180068249  0.17839480782607395  0.18890463696686072  0.19954439438225402
  0.21009237558205357  0.22034454284104343  0.23066550577099695  0.24106525959352262
  0.25154293102179659  0.26201236309096193  0.27250195906858982  0.28326904058557106
  0.29393436459225114  0.30447885264213725  0.31505859370059330  0.32574969180737717
  0.33648534057846458  0.34702922970115735  0.35730768184679879  0.36757722453247238
  0.37790273778434558  0.38846806209379664  0.39890588816044459  0.40943748724851653
  0.41972714122059768  0.43009983507941740  0.44047831472273502  0.45076349894121048
  0.46107665140348458  0.47123851581342857  0.48135520874826687  0.49164255333299328
  0.50213247708364483  0.51287765773431715  0.52360904235568007  0.53427003906862580
  0.54494771045155799  0.55566630261307171  0.56634397761884459  0.57680396884826246
  0.58740346144219890  0.59804627500666019  0.60862727954357532  0.61916672927425476
  0.62959945666788186  0.64010112387073737  0.65057130171112321  0.66120259724322472
  0.67180250717254764  0.68257778514388756  0.69310090652023504  0.70378794705262415
  0.71435095296980389  0.72512767730853389  0.73585064030601122  0.74653762830902992
  0.75712078724620835  0.76807511430786157  0.77864261901804588  0.78950857529116825
  0.79970407744133787  0.81031476218453358  0.82073454809216118  0.83122533846502900
  0.84188204171404912  0.85218713909060495  0.86283461208581624  0.87316603596890952
  0.88372052897689268  0.89425057242534067  0.90492938848716264  0.91566545063316629
  0.92653324095672496  0.93725351056102080  0.94781387492666813  0.95835125936183863
  0.96898257462292969  0.97929650565214954  0.98959311715616227  1.00000000000000000
   6.6581443693025349E-008  -1.0000000000000000     
 F F F F F F F F F F F F F F F F F F F F F F F F F F F F F F F F F F F F F F F F F F F F F F F F F F F F F F F F F F F F F F F F F F F F F F F F F F F F F F F F F F F F F F F F F F F F F F F F F F F F F F F F F F F F F F F F F F F F F F F F F F F F F F F F
  <DiscreteSampler_grid>
  grouped_processes
  1 # 1 for a reference and 2 for a running grid.
  10 # Attribute 'min_bin_probing_points' of the grid.
  1 # Attribute 'grid_mode' of the grid. 1=='default',2=='initialization'
  0.0000000000000000 # Attribute 'small_contrib_threshold' of the grid.
  0.5000000000000000 # Attribute 'damping_power' of the grid.
 # binID   n_entries weight   weight_sqr   abs_weight
    10   10   1.651839607327307E+005   2.539285794621239E+011   1.651839607327307E+005
  </DiscreteSampler_grid>
