  0.00250498065104803  0.01585767076642137  0.02915011334390590  0.04094805762314207
  0.05232172271414620  0.06348975964872976  0.07464181799595018  0.08553579132341654
  0.09632655561220921  0.10714066319202478  0.11807451118947662  0.12893912505456440
  0.13971842623462979  0.15056506764948668  0.16145429846565929  0.17222898926701422
  0.18292666577953365  0.19359802848887972  0.20423555849516262  0.21479446265360405
  0.22531605318095935  0.23588461859481180  0.24653901282342688  0.25722226420379346
  0.26788328835274455  0.27859105198256096  0.28932021649427536  0.30008266369013248
  0.31069033080306557  0.32117166103871997  0.33160991497458764  0.34213734835126419
  0.35272242044494490  0.36332033993024337  0.37392404937448104  0.38452407162166807
  0.39513001290329919  0.40567927954418159  0.41619689084391354  0.42666189757747019
  0.43713011840029442  0.44755430336068713  0.45795702747520001  0.46840024966420962
  0.47890294949842016  0.48939341893106564  0.49980995470739431  0.51023336763611993
  0.52065629126846324  0.53108460239860356  0.54154720775634702  0.55207851914287120
  0.56261869954893917  0.57297967354013590  0.58318610029452400  0.59337239879616654
  0.60357487544209099  0.61372462388235893  0.62384335671963964  0.63408033292078325
  0.64450538010902125  0.65505277789152483  0.66562595315353479  0.67613698492011409
  0.68652213267149043  0.69681870699068493  0.70711047758004075  0.71750230643189417
  0.72798844318719913  0.73844452512444436  0.74883269262308738  0.75911918920843302
  0.76928469103558417  0.77933677738192719  0.78936518871597905  0.79948839599439747
  0.80964383273254126  0.81977600875209089  0.82996349565337335  0.84022503495314327
  0.85054057607981770  0.86076740828930642  0.87087951201208380  0.88093997438404403
  0.89094355377763168  0.90093095350941843  0.91091139063309179  0.92079206240437983
  0.93049338198917786  0.93999230260556810  0.94934526099640859  0.95856514510081980
  0.96764027072535463  0.97639780202817350  0.98459070481184374  1.00000000000000000
  0.00235484382904489  0.01632088953441889  0.02983477046156265  0.04163856639821228
  0.05297773041286014  0.06416467143857831  0.07529528824988864  0.08636402029541952
  0.09733911504565712  0.10829385582337728  0.11936040523337722  0.13046396911599711
  0.14155023480010651  0.15253677222300638  0.16344492829703813  0.17422999811180537
  0.18498476324782601  0.19567129456974067  0.20632818142307299  0.21703606552192137
  0.22770206308080024  0.23831298123165229  0.24884103552185957  0.25934382032687880
  0.26992642400120592  0.28048220883095282  0.29101018010031493  0.30150505716954440
  0.31203558497165623  0.32265632903422498  0.33325815910009515  0.34375840541930153
  0.35418550393232967  0.36468302787375195  0.37519664365579830  0.38558198361118995
  0.39579291256604865  0.40603919603339461  0.41625374100458679  0.42643628649214615
  0.43666232036689356  0.44701555340837101  0.45741349432594880  0.46781374333533360
  0.47828863156071172  0.48886548481496689  0.49949200579546077  0.51009016788482864
  0.52061415013031742  0.53109299732928716  0.54160505360764277  0.55225146914393097
  0.56293578762182528  0.57356782557766051  0.58414097762102657  0.59471111260488996
  0.60527164710738379  0.61575756902548751  0.62619923328078408  0.63658862152549223
  0.64689924866298665  0.65714659216785720  0.66739899854574292  0.67771965484574193
  0.68803987325793259  0.69831742786649631  0.70862833868744834  0.71902757075759072
  0.72947581737817568  0.73992350120209738  0.75039033240514386  0.76089919887412560
  0.77137397151646991  0.78172045096997211  0.79197625739835176  0.80221218746365530
  0.81240347388049206  0.82249418874026403  0.83246136662669634  0.84240879566647042
  0.85235560129531918  0.86236201759410946  0.87240920661647325  0.88248761305691614
  0.89256241341338216  0.90255719898485653  0.91243945320578601  0.92224357768031229
  0.93201577652136369  0.94170927860347964  0.95121919718156722  0.96042677220934591
  0.96942498811159272  0.97806427335525103  0.98611559538231164  1.00000000000000000
  0.00764037551222810  0.00937140841771391  0.01045497164141567  0.01146820335191496
  0.01254310539275462  0.01367894845472148  0.01484764876430645  0.01602748372861724
  0.01721224093845253  0.01843306315343102  0.01967592210676232  0.02094087387814920
  0.02228424297308903  0.02370547088530668  0.02496507756827766  0.02597313470129698
  0.02695862207125719  0.02804505455091837  0.02925209950330551  0.03050825769097191
  0.03177922777524883  0.03306771330530028  0.03438559818580396  0.03573179429846951
  0.03710595265680092  0.03850990480504688  0.03994489728375269  0.04141638265435760
  0.04292690835632858  0.04448504103723610  0.04611473994082906  0.04781269366687223
  0.04955737537748491  0.05134731729680235  0.05319934460094813  0.05513285118656052
  0.05713020725487718  0.05917483581071989  0.06126974795867558  0.06344217662147114
  0.06571576147179885  0.06807361081589464  0.07049124927980736  0.07298706815667541
  0.07556587733841158  0.07822720838877233  0.08099639632997896  0.08388696934713874
  0.08688602513636917  0.08999259437903466  0.09323942178578017  0.09664472598912169
  0.10017288506717542  0.10382468533880089  0.10762604451167437  0.11158106420768149
  0.11567980269658427  0.11994576893989352  0.12439699967042869  0.12901948408257072
  0.13385602312366390  0.13895172380677789  0.14434218195866902  0.15000241735518757
  0.15592158963016708  0.16211264404867201  0.16858659463640568  0.17541102833109914
  0.18258753279258486  0.19007734034949392  0.19796247347038554  0.20635752225127510
  0.21533393385702351  0.22474176213023256  0.23465589267029990  0.24530417318542008
  0.25675786518444427  0.26894164676340176  0.28188296519571682  0.29568445538164667
  0.31040154178476759  0.32615971593963761  0.34324626056715452  0.36171498336520991
  0.38197584142362984  0.40414981755037560  0.42848172669799761  0.45541610127143262
  0.48547868393735472  0.51953202334380422  0.55890116194917427  0.60669548024427500
  0.67032803543102060  0.77334034618554659  0.88109684697259461  1.00000000000000000
 -0.00105691144203835  0.00403369049961710  0.00927992151885773  0.01456004731263773
  0.01992488473893093  0.02534750172837461  0.03078218383187120  0.03621921732178637
  0.04167670296190085  0.04713724889066587  0.05261511852905249  0.05815064504012993
  0.06377980835914668  0.06946425064219042  0.07518121577942435  0.08093375278908883
  0.08670749713246641  0.09249620912490718  0.09829886540424584  0.10417639390541841
  0.11017468778730298  0.11625873515304178  0.12237263704993430  0.12848013130977196
  0.13457931900761236  0.14068549205901065  0.14683437244721448  0.15305425296296579
  0.15931564360700715  0.16561426282938985  0.17195078116683557  0.17835785466402196
  0.18487294210195496  0.19148718338586818  0.19816538581468468  0.20488397608185188
  0.21161752187022465  0.21840926759638010  0.22524445965486931  0.23215301772584385
  0.23921507879496814  0.24640746591982682  0.25377118245302510  0.26121892270391900
  0.26864576284251057  0.27608234582411101  0.28358863430553638  0.29117752788500822
  0.29885731851854541  0.30662683242023742  0.31447739477178138  0.32245978133569242
  0.33057915592443909  0.33877532256138509  0.34706762265677615  0.35543186866778093
  0.36393828357638791  0.37249848503216421  0.38115607880791119  0.38998884882205725
  0.39898759473086037  0.40811554974118158  0.41737014318194787  0.42678187606341467
  0.43641619449677882  0.44623934697336359  0.45630026571167043  0.46650070529041154
  0.47683957431642282  0.48736949652254419  0.49818175618396154  0.50930621637279538
  0.52065459564449001  0.53218009693776069  0.54400691310312999  0.55621892918274141
  0.56876778711664699  0.58156896739728692  0.59458890958703425  0.60797509964064955
  0.62173220492213188  0.63585085170292066  0.65029963674510682  0.66534250230309044
  0.68121815106732897  0.69759966881334889  0.71477845374246873  0.73318064334978927
  0.75296739366043486  0.77434754158145380  0.79766781455422087  0.82353919907040496
  0.85306359841949708  0.88794296813106066  0.93360049391955335  1.00000000000000000
 -0.00227792182221662  0.00902810265450211  0.01930504712940435  0.02978018340070075
  0.04030663725544926  0.05087666204479975  0.06142620847314362  0.07191118759403356
  0.08220832959703178  0.09267824321588561  0.10304138556487771  0.11342741048757929
  0.12399266783094631  0.13455385864979341  0.14510490429953715  0.15556635892224221
  0.16591768625362358  0.17644019532784602  0.18703816269562817  0.19770953890103501
  0.20830816526510981  0.21892008023623680  0.22947261741364430  0.23980238457994818
  0.24995591784681559  0.26077403125240850  0.27158699422908272  0.28246743030931226
  0.29322173335689122  0.30418366407416325  0.31490997190446735  0.32545799629556832
  0.33584028043277447  0.34631833433357201  0.35688585379503840  0.36752173178196634
  0.37809252708148916  0.38888137687016716  0.39944452576175465  0.40991459281129466
  0.42033608864647992  0.43078421653726162  0.44146359587568551  0.45194298143946909
  0.46256524685015160  0.47303953520418590  0.48358776475775667  0.49407203603916694
  0.50452938503066547  0.51489255277851009  0.52539607696619328  0.53604796345611239
  0.54671422721271357  0.55729213393259958  0.56785616616526013  0.57847684802666233
  0.58908957939270135  0.59969642445299776  0.61037804195622947  0.62097549338951108
  0.63144453865580619  0.64186902850206085  0.65227848575102110  0.66264655558591767
  0.67295065341445059  0.68327757534707390  0.69369094101617090  0.70405516256481337
  0.71454894553592596  0.72514086929664689  0.73562168686791096  0.74609062451224772
  0.75659962149926929  0.76711219384134333  0.77761748278854304  0.78801348047738340
  0.79865258364891278  0.80926872575452702  0.81975593663007107  0.83054662093317333
  0.84084502878645373  0.85131296365584341  0.86177535977812414  0.87228918450129111
  0.88272080839598732  0.89309767322276667  0.90368079336617335  0.91446025761351901
  0.92513726598957080  0.93582929235052525  0.94648379942555871  0.95691931538466413
  0.96762669475145557  0.97840643515751002  0.98927986117978295  1.00000000000000000
 -0.01425818948280614  0.06408159823175477  0.10978206930582024  0.14481711882242262
  0.17443560134722352  0.20077419144801620  0.22458168718423641  0.24644774507948994
  0.26681089588854712  0.28585132738115077  0.30363775985954616  0.32045772410060430
  0.33656240893678480  0.35216057430430020  0.36735120155461032  0.38194819045504425
  0.39584537226413857  0.40924876759533169  0.42223832149321505  0.43478309922248859
  0.44690516797478214  0.45884787592829984  0.47059551842145647  0.48207991171037079
  0.49321832510066527  0.50406678467094113  0.51465160536318588  0.52503604511254254
  0.53522494605916426  0.54525629178556434  0.55515002736235020  0.56485684840090600
  0.57446291404641048  0.58393121146656568  0.59321016690475603  0.60227265780813422
  0.61109874183038049  0.61978379045116527  0.62843258631070609  0.63696473166160861
  0.64549540916819481  0.65398845773928027  0.66234085900094497  0.67050247410544450
  0.67846151953081102  0.68633775192162483  0.69403209639900643  0.70166207987261009
  0.70921447887009370  0.71663532452907364  0.72399674439558781  0.73131150064990125
  0.73856016886419684  0.74570949350949089  0.75279496047813232  0.75986170273491338
  0.76690109154098263  0.77391660119102001  0.78090752759487525  0.78786404027514489
  0.79477037541854645  0.80155744428530784  0.80821996102644245  0.81477983397312737
  0.82124754503153252  0.82772525826674659  0.83410759092053610  0.84039901303674247
  0.84667258002314594  0.85290474419508711  0.85907454673814310  0.86518745220933024
  0.87127514471346235  0.87731488414047876  0.88327261050504835  0.88914968990295462
  0.89498247585969604  0.90083682951548150  0.90671172510812381  0.91256722886584374
  0.91836261087583304  0.92406168541698452  0.92969032968742216  0.93528546624386211
  0.94086184780569171  0.94640835499465392  0.95192654578453750  0.95738848218412909
  0.96279031086765321  0.96814836648287295  0.97346903662109585  0.97876567085784938
  0.98407664431685371  0.98941167099344351  0.99468334103617617  1.00000000000000000
 -0.00229413361026482  0.00892164543797229  0.01922657837086546  0.02985986972931393
  0.04053185248996746  0.05092013226949891  0.06144784892101853  0.07202254166294340
  0.08258660460846512  0.09324773448537275  0.10379052300990187  0.11424400572859722
  0.12463443596321579  0.13502560955818999  0.14547968350620605  0.15596618503882645
  0.16645897591427924  0.17686017398893888  0.18736990096258144  0.19799519055735743
  0.20843120160365142  0.21889260635087759  0.22925048627040637  0.24006856223538639
  0.25077603219511940  0.26132735106503319  0.27176067619270861  0.28220122484907528
  0.29283288854829337  0.30358123247034213  0.31426098439783612  0.32484840835811268
  0.33546309077747866  0.34601088652137096  0.35657736673097129  0.36716653308805625
  0.37781573935349799  0.38842588549076307  0.39902736853864673  0.40969819095849169
  0.42038921108276217  0.43106660839353467  0.44158635290571463  0.45193473999265754
  0.46237335727941864  0.47283203273327551  0.48343568597796677  0.49401551048708792
  0.50472320369035351  0.51530624834810557  0.52579761032767447  0.53633683095637419
  0.54698853429301797  0.55759973643705663  0.56821863706371389  0.57869812152836608
  0.58926157676638791  0.59991654520830451  0.61061644447433150  0.62129266783922965
  0.63183242385232663  0.64236935954899521  0.65286977894992693  0.66321530895059888
  0.67349086088512622  0.68385598708638129  0.69435670749413247  0.70505266477269424
  0.71573329443684686  0.72639898879882303  0.73698703028834101  0.74755715273799361
  0.75805099743181925  0.76842428708750232  0.77884737363392653  0.78945551422179649
  0.79987342163089736  0.81025678445289329  0.82078147806435064  0.83124861141031170
  0.84154123093563726  0.85182209643351792  0.86215339950553938  0.87282150079261422
  0.88339374069621679  0.89411465859995110  0.90469243132881749  0.91521553029451830
  0.92559638893709062  0.93611604815470761  0.94657878044986388  0.95740198446070623
  0.96795343587722527  0.97859158269129942  0.98925670136688715  1.00000000000000000
 -0.00222968029209878  0.00886852558257451  0.01908303202982413  0.02955112965721339
  0.04030989457187376  0.05084090314906471  0.06145268824765518  0.07221753127897768
  0.08278155125873835  0.09345817065303144  0.10392828574683459  0.11455572052877336
  0.12521249184886912  0.13605767713212549  0.14675436776713899  0.15712723940761000
  0.16742902831972811  0.17790767507795235  0.18838772284864835  0.19891057576593005
  0.20927589924689588  0.21959607089223390  0.23005849506712153  0.24053135716913052
  0.25105083196158834  0.26134527547251879  0.27154621583185024  0.28206021195828496
  0.29254513377270602  0.30289645186720959  0.31334632406721524  0.32382313852831718
  0.33436312031820431  0.34486796716446499  0.35543014954060709  0.36591996826555045
  0.37636363679302010  0.38684362596810223  0.39735005161293729  0.40784010010316074
  0.41839941241442125  0.42902640728478714  0.43954083404186406  0.45020596612180774
  0.46078134085298122  0.47115469667534815  0.48142397106157092  0.49187261016635625
  0.50232050474374201  0.51296228146782530  0.52359607149447296  0.53427430980125734
  0.54468433067546929  0.55511156797973005  0.56562003552974738  0.57629317104553601
  0.58674859474898844  0.59710680170120412  0.60763380799972877  0.61833781136542831
  0.62907888591058825  0.63973470956125233  0.65053703749234559  0.66154740021016212
  0.67231049182593339  0.68285721097803698  0.69336505260753756  0.70411416904522317
  0.71469236895647204  0.72532075585814448  0.73583201294425193  0.74652549254523415
  0.75711737660546530  0.76762891716920001  0.77815687416086698  0.78872003777897870
  0.79924080682471421  0.80967360208409189  0.82006761212263601  0.83053885033614150
  0.84095762953174691  0.85138807843786068  0.86191762966186114  0.87255561410169646
  0.88323440998486868  0.89384527490935317  0.90454324730987634  0.91517318992761454
  0.92594017349966939  0.93663707865008061  0.94724280521732251  0.95786412801378917
  0.96849746131348124  0.97906630906846304  0.98954478617994757  1.00000000000000000
   6.6557871379695146E-008  -1.0000000000000000     
 F F F F F F F F F F F F F F F F F F F F F F F F F F F F F F F F F F F F F F F F F F F F F F F F F F F F F F F F F F F F F F F F F F F F F F F F F F F F F F F F F F F F F F F F F F F F F F F F F F F F F F F F F F F F F F F F F F F F F F F F F F F F F F F F
  <DiscreteSampler_grid>
  grouped_processes
  1 # 1 for a reference and 2 for a running grid.
  10 # Attribute 'min_bin_probing_points' of the grid.
  1 # Attribute 'grid_mode' of the grid. 1=='default',2=='initialization'
  0.0000000000000000 # Attribute 'small_contrib_threshold' of the grid.
  0.5000000000000000 # Attribute 'damping_power' of the grid.
 # binID   n_entries weight   weight_sqr   abs_weight
    10   10   5.552522420617880E+004   7.074945738480166E+009   5.552522420617880E+004
  </DiscreteSampler_grid>
