  0.00216742379577332  0.01708184429773692  0.03078575434655701  0.04284059934792393
  0.05447152817001529  0.06597206998404681  0.07737941039944626  0.08876254844561528
  0.10007900352121851  0.11128432457326526  0.12240288864368304  0.13356743478524885
  0.14463229253659513  0.15574137499177729  0.16676063870452601  0.17765987076633072
  0.18841229703450696  0.19922081283991988  0.20996364714658258  0.22040845094602599
  0.23071423296963881  0.24111645727238307  0.25167127977414311  0.26216932927132858
  0.27264975294522503  0.28329266334805370  0.29412532222430582  0.30493508942592229
  0.31572989347998770  0.32651774792332150  0.33735401917552477  0.34811602722067853
  0.35872226536655455  0.36928289816729792  0.37983185068634245  0.39039044703152070
  0.40094100110206682  0.41147372932287263  0.42196642513064669  0.43247800662613434
  0.44303482727474469  0.45371093302759002  0.46434865559629784  0.47489690208501645
  0.48540136198679107  0.49581810431716816  0.50617544145563864  0.51647550026731304
  0.52690691257022715  0.53743312781718589  0.54788555796248761  0.55827679644927386
  0.56862679980156527  0.57904648213943744  0.58943119504769748  0.59978091577079506
  0.61021573778037519  0.62074179529354034  0.63126666539335230  0.64170566344852009
  0.65214772014394751  0.66264355878809833  0.67316695091486656  0.68366985015937010
  0.69407381314811611  0.70414109217129051  0.71425724961038495  0.72417189461005604
  0.73417293718631949  0.74417453302394965  0.75418553809123612  0.76433430892100984
  0.77452276405050768  0.78481342046341418  0.79510506433534467  0.80527930141048354
  0.81534648433623869  0.82540540854569644  0.83544161413469387  0.84551634438420709
  0.85551300392567220  0.86554920237457089  0.87560716837891817  0.88569169354724475
  0.89575636091240340  0.90576298507812048  0.91560710128419376  0.92529514215043063
  0.93489064032400548  0.94445864698929094  0.95389170441123217  0.96309758618217067
  0.97192422612885099  0.98013828152442950  0.98835530618284062  1.00000000000000000
  0.00228520361595207  0.01661873580003223  0.03102294857085996  0.04337403920228978
  0.05536571911520231  0.06695240058827606  0.07851042945668621  0.08974676171012089
  0.10090601055303440  0.11207072685782285  0.12330844714373337  0.13434052722285550
  0.14524222941106427  0.15558921802460288  0.16610884845198043  0.17671552009325706
  0.18732404805256236  0.19793303385192126  0.20855762921392720  0.21935311417502981
  0.23018740100984542  0.24099517072865939  0.25169596871877503  0.26228827107427916
  0.27278356021175343  0.28334778860945575  0.29399432528788860  0.30467501567973865
  0.31538816374510942  0.32608550832929811  0.33681410641308690  0.34756327546750554
  0.35820119003402645  0.36874417369243856  0.37924198798502257  0.38980912004757373
  0.40036273568030056  0.41089556219641860  0.42142939503156929  0.43199350573903011
  0.44252663034236012  0.45304910281202648  0.46356253072239223  0.47414580838727732
  0.48465312642006958  0.49503850833349267  0.50543380690579753  0.51584164990716741
  0.52632865362275694  0.53690552343383413  0.54755324890750601  0.55825858548355423
  0.56877587228721826  0.57924468845276678  0.58967748218445593  0.60011965993253902
  0.61055644504030238  0.62104527672368881  0.63158046715261396  0.64204881475061437
  0.65238490033180829  0.66262747139298606  0.67285737414769964  0.68306727339762419
  0.69321056641447376  0.70332021821119628  0.71347664054073967  0.72376354590123970
  0.73410716324523961  0.74444867817091087  0.75477592655897496  0.76516276976467523
  0.77560603114237958  0.78606558803784532  0.79649541071582852  0.80688611676197497
  0.81728549913969140  0.82764971787721109  0.83798501679984694  0.84828741138637620
  0.85863810462892720  0.86900016521219547  0.87925971908192779  0.88942812458079212
  0.89950716603250391  0.90953083600187479  0.91944283230589297  0.92922635456328107
  0.93894876800941829  0.94869535852415210  0.95828700326712524  0.96767291198990291
  0.97654303884736982  0.98482961304030547  0.99355223105638724  1.00000000000000000
  0.00911369424611105  0.01080618316564129  0.01195663110470905  0.01302410373749744
  0.01409509755733433  0.01520204344930282  0.01636226448008060  0.01756465024445904
  0.01873662906637249  0.01991676868989147  0.02113409811199275  0.02242020751790183
  0.02374533550198894  0.02496303668718588  0.02603130540325642  0.02700025095256664
  0.02806746536673533  0.02924889138465180  0.03046937481001060  0.03170828270719181
  0.03297636929460893  0.03426901043121985  0.03559855821662645  0.03695007193041829
  0.03832900191811071  0.03974274067700002  0.04120469749565500  0.04271060426969839
  0.04425013369755004  0.04582947715180583  0.04745671610154056  0.04913964175448758
  0.05089141997331276  0.05271258606657885  0.05459490289380470  0.05652152464303747
  0.05849184619404205  0.06054832336272355  0.06268836729980584  0.06492015801523647
  0.06721772445239496  0.06957734551536691  0.07200267579366630  0.07450413928993792
  0.07710209425174899  0.07980635319146971  0.08261247037392583  0.08550870486743885
  0.08851750972681434  0.09165879819121692  0.09492222448178243  0.09831691185732457
  0.10185132541370197  0.10552132345569452  0.10932398839584893  0.11325319000622694
  0.11732587918607772  0.12160075808786346  0.12611873832190282  0.13086305428903983
  0.13580636943879387  0.14097890650138303  0.14644412365878168  0.15218933984734184
  0.15821036627830426  0.16444488996440201  0.17093000212737725  0.17773457300803708
  0.18491245951996724  0.19243423553624536  0.20031622282534592  0.20861479408810471
  0.21740653279273719  0.22672800176778765  0.23662349924759141  0.24713440731370190
  0.25837838116253714  0.27049450879393094  0.28342334751149872  0.29703022810889268
  0.31145585339320075  0.32701016414996886  0.34371392297057646  0.36168709955524980
  0.38120385485632513  0.40262474807639898  0.42624963930002996  0.45255660151886984
  0.48192201701571274  0.51499853176683508  0.55317804583788976  0.59909400685480019
  0.65699185612054611  0.74046401554921959  0.86894437498280730  1.00000000000000000
 -0.00107382006350920  0.00406149671223923  0.00933649442284470  0.01458134254295324
  0.01983404628881809  0.02517367761507859  0.03054919632380318  0.03597986839637575
  0.04146550550619003  0.04702076725950398  0.05260631631613006  0.05820024054014469
  0.06381064613827384  0.06947662588382528  0.07522974357525322  0.08102464715507711
  0.08680246395440118  0.09255488774957940  0.09835488680006894  0.10425913831527159
  0.11024872732029144  0.11625724299735127  0.12226600922428645  0.12832540756013483
  0.13447119855551654  0.14070743681286274  0.14697786413619621  0.15324224089380731
  0.15951089011320310  0.16586542468537360  0.17230931047162873  0.17881210224888427
  0.18537291119231511  0.19195208450251341  0.19855790637433515  0.20520310469097053
  0.21188917761699436  0.21866938566278168  0.22553357799066945  0.23246197426902093
  0.23942957193598574  0.24646110822432510  0.25359787823154811  0.26084167452522528
  0.26817662074944520  0.27567843149346805  0.28317106275231685  0.29077246882134666
  0.29853232249529532  0.30639478336213949  0.31436049371157432  0.32244189583732813
  0.33064951299913814  0.33895980308650159  0.34729246447175138  0.35565071003137910
  0.36412757969695886  0.37276516091631118  0.38148769711412894  0.39021911459480058
  0.39908725092280711  0.40812766183912258  0.41731301859549802  0.42659878650062050
  0.43609851355182960  0.44596274053479373  0.45604325710852167  0.46624070102266052
  0.47666437485640734  0.48723579645352200  0.49791459379786907  0.50865968374040038
  0.51960760035999320  0.53078348633815886  0.54240325759341446  0.55439092554198655
  0.56650636730973603  0.57874658135007195  0.59144695567658734  0.60456709401503783
  0.61806363491195249  0.63210424774347373  0.64687981165520758  0.66229464979198227
  0.67830855706133875  0.69510480869632396  0.71293198976741601  0.73183700054166489
  0.75181924811282519  0.77347916938110495  0.79727002589278084  0.82321459656452733
  0.85245998910078857  0.88731978202772466  0.93308225277306733  1.00000000000000000
 -0.00238202616597440  0.00933452481530449  0.01911946326369492  0.03006076598657986
  0.04045425744876630  0.05105383188747564  0.06148410460694180  0.07210201755082056
  0.08265901823357012  0.09298873254376992  0.10334511265271708  0.11370461394163646
  0.12410238061896491  0.13464294157419276  0.14521858073710231  0.15590267306210021
  0.16654360708954091  0.17712035817097782  0.18790454150451125  0.19846332879613790
  0.20912286565574445  0.21942334801971608  0.23007963078976137  0.24072720420532603
  0.25122550806849314  0.26165051479211721  0.27193346035970950  0.28271142271669081
  0.29336415662680737  0.30419346145434217  0.31476762075233022  0.32522882529642277
  0.33583638647497266  0.34640934715946098  0.35698310357447582  0.36751515477395069
  0.37802430611809412  0.38878676044993771  0.39916517501074911  0.40959582186195703
  0.42004868510339904  0.43056151767012824  0.44102499029563424  0.45136573777287614
  0.46164726221560770  0.47230690988030904  0.48287922270153788  0.49344922028955818
  0.50394137873268874  0.51451173791438032  0.52499875980762711  0.53558977028747978
  0.54624883114698353  0.55674929785947092  0.56715213584195256  0.57750303668529213
  0.58799615113082482  0.59842286207973427  0.60886343603607440  0.61946885129770002
  0.63023214194377941  0.64079585600381195  0.65143706471545826  0.66192813668781691
  0.67259537322271046  0.68342645741321284  0.69422089012931254  0.70468882383529263
  0.71520676201060585  0.72567104691913975  0.73634515394151756  0.74706624800710419
  0.75774947471004628  0.76863680311216886  0.77914506606315193  0.78984477020151789
  0.80022973091376104  0.81088360451531927  0.82135672845443375  0.83196622514803875
  0.84250164997206778  0.85314214122887111  0.86384299568826317  0.87450896916268384
  0.88478748350486180  0.89503869914346501  0.90531591083401897  0.91566179317942320
  0.92603414003593409  0.93617401299571690  0.94703189253440900  0.95775325560431668
  0.96857786291780645  0.97894480137799667  0.98947369055267387  1.00000000000000000
 -0.01423943421633368  0.06408195803590164  0.10963115759133937  0.14500099215472623
  0.17502979527925322  0.20121462543318047  0.22473962042246612  0.24610377339731945
  0.26590106199879560  0.28458148893067775  0.30248230763646033  0.31965022434312301
  0.33593153464380771  0.35147042876278839  0.36647869007850414  0.38100447446631186
  0.39504846412725925  0.40842205310712903  0.42145815354204896  0.43402847857515259
  0.44626859084615622  0.45820356945722579  0.46985085062557297  0.48117857495264610
  0.49229794611468281  0.50314188532760773  0.51372378890408188  0.52403449244407763
  0.53414952039746366  0.54406389568374192  0.55384433792023979  0.56351596417588623
  0.57312996450909215  0.58262595222596691  0.59194442295453586  0.60103957532314456
  0.61000328536007919  0.61887713588748372  0.62767312028693145  0.63634128450057947
  0.64482531899086093  0.65316058886111461  0.66132375898215734  0.66941303054912904
  0.67744690609769653  0.68542045358881498  0.69331214844366029  0.70111470718788160
  0.70883375275860772  0.71647911862588232  0.72400544957387791  0.73144544555290258
  0.73872780011038375  0.74592433634432720  0.75300357296400167  0.75997921592157514
  0.76690722076171647  0.77376377337602642  0.78054055371176567  0.78726968130640418
  0.79399148053068969  0.80069482654734470  0.80739874553218716  0.81393432738343918
  0.82026295776985469  0.82656630809290099  0.83288207776322565  0.83919166104487675
  0.84543797984814684  0.85164511712814073  0.85778412209624022  0.86388578963409768
  0.86996903249481061  0.87605361366860335  0.88214399344480909  0.88818671307081798
  0.89417536432123579  0.90012227936562850  0.90603186635798305  0.91188815816868485
  0.91770962421947355  0.92351617950753984  0.92927810931829080  0.93497486860630630
  0.94056241725373446  0.94609523736198531  0.95161813337007262  0.95714408003409945
  0.96266121280819672  0.96814726164338105  0.97356954830591824  0.97893607643601532
  0.98425275429464498  0.98950015388790624  0.99474005374789276  1.00000000000000000
 -0.00225725594578609  0.00893025612464362  0.01923432641098721  0.02943981247993149
  0.03976042439946428  0.05002868654159124  0.06033026893519508  0.07059179304152956
  0.08083756714935764  0.09134385893241617  0.10193660909772623  0.11248527386635121
  0.12296291753233199  0.13359891799597184  0.14433348453729958  0.15505299653854421
  0.16586738926100475  0.17649134627930083  0.18718381308234880  0.19769758902032580
  0.20840544369057595  0.21878268908870416  0.22925331504923344  0.23961136425325610
  0.25023981133435452  0.26075403089533539  0.27119081801945605  0.28183677241957455
  0.29264165372095680  0.30345442962918368  0.31433559458880678  0.32491575422310204
  0.33558645650463109  0.34596723238323490  0.35643705151283323  0.36680951894331137
  0.37734361865655813  0.38786967818028550  0.39848655002307648  0.40907452745063000
  0.41935057846530716  0.42978848388273855  0.44010771741997390  0.45092574118854023
  0.46136901750117271  0.47192047498919104  0.48252066094295309  0.49298040257920134
  0.50354675435036511  0.51406515321900492  0.52467430889647304  0.53515143063006576
  0.54573119487494770  0.55620945919868481  0.56690280194218956  0.57753141577747491
  0.58811735341899840  0.59864484132366680  0.60918828270208247  0.62004478569383725
  0.63069141694085873  0.64144772086364554  0.65200306939661734  0.66271968573621798
  0.67323452736036371  0.68391158437996591  0.69464422530506842  0.70515811091680758
  0.71576615493960849  0.72634776410379776  0.73706911227334171  0.74775121129001743
  0.75826346445750747  0.76879436670069778  0.77905140642350579  0.78952376003054192
  0.80001119160558276  0.81054331828033566  0.82101624601086309  0.83179664915078544
  0.84255121135892574  0.85327468364511283  0.86383138317896346  0.87446080315589392
  0.88504225675720671  0.89570310770780992  0.90604067150325673  0.91653915798410801
  0.92695151787031571  0.93741371753404767  0.94766911754160754  0.95793149174557546
  0.96845493279233585  0.97892738803152424  0.98932196008214113  1.00000000000000000
 -0.00242642302366372  0.00943539125464539  0.01975863688903077  0.03042629005440139
  0.04098667825684244  0.05144435006036556  0.06194849628273134  0.07245720698909182
  0.08296437081703829  0.09348135648096570  0.10417398936363668  0.11478753100902314
  0.12529811604375812  0.13576227907571720  0.14636525368388331  0.15723934781636684
  0.16795283374807674  0.17858580084983222  0.18908815192289655  0.19960153339568981
  0.21016261855344329  0.22078900759713424  0.23141078542690721  0.24197998763491077
  0.25254674949225936  0.26316119194422410  0.27366330431188879  0.28418386147582952
  0.29471256354699249  0.30531089650737664  0.31571031954843776  0.32609688623343691
  0.33662634254504831  0.34730340437816826  0.35785460104577288  0.36822069484513842
  0.37869488882082503  0.38929952244490196  0.39976896045844740  0.41004806318279136
  0.42038365858566279  0.43097937563330996  0.44151469918192709  0.45215067107114704
  0.46252349489040001  0.47319804583159270  0.48361430170280634  0.49423513032400002
  0.50484464340128221  0.51548957879988022  0.52596311317515132  0.53628715584543085
  0.54666778595701837  0.55698780864734621  0.56725621838606577  0.57756194893467605
  0.58808813135534421  0.59880881919911733  0.60959284204389941  0.62024165796540442
  0.63103111047408356  0.64178145072186898  0.65263418645336091  0.66341616163423833
  0.67401971835793439  0.68481797241944420  0.69547435805997904  0.70632524900115967
  0.71677819239361862  0.72729499969833489  0.73773305003234002  0.74833052518017218
  0.75917574207649019  0.76990588367064927  0.78039661382527548  0.79085708495082174
  0.80125654675692126  0.81164658341352836  0.82197150478149250  0.83206213061179191
  0.84270522818922500  0.85295891353728825  0.86345512464305108  0.87395695927372419
  0.88444582908170011  0.89503143468582225  0.90549214066729256  0.91606781690875527
  0.92656790502352548  0.93718073562550164  0.94761312319598190  0.95811581804211210
  0.96866011620396186  0.97922223567833777  0.98961358952421330  1.00000000000000000
   6.6629857682707476E-008  -1.0000000000000000     
 F F F F F F F F F F F F F F F F F F F F F F F F F F F F F F F F F F F F F F F F F F F F F F F F F F F F F F F F F F F F F F F F F F F F F F F F F F F F F F F F F F F F F F F F F F F F F F F F F F F F F F F F F F F F F F F F F F F F F F F F F F F F F F F F
  <DiscreteSampler_grid>
  grouped_processes
  1 # 1 for a reference and 2 for a running grid.
  10 # Attribute 'min_bin_probing_points' of the grid.
  1 # Attribute 'grid_mode' of the grid. 1=='default',2=='initialization'
  0.0000000000000000 # Attribute 'small_contrib_threshold' of the grid.
  0.5000000000000000 # Attribute 'damping_power' of the grid.
 # binID   n_entries weight   weight_sqr   abs_weight
    10   10   1.481136853683843E+004   7.107411458833070E+008   1.481136853683843E+004
  </DiscreteSampler_grid>
