  0.00228378566643464  0.01638316184385311  0.03027703976884695  0.04231890508293916
  0.05402627633661287  0.06541860792980396  0.07665885982420340  0.08777049477470779
  0.09874330166663485  0.10983395027102540  0.12082589859665989  0.13182158437614069
  0.14269684155601284  0.15350793825866318  0.16427663962077457  0.17499166640287458
  0.18571280756220332  0.19634057752869757  0.20690782155702372  0.21750359850724352
  0.22829158209157380  0.23898046695181246  0.24959368010222957  0.26012786305232960
  0.27060904015499782  0.28104736634934369  0.29149834473575953  0.30208364842174323
  0.31260145141794021  0.32308251185537290  0.33359914302737143  0.34421352689439494
  0.35483872794001775  0.36534134340690699  0.37567862305646421  0.38591340196905494
  0.39623726798455983  0.40669284101067943  0.41716358706642526  0.42765170548393217
  0.43808484941195713  0.44850606779708457  0.45896472295195756  0.46948984323656628
  0.48004925284160638  0.49041004279746891  0.50061404787743735  0.51082280369300892
  0.52109461329018825  0.53133367724295844  0.54157863598967648  0.55188444794363056
  0.56220318795526636  0.57248451060486660  0.58275137693068857  0.59299065199483025
  0.60322000608045145  0.61350254621525280  0.62380007696746764  0.63400391652317056
  0.64420349379761810  0.65450035572836440  0.66480826456170583  0.67505776120351180
  0.68532732167453170  0.69572849932091907  0.70614363513958822  0.71646816110354139
  0.72669930069415078  0.73688560477938658  0.74709780257378922  0.75736774720574562
  0.76769076059799657  0.77802518399267939  0.78838554371735803  0.79876199969812600
  0.80908634602069940  0.81932559905178581  0.82947877205059628  0.83959851505699379
  0.84975918246581794  0.85991217874745085  0.87012296367133035  0.88034130870739435
  0.89059178692427454  0.90080244546647736  0.91092115458767098  0.92099085138500503
  0.93041094546104142  0.94010726389888344  0.94948210379546583  0.95867564255087734
  0.96760525959844113  0.97617476096457256  0.98428512134572177  1.00000000000000000
  0.00248864633177203  0.01622420960739713  0.02934493734892677  0.04115679035094564
  0.05276482164985480  0.06412807677112627  0.07511703823862764  0.08602208654985821
  0.09687981200533825  0.10757890751344464  0.11814522543809618  0.12878035048188927
  0.13954729891329176  0.15030597075300117  0.16103609014804210  0.17191513891751495
  0.18295710443251190  0.19396572950359312  0.20479721181393992  0.21546635152562413
  0.22609441624389551  0.23675500074635558  0.24748735896582491  0.25827555258594759
  0.26907045834230653  0.27986183554678273  0.29071084867713387  0.30152934645627305
  0.31229414017753904  0.32297636449512729  0.33359386706590116  0.34415713457273017
  0.35471939649847756  0.36538376797453043  0.37616495738783645  0.38697528546888327
  0.39763538891724154  0.40811011558675114  0.41856826764366184  0.42904283436799329
  0.43949323344886143  0.44994115460627804  0.46052067988309647  0.47123730658634183
  0.48190963983600671  0.49248002937703933  0.50294175973681754  0.51339024667934463
  0.52383364656846043  0.53426395651821568  0.54461372627562432  0.55488225371964217
  0.56516782992329695  0.57553998925830996  0.58595153687921664  0.59632721114436005
  0.60666947918864389  0.61697724316540992  0.62727719284591266  0.63752291484046353
  0.64772350985165250  0.65794678698086262  0.66825899748970130  0.67858996043010611
  0.68887954193872492  0.69914628005644841  0.70946344915870174  0.71981780294445108
  0.73013605286066063  0.74040793462519106  0.75063594663305000  0.76088757139301999
  0.77121874033806870  0.78162858060890106  0.79200694870321486  0.80226710295213444
  0.81245078902124612  0.82258638276438378  0.83274558209992655  0.84291026680015868
  0.85307264246260439  0.86318601112590265  0.87313670736844717  0.88294978043676597
  0.89274540338187403  0.90266865407488839  0.91264169128248041  0.92253930429179209
  0.93230309821501600  0.94198489318095957  0.95153488513955309  0.96086939696961859
  0.96991935825920250  0.97835314689307229  0.98680986132825910  1.00000000000000000
  0.00856027688156223  0.01005702371728169  0.01115932008616905  0.01218989767233307
  0.01326258683929493  0.01438503601760596  0.01555541991573457  0.01675216922122344
  0.01790723640441250  0.01908468010741978  0.02029799759739059  0.02154786247527667
  0.02283924688154316  0.02415783976606574  0.02540167386014477  0.02635013844716440
  0.02732495076907993  0.02846441938687330  0.02967416378630187  0.03092529351741497
  0.03220137682118183  0.03350933852110612  0.03484339892963932  0.03619672530124929
  0.03758129009907892  0.03899529936319295  0.04043264116985337  0.04190689012431347
  0.04343745891153552  0.04501937802624244  0.04665041917220623  0.04833524828487078
  0.05008071843215863  0.05191226476444002  0.05378824677300463  0.05572184029400754
  0.05769838430538714  0.05976421174201309  0.06191719561236859  0.06414053938590564
  0.06643452253432723  0.06880793829487794  0.07126908424391375  0.07379357795381528
  0.07639599838637007  0.07910500974209425  0.08192554357583122  0.08486459704133929
  0.08790717416761221  0.09104679381747083  0.09430839538185158  0.09772268213206096
  0.10129627291950594  0.10501345873797864  0.10887403253012018  0.11289933070932409
  0.11709106973084181  0.12145577271171631  0.12601862131550989  0.13081053977688281
  0.13583137576645574  0.14110450839314628  0.14664201994039555  0.15241581229944690
  0.15840481256323294  0.16467063275385749  0.17126369762065366  0.17820800949112944
  0.18551611968281345  0.19320814177820522  0.20132132227803956  0.20989559046547471
  0.21896413901965492  0.22853900772172139  0.23869705811674408  0.24951983205021824
  0.26099829041330486  0.27319954754608367  0.28632501198573795  0.30048109541757873
  0.31562739781966143  0.33185560612444831  0.34936791448010385  0.36858174471287358
  0.38955981242140220  0.41235817342744846  0.43743206803896423  0.46542083535923950
  0.49719612544440767  0.53375699581661240  0.57667076405595319  0.63081602704555118
  0.70830368723504633  0.81035631057571400  0.86455176709456982  1.00000000000000000
 -0.00101879716254320  0.00398878301234807  0.00907548933396269  0.01417436980835476
  0.01933736306880557  0.02459214836718803  0.02985512127744305  0.03510875934279480
  0.04042731859696960  0.04582702937393304  0.05129370296656709  0.05678597797681449
  0.06229987457110017  0.06782144744974024  0.07336251258929875  0.07894625909863384
  0.08464593913735713  0.09050600375038376  0.09642522470266729  0.10234635916085821
  0.10828450391056797  0.11427307763697575  0.12031239695451004  0.12640624559912256
  0.13257423261712245  0.13879692833908691  0.14502744822076602  0.15128898344419994
  0.15757228406988585  0.16388829757896031  0.17029608254622322  0.17677701635140480
  0.18334259631310623  0.18998450743435302  0.19665368508127845  0.20335924312657738
  0.21007611030674961  0.21682031941205299  0.22360891487600601  0.23049167068281576
  0.23750490213555478  0.24464014619126234  0.25188351534422909  0.25919852076683603
  0.26659016892412629  0.27406055587217115  0.28161257132038209  0.28925352871337084
  0.29686542320547127  0.30451196959537497  0.31218235617633905  0.31984648884706057
  0.32764522680865765  0.33570875121105953  0.34389297012877540  0.35208732791001679
  0.36057916488990682  0.36916546767745029  0.37787708117116714  0.38675321038249910
  0.39579135527071924  0.40499773401071931  0.41435562912723800  0.42385311219874050
  0.43352503268547943  0.44340934251350489  0.45343593338583321  0.46363128874075937
  0.47400760696787264  0.48460617930168071  0.49546768815660497  0.50656238298855272
  0.51782315352654507  0.52916455353980774  0.54080232604618650  0.55267574007967502
  0.56481612334256448  0.57724207543966544  0.59027125477187403  0.60365930866271034
  0.61747803383946454  0.63170520103840666  0.64662447316015914  0.66230831299490012
  0.67857267287885381  0.69549290203740333  0.71321978383688844  0.73193762916695781
  0.75182055366979206  0.77352021116934522  0.79712271875070695  0.82290451013785060
  0.85211421180596048  0.88707539370134403  0.93323880181980701  1.00000000000000000
 -0.00234346918997913  0.00920928426184901  0.01929727567509127  0.02995681617034805
  0.04051719352334231  0.05112757175908444  0.06200998358013454  0.07253892014216624
  0.08311756289942270  0.09348211170277890  0.10394143144352745  0.11434722519861194
  0.12483155602860782  0.13563264851843698  0.14628457561424046  0.15678045405834601
  0.16739718044635998  0.17802175755442828  0.18847368548671556  0.19887778126872160
  0.20901699205836566  0.22021750283636460  0.23092334996335148  0.24196013992996396
  0.25259856781914092  0.26337354490134957  0.27378637217452001  0.28459846023599383
  0.29504204299649123  0.30546745080048743  0.31578506257321148  0.32607673526025333
  0.33651827938101742  0.34693054460938488  0.35748794606780315  0.36804138188618996
  0.37861744859182461  0.38935666565278210  0.40005568098889077  0.41072173544579504
  0.42119697054942268  0.43167784308488055  0.44228934676047110  0.45292828560777382
  0.46331813644748226  0.47353165341850340  0.48381097117668787  0.49419819436922630
  0.50474805211664642  0.51526144138925156  0.52576449160721550  0.53623786585858901
  0.54688650455341326  0.55762456728732335  0.56825973062463486  0.57894018916745171
  0.58918606588287037  0.59920624975625258  0.60934275022011297  0.61956004928883279
  0.62986880465748318  0.64036431634569846  0.65091974713050804  0.66201344961767150
  0.67279218049561607  0.68357951239455250  0.69413822714030471  0.70484030410173393
  0.71532545746135479  0.72607431756463614  0.73674848285074734  0.74745516421538138
  0.75796272501333528  0.76825041007853700  0.77873929591671975  0.78916673023560102
  0.79978715096264141  0.81038644591491371  0.82118282467467230  0.83172228486754640
  0.84251181917882478  0.85299922521831506  0.86350256819440374  0.87399110079917075
  0.88458586032360176  0.89528035651079030  0.90584887248102119  0.91651791966133900
  0.92708372240626147  0.93755947602336953  0.94811558783697747  0.95852592089854249
  0.96884755156449609  0.97902760865298322  0.98946870135327725  1.00000000000000000
 -0.01431892854382768  0.06431093113720801  0.11023822427845585  0.14534044639791638
  0.17539444122972581  0.20198828530290375  0.22588504454702787  0.24784067159044254
  0.26812404939657408  0.28680702886220777  0.30438008939567696  0.32112697018460146
  0.33703938654839399  0.35233927664521880  0.36724019161463828  0.38155654230956143
  0.39518484778920265  0.40845440674697725  0.42138743370107801  0.43407368970393800
  0.44644894411105102  0.45856605036960923  0.47020247512328739  0.48159170931580064
  0.49295977929586166  0.50397245064303087  0.51448799267143097  0.52467026509365966
  0.53468717938051946  0.54449301974724396  0.55415508643245537  0.56363567576190843
  0.57305840164260013  0.58239472904632772  0.59158062429927760  0.60070579451115202
  0.60970904832684347  0.61860602138396015  0.62738174584640827  0.63603903937648443
  0.64456472450969005  0.65294434074271090  0.66107796529238072  0.66913581120565602
  0.67703628949185690  0.68493098948664455  0.69274414179816346  0.70032111311316070
  0.70792311508539452  0.71551250010259948  0.72304734899535839  0.73053678280082801
  0.73796290529202457  0.74532305685679989  0.75259578069414701  0.75973610377473999
  0.76675575536978480  0.77372981336092950  0.78059573087930412  0.78741402735847665
  0.79414580542595026  0.80088788848233239  0.80764228709685570  0.81439405528989883
  0.82109765446089877  0.82770790312873588  0.83421811554988279  0.84063226016914538
  0.84697723208655451  0.85325123755361398  0.85944960493855838  0.86556655214616729
  0.87162339120827814  0.87764194671479046  0.88362763559327262  0.88959447835569083
  0.89550961458942346  0.90136624011467781  0.90720108244002939  0.91303006323936031
  0.91884545566687570  0.92463052100684096  0.93037490767619346  0.93605146363600089
  0.94159954254921197  0.94708770886769977  0.95253714662938582  0.95794021952850139
  0.96331256216811001  0.96863786489762715  0.97392306123182282  0.97913688181301373
  0.98433612537788251  0.98955206194192424  0.99474169890555231  1.00000000000000000
 -0.00234778470471508  0.00913000970603462  0.01961009639587567  0.03004831214372454
  0.04057470633138634  0.05098732676714680  0.06152614299309977  0.07220609247528333
  0.08288570943401757  0.09385976667489435  0.10472479515099815  0.11532875708088935
  0.12595644109151735  0.13650771714913643  0.14724618424496244  0.15787639108136667
  0.16847971355923960  0.17906240000924004  0.18968580039738556  0.20028199089217125
  0.21087678931983206  0.22155949225806018  0.23216229078482817  0.24263815182839601
  0.25305625664694048  0.26349578000755824  0.27383066340976780  0.28403252781817273
  0.29441679187599767  0.30504061014254730  0.31575020786247254  0.32633663837434729
  0.33688524237151746  0.34735357005468864  0.35792354685983185  0.36858310353872836
  0.37927394556586169  0.38985984325887085  0.40034874689666389  0.41085754113431450
  0.42142226344398753  0.43200568043415916  0.44261149104024194  0.45311332172256863
  0.46356744818660817  0.47401749677655330  0.48458520062350052  0.49515286367600575
  0.50575851418083306  0.51646575812112483  0.52702768025449254  0.53742511844155272
  0.54776052875129488  0.55821260983604615  0.56872561777780317  0.57913495524214331
  0.58963968747380247  0.60034719617252696  0.61085370349037937  0.62139254644477937
  0.63189078435336565  0.64229170001239633  0.65280096201886950  0.66336210103483129
  0.67388672803711103  0.68438674361329854  0.69471585657113943  0.70504695094466063
  0.71543215669965765  0.72597054181023579  0.73655520820393483  0.74704998981335236
  0.75756982892996727  0.76796910972564825  0.77850556954416505  0.78890724331386197
  0.79962319674099547  0.81023967105414563  0.82109458236402511  0.83186956525193456
  0.84282344059472647  0.85355257803038387  0.86402081337637970  0.87430778960684097
  0.88454192177944269  0.89473624227509152  0.90505157517802659  0.91523217164733417
  0.92578767243956150  0.93615263288147443  0.94668275964869075  0.95738976353408811
  0.96796513482184987  0.97863725228653520  0.98924809698993166  1.00000000000000000
 -0.00231562302209973  0.00915155898700577  0.01916614581810066  0.02980424195320207
  0.04039752383915977  0.05112324160811047  0.06171801608321834  0.07206240533641109
  0.08253689713373577  0.09302286065612232  0.10366541673001559  0.11411631818775610
  0.12480450246378662  0.13539451186990129  0.14595736726837166  0.15644523059286508
  0.16698573452220669  0.17748276418296208  0.18782191953891408  0.19834235629691824
  0.20904254480645895  0.21959355910423328  0.23014539088345032  0.24075764389494000
  0.25134970807315410  0.26184936893465827  0.27229120053688527  0.28289069227015012
  0.29357962162984458  0.30417279885129628  0.31481190220494715  0.32543390760394197
  0.33604438547695409  0.34665679714389108  0.35707881301389999  0.36755042623755757
  0.37775238639775455  0.38823977639569568  0.39878428993812010  0.40925878025804163
  0.41997020097103349  0.43038209315055465  0.44094468540300791  0.45123285365147492
  0.46151757820264039  0.47236580406347656  0.48295173472412573  0.49345499067724025
  0.50380355286803757  0.51435742916356775  0.52503316358194640  0.53567539018684396
  0.54622928659881054  0.55663668796221333  0.56729827580150383  0.57771791716327126
  0.58812351922165174  0.59839571038745709  0.60875459138971622  0.61962493919463923
  0.63023540176298287  0.64102084750872668  0.65156514606687055  0.66216830400244120
  0.67283695062594118  0.68349313338671847  0.69420988575041376  0.70477703103385736
  0.71537162677654487  0.72598806943139682  0.73664480015008382  0.74733228797240581
  0.75790340450649918  0.76845482591215097  0.77884555305512915  0.78932125435347511
  0.79983746875247519  0.81034948288370723  0.82062933244524838  0.83094311624960682
  0.84127989400875691  0.85184282346682605  0.86213767282037335  0.87253099015434976
  0.88300919910086717  0.89341281627865743  0.90376667180993386  0.91429353611439945
  0.92501086892819062  0.93579696042643590  0.94655071602991370  0.95720323087669557
  0.96781197193003454  0.97838219738082088  0.98909595684668683  1.00000000000000000
   6.6673377434853873E-008  -1.0000000000000000     
 F F F F F F F F F F F F F F F F F F F F F F F F F F F F F F F F F F F F F F F F F F F F F F F F F F F F F F F F F F F F F F F F F F F F F F F F F F F F F F F F F F F F F F F F F F F F F F F F F F F F F F F F F F F F F F F F F F F F F F F F F F F F F F F F
  <DiscreteSampler_grid>
  grouped_processes
  1 # 1 for a reference and 2 for a running grid.
  10 # Attribute 'min_bin_probing_points' of the grid.
  1 # Attribute 'grid_mode' of the grid. 1=='default',2=='initialization'
  0.0000000000000000 # Attribute 'small_contrib_threshold' of the grid.
  0.5000000000000000 # Attribute 'damping_power' of the grid.
 # binID   n_entries weight   weight_sqr   abs_weight
    10   10   2.769792384727123E+004   2.726917902491005E+009   2.769792384727123E+004
  </DiscreteSampler_grid>
