  0.00282835383668761  0.01508648637985943  0.02906888055352262  0.04269148155725329
  0.05554933229768239  0.06787916011056994  0.07933161412262825  0.09049450794004849
  0.10140369801375446  0.11249803972139348  0.12330148461200875  0.13402272827589215
  0.14499502165992020  0.15637511566290027  0.16750517182600577  0.17833736527114333
  0.18914536273354693  0.19997726774299443  0.21078422437333683  0.22142801757560179
  0.23200081494666222  0.24254845893196789  0.25349261709918680  0.26462341778544884
  0.27544284142802294  0.28603227108777252  0.29679338245607834  0.30789502072405495
  0.31891037151519280  0.32967939684036413  0.34024833364155072  0.35073664190278037
  0.36108555183120816  0.37144882863208478  0.38186955492066393  0.39242443716704761
  0.40294242843798617  0.41332783299623460  0.42354658573194376  0.43370124404903665
  0.44402072823450039  0.45454078864827357  0.46526858727822756  0.47606418785111987
  0.48671565275778567  0.49717068209827076  0.50762868966469199  0.51809341557041988
  0.52871558991747591  0.53957120659635016  0.55076047350420543  0.56163908231107662
  0.57207469480094109  0.58271272396215479  0.59342669277013915  0.60380744728487556
  0.61374108254085580  0.62368328880954726  0.63378569646370742  0.64404344373689615
  0.65440198897217683  0.66487856111194366  0.67534658002913006  0.68585168451699796
  0.69640975477591915  0.70683926900165739  0.71693864268006702  0.72676952436930531
  0.73657304246798072  0.74638432770714058  0.75617950942934287  0.76605946608777553
  0.77620600057968692  0.78656425074673431  0.79703282827140631  0.80767684510206761
  0.81867685067535978  0.82983242980915417  0.84071601722357236  0.85126909755943914
  0.86154544966968516  0.87160932028007232  0.88154373716360845  0.89145817714368436
  0.90131145811902635  0.91110285968630422  0.92100389462851173  0.93108520477303836
  0.94122862940441332  0.95100174924644298  0.96033828837242607  0.96928712154275176
  0.97790874692786645  0.98591613492456187  0.99342335268329485  1.00000000000000000
  0.00308096017105947  0.01496367802074045  0.02760067282243105  0.03955674236321080
  0.05153856748701072  0.06372634552027569  0.07581552936018165  0.08783493824673190
  0.09994164386226979  0.11213609626610616  0.12419337281229077  0.13594181663824853
  0.14733849616567135  0.15837928940953738  0.16920982982404767  0.17986855161826970
  0.19049918102154634  0.20118521468334866  0.21194686861323975  0.22278470456897098
  0.23352085488839661  0.24408975774171604  0.25449465423672801  0.26478248260239962
  0.27511558156974164  0.28557981306921110  0.29620941911195231  0.30681281692458229
  0.31721932300856120  0.32745077299233200  0.33763471874081241  0.34785828529842117
  0.35817320326226160  0.36870499264459422  0.37941672269496746  0.38998332503131372
  0.40011983249833244  0.41009578814253939  0.42034402894160594  0.43092281510514802
  0.44160492197040335  0.45213222947274256  0.46266006573002300  0.47322553783841559
  0.48364495852206207  0.49410170123820812  0.50467201328281697  0.51538301034678624
  0.52614594457920594  0.53679065822375138  0.54729122261949770  0.55776350721951984
  0.56833153561653538  0.57902311248777250  0.58985433609679794  0.60063968049927130
  0.61127587388820626  0.62177269862651274  0.63251504277961712  0.64360807847987511
  0.65469713757919512  0.66579737769211889  0.67700675592100013  0.68826350991977070
  0.69916421352082070  0.70973821332426490  0.72007273540623051  0.73031302092335237
  0.74055423164917200  0.75082552141827230  0.76116366700572657  0.77160760786162663
  0.78196844513198727  0.79222349920195789  0.80249462374683156  0.81294644781303260
  0.82344797393706337  0.83366548991092260  0.84362900237592653  0.85353027386958358
  0.86337450758091516  0.87291526679030307  0.88212714045092810  0.89127655759020452
  0.90042463932980255  0.90958468835271300  0.91883025390313267  0.92824613115282339
  0.93781866145195758  0.94739722037470486  0.95678653110837408  0.96598887941417688
  0.97500663247887720  0.98367234237459555  0.99203505090304900  1.00000000000000000
 -0.02142379214295862  0.05503401057937542  0.10441326409738307  0.12940699826668661
  0.14059550285307634  0.15067021276865583  0.16057463840688435  0.17038119132515572
  0.18001875695660507  0.18990177321459126  0.20045580737707913  0.21053015939535596
  0.22030301347762513  0.23001729138567178  0.23938217328963310  0.24884365569365297
  0.25851607396048731  0.26820038208382446  0.27802914916599653  0.28789597043287596
  0.29768535895214021  0.30743175127281480  0.31711814434296504  0.32690489773837744
  0.33670249217329051  0.34633669532335742  0.35588195963608305  0.36539855871399674
  0.37503062711648394  0.38451580683216352  0.39438658874889093  0.40442926492335696
  0.41432717515508166  0.42377607226268188  0.43308111499649032  0.44229309643973880
  0.45162378476544673  0.46122064750323843  0.47104185431980655  0.48068298065040760
  0.49004458391270339  0.49946629340918786  0.50911555395538244  0.51894919980798571
  0.52879653744536059  0.53850375873896505  0.54805485077600569  0.55755668969673655
  0.56710723733586210  0.57681528263202808  0.58651686843344475  0.59620940014488499
  0.60591840102630601  0.61551957164007987  0.62484631203663921  0.63394887146612411
  0.64298027135547620  0.65238673284904158  0.66191621949121748  0.67121862055606218
  0.68028622087035695  0.68937840893345093  0.69824728820378568  0.70710867046338766
  0.71619872685706221  0.72536184108202351  0.73428525780674692  0.74297979237869038
  0.75200405549765625  0.76087882248331018  0.76987604715518509  0.77869969486749879
  0.78758050207978902  0.79635462551916159  0.80513610302242355  0.81403314761176082
  0.82300001428407799  0.83197743523615786  0.84100323562847945  0.85021914110252705
  0.85955815478104614  0.86907259434838491  0.87834910118246312  0.88749548524550070
  0.89666457840775982  0.90590913490422886  0.91513331282327581  0.92423533051366913
  0.93329695882262276  0.94254593404006293  0.95193920825107481  0.96136250309018167
  0.97088243183036815  0.98056458961658555  0.99030586009873534  1.00000000000000000
 -0.00236876629992188  0.00948375897808934  0.01970531894994676  0.02982913240220396
  0.03987192915807035  0.04972781531404050  0.06014296784645731  0.07048117060773997
  0.08113385658715344  0.09166779872957488  0.10217114437042386  0.11274214806286061
  0.12332878456058985  0.13411527463252704  0.14497822260093188  0.15577946726524849
  0.16629034036110399  0.17657359918670607  0.18709597922186094  0.19785321372562861
  0.20867854034510408  0.21893004085744441  0.22919140997749635  0.23932187704369215
  0.24983379133252187  0.25998991464803450  0.27035136234774376  0.28113086506909291
  0.29226224078051904  0.30275056481144313  0.31329630280651366  0.32399517952192797
  0.33488752303011526  0.34537968325410712  0.35568386652004913  0.36589480088589688
  0.37599482198963508  0.38601573918405213  0.39620184202521319  0.40682750312619759
  0.41742159302029852  0.42787105378871099  0.43825213835578952  0.44891171725633905
  0.45931663106750192  0.46951554304635162  0.47982990222067240  0.49056367053548161
  0.50161986162873962  0.51247887309766582  0.52292928308736730  0.53304608230744877
  0.54317116114633679  0.55325953499246838  0.56326364541841845  0.57313349791857293
  0.58316316013593494  0.59337667666933558  0.60353193089525869  0.61396511292027434
  0.62463188590763274  0.63564864977888658  0.64672691746454780  0.65798952467842087
  0.66917198537965239  0.68020978227659090  0.69135365425903750  0.70251088100336279
  0.71329674649552988  0.72370183416415124  0.73375702867577675  0.74396280272349391
  0.75464743209605523  0.76578203019821078  0.77683720042526716  0.78738623331882296
  0.79785287682093597  0.80829292879976622  0.81851888292519193  0.82887688705586682
  0.83928624979351485  0.84995215405152413  0.86028504943408801  0.87048134100695740
  0.88081343492574748  0.89168800817402238  0.90259143265651309  0.91297610062179657
  0.92330834459680855  0.93368050194213958  0.94471959684219164  0.95552431164115836
  0.96629185410970386  0.97723809961078067  0.98843732778717519  1.00000000000000000
 -0.00196305741425389  0.00669000787552471  0.01442944548812793  0.02240112183476032
  0.03032122740658459  0.03806740780950662  0.04591884650521656  0.05408873826256096
  0.06246206346654545  0.07070291920528186  0.07869107359408628  0.08646618540578130
  0.09416517803677882  0.10199381291621260  0.10973227528566457  0.11762085224537980
  0.12544340876331106  0.13335585211710055  0.14135463810063259  0.14948275565140826
  0.15776089571857155  0.16623594300097524  0.17466847373502345  0.18310695994993353
  0.19158481073597716  0.20008315214517203  0.20854794045064254  0.21675880978807824
  0.22481159167402681  0.23296202300247038  0.24123319908616009  0.24946403615553275
  0.25771027801381080  0.26607409579246571  0.27450640097562068  0.28308887093952223
  0.29156205639970606  0.30013509418430634  0.30882953300375693  0.31753487405803860
  0.32644765500051126  0.33517343364358609  0.34430183665772501  0.35348432601477708
  0.36252531720605891  0.37139239322841261  0.38050651063234048  0.39009384783150708
  0.39942361295762585  0.40815102832175498  0.41689535530357608  0.42596169696785985
  0.43538640348598984  0.44467460499081340  0.45392837040594863  0.46325120175534107
  0.47280174750439963  0.48243762944584673  0.49211891033821992  0.50179595077163675
  0.51144136827963793  0.52137736559005043  0.53152892395501239  0.54143830280873806
  0.55114129574508763  0.56084297253805970  0.57082537405692824  0.58117276292945619
  0.59184394784756944  0.60252264751896989  0.61326442156986061  0.62417835297795210
  0.63547543248547844  0.64670945465831564  0.65775978871239837  0.66906041124870441
  0.68097974310972753  0.69385027267636723  0.70716008305394662  0.72127208794951325
  0.73499780509043966  0.74876963118991813  0.76284485821950976  0.77711716504567607
  0.79130336239381982  0.80554317692297817  0.82000030467083784  0.83493012564264568
  0.85063882740922536  0.86795050379163696  0.88653601231097690  0.90637620189607271
  0.92714223941424967  0.94966313383889867  0.97384810816828216  1.00000000000000000
 -0.00247296221420315  0.00935039359129219  0.01959010896032205  0.02954553634061441
  0.03957425319297246  0.04985631294158084  0.06048416058401103  0.07118822575128234
  0.08142219962936928  0.09197329322564279  0.10268677197366625  0.11253570145963290
  0.12248279042997363  0.13241698349084530  0.14302154567555700  0.15379406034872400
  0.16431565432068104  0.17479601712256532  0.18531688077769118  0.19570583864347207
  0.20609733601971397  0.21654249239173823  0.22738195461590152  0.23811724513229432
  0.24885160970272877  0.25906306855967826  0.26923852902339757  0.27943321042766595
  0.29000865267648707  0.30040213036467911  0.31075153272562694  0.32096869655233468
  0.33130441511040976  0.34147278669128950  0.35190411019399864  0.36234154445739197
  0.37285568255072032  0.38379935161019907  0.39509706477162615  0.40661100775831716
  0.41819817899143902  0.42948003254169542  0.44081226215782182  0.45186260910566106
  0.46265189717099969  0.47324974401913705  0.48338675498754219  0.49372944619039472
  0.50385476637091720  0.51415520874242526  0.52444222955116004  0.53486574848665591
  0.54542963239513031  0.55635260251341967  0.56704266829435701  0.57736400356657502
  0.58761806132187588  0.59830026487171728  0.60901255560583567  0.61974096846297888
  0.63049867797140968  0.64119265932713165  0.65174670805616131  0.66197597838709943
  0.67279071154222403  0.68351021552538449  0.69417520768775542  0.70488453022390640
  0.71516387681686322  0.72539715629216572  0.73546642738684409  0.74549224975378681
  0.75539468406180643  0.76554552905427409  0.77594074197372143  0.78690206708257182
  0.79772854111033764  0.80860887311479446  0.81925037594203942  0.82968291097502878
  0.84002000739868554  0.85034885336134891  0.86091698013988083  0.87156853200618867
  0.88225701454796757  0.89260287180053777  0.90269957088080111  0.91290083975571867
  0.92356835512529400  0.93470667128131812  0.94548635207951426  0.95598317075811912
  0.96654808630456790  0.97753010172026567  0.98860122413499396  1.00000000000000000
 -0.01919810290668832  0.12809241054171908  0.18495175030787414  0.22434578755864740
  0.25602464453827611  0.28173893831136848  0.30497082675972775  0.32641464169674006
  0.34517071157290541  0.36223545275964830  0.37832310798210389  0.39366109701378593
  0.40808612872619482  0.42178189582213238  0.43514119492582742  0.44795103376696060
  0.46014737917175058  0.47131535913583561  0.48188996811484974  0.49229433638286840
  0.50273570673406642  0.51296845481888143  0.52298527708642550  0.53287975542334132
  0.54244286725075197  0.55167236371787232  0.56058221353211068  0.56932916864743000
  0.57805392508579923  0.58658093618486495  0.59476116550875624  0.60270633628950754
  0.61041608317074847  0.61833373978362793  0.62620890767250303  0.63429174372699959
  0.64196121307286280  0.64948183171926022  0.65681922970615192  0.66400606532326323
  0.67087912337614974  0.67759081755178707  0.68426704389056181  0.69095199867402723
  0.69761975908632767  0.70427148717093102  0.71083147694422455  0.71721955185952035
  0.72349054301105864  0.72977583509145993  0.73617283808071154  0.74269792830160641
  0.74916137778907865  0.75561249440476475  0.76189675429693449  0.76815134955071440
  0.77435753745778357  0.78057735564442998  0.78678863569905944  0.79290114878849383
  0.79879614423179002  0.80448853579712143  0.81046402203446100  0.81642885515052632
  0.82249285092639757  0.82835977979602826  0.83405829654827668  0.83959171288659318
  0.84501025517106942  0.85046195662161794  0.85590701225363186  0.86145872348272035
  0.86707104093910325  0.87270371685891512  0.87836345911825031  0.88396927762056154
  0.88950951274383672  0.89500163353571260  0.90059031555799585  0.90622592968627624
  0.91177004995218880  0.91725249951491039  0.92267270794430811  0.92817224740111059
  0.93385988463091951  0.93968745901042239  0.94563251894488720  0.95160067465631326
  0.95757953675996854  0.96361232708984890  0.96961924139766442  0.97557617702737498
  0.98153966302992002  0.98756532689283461  0.99376524589895243  1.00000000000000000
 -0.00259894049804167  0.00949202184242251  0.01983038716023180  0.03038854079636871
  0.04111231151417304  0.05116939104762237  0.06130574626299055  0.07154507567983324
  0.08201073739253414  0.09243473234269517  0.10302135171657933  0.11350932459062660
  0.12361509570870945  0.13366349270287142  0.14370161338250698  0.15388363739249691
  0.16446711281948659  0.17505125462886345  0.18641517262363921  0.19627441941786022
  0.20630491545426619  0.21596310345956612  0.22600122927838637  0.23620063700346935
  0.24665864584006197  0.25683611913357574  0.26680039530074551  0.27671680522357361
  0.28709782361133651  0.29778484866734550  0.30855121595059998  0.31917023210132500
  0.32974260706645020  0.34020497842452091  0.35077974676063811  0.36151292777266919
  0.37222677434349855  0.38304698714939339  0.39399769826489206  0.40482709022246571
  0.41546389625718444  0.42610687771800237  0.43705971263956966  0.44806615306439740
  0.45897187460121575  0.47007206218542458  0.48088484444159119  0.49195714049759537
  0.50320247777277771  0.51438775838950324  0.52536585628213561  0.53644241439410523
  0.54790058057490709  0.55959811396795633  0.57084335472467407  0.58158376545261614
  0.59182384222972728  0.60175603886899021  0.61162784904318945  0.62147761908831600
  0.63162380999772150  0.64205789607372965  0.65285305554667072  0.66362458728414842
  0.67407167685051050  0.68441267396627614  0.69492769129979459  0.70536526681111500
  0.71606839529638167  0.72667659902736348  0.73758150645042309  0.74851646610233169
  0.75949670637914657  0.77008019531563465  0.78041701660933749  0.79048941983113974
  0.80065934725304877  0.81069873838282414  0.82067902600735010  0.83040595858127220
  0.84040346991793691  0.85092426382586794  0.86190743208820020  0.87299158793427922
  0.88386429716683768  0.89458091001332829  0.90503578019228514  0.91552545806342267
  0.92619549019415848  0.93689398353552866  0.94773692930382925  0.95833133220941058
  0.96898757385465828  0.97914879340895955  0.98957255070421168  1.00000000000000000
   1.0747237449538227E-008  -1.0000000000000000     
 F F F F F F F F F F F F F F F F F F F F F F F F F F F F F F F F F F F F F F F F F F F F F F F F F F F F F F F F F F F F F F F F F F F F F F F F F F F F F F F F F F F F F F F F F F F F F F F F F F F F F F F F F F F F F F F F F F F F F F F F F F F F F F F F
  <DiscreteSampler_grid>
  grouped_processes
  1 # 1 for a reference and 2 for a running grid.
  10 # Attribute 'min_bin_probing_points' of the grid.
  1 # Attribute 'grid_mode' of the grid. 1=='default',2=='initialization'
  0.0000000000000000 # Attribute 'small_contrib_threshold' of the grid.
  0.5000000000000000 # Attribute 'damping_power' of the grid.
 # binID   n_entries weight   weight_sqr   abs_weight
    10   10   2.307568868305056E+002   2.902417977849302E+005   2.307568868305056E+002
  </DiscreteSampler_grid>
