  0.00235538613936723  0.01615377011346205  0.02979499548288855  0.04180302211074079
  0.05330483148845305  0.06460496159054147  0.07578499935604195  0.08707783088376513
  0.09836961619966571  0.10964209385339845  0.12083266193833538  0.13194022410185657
  0.14302846083231208  0.15419690737645161  0.16520036467328872  0.17616598241516768
  0.18698391136919212  0.19784421878850333  0.20855367787267545  0.21926451328997185
  0.22987729042557345  0.24057590262610037  0.25125170083271792  0.26185880058459671
  0.27236433854859338  0.28282005025284551  0.29340582724009373  0.30403249829483564
  0.31466396904146099  0.32515591757014140  0.33563816696327731  0.34610906268048569
  0.35660955964570340  0.36701456615672001  0.37745895360407650  0.38792246714699613
  0.39850542232376490  0.40902210036536424  0.41949928423474137  0.43005359665660636
  0.44072875111935195  0.45148511170232103  0.46206287764541143  0.47254789001311887
  0.48297757253611306  0.49350468671379483  0.50408865320761820  0.51458701729087020
  0.52495644240414863  0.53530883170854437  0.54579889565884565  0.55639971473147731
  0.56704021381989733  0.57771684289703773  0.58825935578066513  0.59859790209508601
  0.60894047714216171  0.61927804311745471  0.62959940214411336  0.63973079133778865
  0.64981424522157760  0.65993364778642927  0.67016608918650500  0.68049872721180915
  0.69079095435104698  0.70097583184880230  0.71111594301683823  0.72132296510374205
  0.73143603463213291  0.74150991831167212  0.75166082122647127  0.76201323323277437
  0.77254944968604178  0.78301258289323772  0.79334833639879698  0.80353299675347101
  0.81362140301370922  0.82367218940565912  0.83369164746026714  0.84375216829107036
  0.85381231049711148  0.86387498281502695  0.87387863982339264  0.88381250744984718
  0.89364345793481104  0.90347276470110882  0.91315985174144809  0.92277405382436284
  0.93233211877871902  0.94189275554282048  0.95128471798374070  0.96047185831180226
  0.96938745352505507  0.97793511205353445  0.98595758082072271  1.00000000000000000
  0.00266906134311548  0.01562910381598675  0.02873814826479607  0.04064590113833587
  0.05236009162382413  0.06386996484950108  0.07509531353082602  0.08609842152431618
  0.09711117095501304  0.10806807823357778  0.11906736697864401  0.12989064392427671
  0.14067659035683094  0.15142040414512700  0.16215724759590144  0.17279413937650009
  0.18348172933752233  0.19427323977212380  0.20509835454662856  0.21588045496017294
  0.22663398017017217  0.23737925889851022  0.24805583191279265  0.25875246409090225
  0.26939136238295752  0.27998932324149500  0.29054348981699191  0.30122837388264950
  0.31197500841303588  0.32275175237725207  0.33350422291653309  0.34411812122989649
  0.35464250357201155  0.36516524010218698  0.37574649638396507  0.38636719999579783
  0.39690332605870093  0.40733642977256090  0.41764686076924745  0.42805137743070032
  0.43861294406399010  0.44932454613221384  0.45985466211556653  0.47019612989082954
  0.48039340680878906  0.49063253486006120  0.50090256104805986  0.51120059819703845
  0.52151539985042261  0.53190791931807291  0.54237309282251089  0.55282325623666473
  0.56321902268955304  0.57361637870262538  0.58407554637341419  0.59458388917313532
  0.60507324313244315  0.61551834508061565  0.62598689453814405  0.63652646093166321
  0.64714432023548962  0.65778155404377181  0.66831603770933901  0.67870696352015558
  0.68901868736044258  0.69935806468614636  0.70978910246798255  0.72026912994281744
  0.73073567723981026  0.74115499458535616  0.75150861858579132  0.76178354073599008
  0.77186585746972447  0.78180008182316685  0.79174885932232375  0.80180559539215679
  0.81195470692160043  0.82220417841811200  0.83247242639425978  0.84266781364709809
  0.85270979023952287  0.86272927197695393  0.87276403790369583  0.88273933294653872
  0.89260754588203872  0.90243140218878393  0.91224835085090927  0.92193019373627860
  0.93154450732379768  0.94117145925055912  0.95077505367007720  0.96025448482196529
  0.96934259901718545  0.97794979435654283  0.98596107002730971  1.00000000000000000
  0.00692553069167123  0.00790614154621964  0.00896002703728612  0.01000918114847262
  0.01102559078089363  0.01209245596804571  0.01325973903183703  0.01449926300743819
  0.01575378506348041  0.01697714423289369  0.01821636613621303  0.01945985258386322
  0.02071212256275509  0.02198182522387920  0.02329117832496785  0.02461648218761229
  0.02583616866575131  0.02689447042495823  0.02799121841569763  0.02923112358103755
  0.03051412493636790  0.03179840021258610  0.03310137710536512  0.03443048938912446
  0.03578534603111956  0.03717328175909746  0.03860187009915050  0.04006686624957853
  0.04157327766169833  0.04312533402744708  0.04472754797433723  0.04638754121430894
  0.04810115296562684  0.04986411704681293  0.05168890144194303  0.05358114869384123
  0.05553922735521685  0.05755344412528874  0.05962827418756528  0.06176952420479423
  0.06398815342186492  0.06630010209333699  0.06871765241471189  0.07122395802032670
  0.07380820668492620  0.07648087367598606  0.07926032761135160  0.08216174154373164
  0.08518011613300569  0.08831507162497725  0.09156570675000632  0.09492591134187479
  0.09837682353508453  0.10192408939215143  0.10562453480962798  0.10951540434885268
  0.11362161093431521  0.11791159598852337  0.12236726473870194  0.12697972252525119
  0.13181029231562749  0.13689365719368052  0.14223924259119658  0.14787651071123756
  0.15377746799252515  0.15992810736001109  0.16634843868650953  0.17315511403389119
  0.18039140120549294  0.18797546092072581  0.19587491869987533  0.20414779466977329
  0.21292521292117819  0.22225088195575168  0.23214092388026367  0.24265149986205053
  0.25377731144686261  0.26555804926524473  0.27815348144963403  0.29168587771962901
  0.30633039414757079  0.32216921177749108  0.33935159490233213  0.35792095046937777
  0.37797694906418083  0.39980522429599608  0.42383753646380379  0.45057454849778278
  0.48053056076817835  0.51450133308931856  0.55400615066782277  0.60212374652216683
  0.66493845446575683  0.76373054183626277  0.85869738909397231  1.00000000000000000
 -0.00101413173272110  0.00394094500134043  0.00913799628174601  0.01437984871790688
  0.01965496720275856  0.02501564171991369  0.03039483782831634  0.03575735201758384
  0.04116017135841703  0.04663215215487469  0.05216477820415965  0.05769780495949769
  0.06326518381977242  0.06885926148089189  0.07448404453606858  0.08014727727406641
  0.08587573441911858  0.09168709890276648  0.09756775227674055  0.10349886487340866
  0.10946059801262739  0.11544882344427052  0.12148641821073711  0.12759056184428452
  0.13376772964821926  0.14001042952397089  0.14629653689369521  0.15260214540275205
  0.15891913327679044  0.16528513373059792  0.17171555084281964  0.17824962864706936
  0.18490012894490915  0.19161302268976704  0.19832208024276646  0.20504876844955472
  0.21185989056311086  0.21883963050232996  0.22584178111641542  0.23288981685013763
  0.23993619502217103  0.24701914684425186  0.25418740314951949  0.26140990658513724
  0.26868957558518342  0.27597643767459734  0.28327125485317445  0.29066100328507999
  0.29816154822293550  0.30573934588438645  0.31345280707230105  0.32129114721227070
  0.32920205379611878  0.33720799285236136  0.34533717609670678  0.35356570807573834
  0.36200511329868373  0.37069301525091020  0.37955106215219225  0.38846995590345207
  0.39745989186432512  0.40658617150735910  0.41594747492314360  0.42552416901372198
  0.43526580349029909  0.44509529204503129  0.45504878472611271  0.46513170376013269
  0.47538375675528938  0.48587685047858331  0.49663854586051798  0.50758917849590324
  0.51873701009029993  0.53008700613114346  0.54167394748090103  0.55351050584511408
  0.56561891977956846  0.57814968151194501  0.59112928058070680  0.60466922031616499
  0.61861898089914158  0.63292693475110673  0.64755710622213358  0.66293535990994112
  0.67910136786830744  0.69635206122715998  0.71445851491994039  0.73333562259063001
  0.75313256865464528  0.77430587079273516  0.79742854695928533  0.82333614513459474
  0.85289492913880860  0.88738939906797820  0.93262020266546219  1.00000000000000000
 -0.00235307629688174  0.00910632102940936  0.01935192368184816  0.02994628041276856
  0.04050071317724434  0.05107937506300744  0.06171262488182405  0.07227984768562819
  0.08274816890015593  0.09317179595522869  0.10380222632471602  0.11459190776009945
  0.12538898693467998  0.13593003869095266  0.14645649038163774  0.15692470504739831
  0.16737807689581538  0.17780731096235278  0.18823056680421624  0.19904746880769550
  0.20969372988180704  0.22025274546394563  0.23082206035578323  0.24147591787042846
  0.25222323785600431  0.26289389035983934  0.27349398263935448  0.28415523690641636
  0.29463235636528490  0.30517546922762256  0.31553947962849793  0.32587772903411288
  0.33615673934814438  0.34642303580010553  0.35695193718958368  0.36755556514147425
  0.37820093524495962  0.38872340033583680  0.39917622435831734  0.40975939943479767
  0.42037535106443658  0.43078159993656095  0.44139919601650179  0.45192640571788317
  0.46264031684006723  0.47304733695574341  0.48382343734184147  0.49460807813072355
  0.50544723565398919  0.51625146590671867  0.52686036700862426  0.53741474660650845
  0.54783791827156458  0.55822366096111276  0.56862092138551179  0.57909808650142247
  0.58971357339206720  0.60034530846630396  0.61099076383965600  0.62159130262774331
  0.63220156068752331  0.64271722151122301  0.65342909252822856  0.66387417943369420
  0.67425570780471400  0.68440685204401641  0.69510900030283340  0.70570047429844873
  0.71640416018694286  0.72679224072928805  0.73748186098931501  0.74795349133405964
  0.75850512684657911  0.76899100306409818  0.77955767359507722  0.78998877908086718
  0.80035306784460614  0.81068707932521844  0.82130464944769666  0.83193743739261028
  0.84273899799801211  0.85334432628875778  0.86385005149669536  0.87427363409694414
  0.88477127036454506  0.89519937631199553  0.90560762453975419  0.91596373108897422
  0.92677530011619935  0.93745775903717854  0.94782629294334964  0.95784649387364906
  0.96828918675483933  0.97872121488127473  0.98932000060904690  1.00000000000000000
 -0.01447810751673784  0.06461757485365793  0.11015887762449081  0.14508206287323774
  0.17433671057895161  0.20017750200392989  0.22359340050244103  0.24532068889046169
  0.26549757550185832  0.28441960047398041  0.30245269495484189  0.31981189755545220
  0.33636522469868813  0.35205650462260679  0.36693969579569452  0.38119844110028900
  0.39503785230549560  0.40853677858637888  0.42162931136725318  0.43429987313386847
  0.44651893592588943  0.45833927892003973  0.46999571745590996  0.48136869245042246
  0.49245207584703782  0.50332021232052715  0.51399317463300953  0.52441308802141207
  0.53455939294406385  0.54458189060559548  0.55450545135111684  0.56432478321542723
  0.57395367455237445  0.58336272755589025  0.59258365858220130  0.60166243415375165
  0.61057186738036229  0.61940362861055043  0.62811475741799438  0.63672663449938394
  0.64521914648472600  0.65357963848654954  0.66186082915376498  0.66999231745874488
  0.67800708977402768  0.68592886738486902  0.69377370523604998  0.70148656966587186
  0.70909709775590835  0.71670809580199946  0.72420371728862309  0.73161925413152051
  0.73880215172284203  0.74598121124447148  0.75307555350765665  0.76014624397422037
  0.76711546685462151  0.77400814864906653  0.78083017491461060  0.78765600235759858
  0.79445221152047774  0.80120912973344327  0.80788916846705316  0.81452139389106937
  0.82107357327158492  0.82754491772854843  0.83399830494293326  0.84041903098249138
  0.84676224908809761  0.85297897595066552  0.85906383377199413  0.86507661267353542
  0.87104461092360508  0.87698011313545399  0.88289538976739890  0.88877457682953798
  0.89461565309085134  0.90042782497801332  0.90621563645907055  0.91196420008873635
  0.91767408894465163  0.92336487966977265  0.92902317359653630  0.93465698750748172
  0.94025636335852170  0.94582046435047540  0.95138696414798762  0.95695436853409444
  0.96248406973547440  0.96795481634449509  0.97334113268987210  0.97866573355569297
  0.98396343502144656  0.98930277322673765  0.99463248865858966  1.00000000000000000
 -0.00232509068967848  0.00908825898584583  0.01933195402076884  0.02962313903802489
  0.03992142882131160  0.05023150965833580  0.06044630686753613  0.07096760451059539
  0.08136756552761451  0.09203556267545554  0.10257089830699843  0.11309978752073019
  0.12378438079188084  0.13444870899384964  0.14488954298471163  0.15526520316047615
  0.16567842912616917  0.17629617192111929  0.18677024111904086  0.19724705062814590
  0.20755611116404685  0.21795167564755552  0.22832860941627364  0.23891866813402582
  0.24974558532224039  0.26047595450936484  0.27132556986928547  0.28211915501880058
  0.29278817799141038  0.30302268183496583  0.31341002003118718  0.32397320693651510
  0.33458335919196741  0.34511144339510336  0.35563126172933457  0.36616350911284690
  0.37671007796097272  0.38744758950387453  0.39815070019318610  0.40882266181764487
  0.41938101283199020  0.43009264201967312  0.44071260722169497  0.45132699675152976
  0.46198759295013259  0.47258170483403683  0.48315629866204712  0.49362060312885653
  0.50417796966313999  0.51478100742120547  0.52534488124034506  0.53582750251261335
  0.54641715326140061  0.55727277121918484  0.56803265873738151  0.57851739678942349
  0.58909632112131050  0.59979432137367272  0.61062541846405838  0.62132276808323039
  0.63187767197048439  0.64240041291753380  0.65286467618091748  0.66341286220869489
  0.67394170577756929  0.68460150194691372  0.69521576046376510  0.70576554223147625
  0.71615368473412189  0.72656205378592187  0.73698406512494918  0.74751081490776949
  0.75813247252912208  0.76860500972450352  0.77900012610133917  0.78933060805580324
  0.79978468136733982  0.81027406011420688  0.82100191982495563  0.83186260763672937
  0.84251963269139740  0.85310866697492904  0.86349259662841038  0.87390524422952032
  0.88424657311253796  0.89463043033427814  0.90517306622700100  0.91578277079789117
  0.92615990226660683  0.93682878560438665  0.94732123762699649  0.95792767517709876
  0.96866788277461013  0.97927562140564994  0.98969966277186672  1.00000000000000000
 -0.00213550449525263  0.00867414566517689  0.01838173871781561  0.02910720599726784
  0.03949101512578749  0.05031928270788714  0.06082508000322091  0.07150702476999840
  0.08194857012086576  0.09259638648444975  0.10334390348803149  0.11415366597165899
  0.12462993388423918  0.13508500995948522  0.14540820716615352  0.15600040776587382
  0.16656950286388994  0.17715911315885347  0.18793493659834898  0.19856687509912313
  0.20909713709937691  0.21939626056987455  0.22981480607195504  0.24046129476389730
  0.25121276730122033  0.26188738021643165  0.27244959298670868  0.28309563397454884
  0.29361750016949295  0.30413766014573079  0.31464676049968077  0.32521593359182305
  0.33572520034150061  0.34619467845819651  0.35677769786373359  0.36728260276783081
  0.37798795633176629  0.38854625560466771  0.39917198873608567  0.40951609700465053
  0.42006363757338938  0.43065807135160322  0.44137326729948351  0.45221218616130149
  0.46277908808231527  0.47311236334881829  0.48352812156223179  0.49388706158600354
  0.50436881326594474  0.51472257594123982  0.52511212655136796  0.53570869358868045
  0.54623705519370302  0.55691387091462830  0.56746732121713073  0.57790397482570788
  0.58846720436047917  0.59895497414220089  0.60955715622716855  0.62010845192993636
  0.63069261354201323  0.64106358211016923  0.65168721400541685  0.66224388874315265
  0.67293585866564998  0.68342275443497846  0.69413117947947423  0.70493898453104342
  0.71556627543899576  0.72602669730463054  0.73645369428883145  0.74703000555203380
  0.75755855238409842  0.76818429832721513  0.77867464449199597  0.78913543254093421
  0.79970406010222939  0.81022891962395394  0.82109505203944899  0.83155322834030609
  0.84218086667472025  0.85260743513930781  0.86331946384838931  0.87372178626256181
  0.88440439164888984  0.89508235323086116  0.90574285719571979  0.91651356773516290
  0.92686120772013092  0.93728450379637263  0.94754750769491858  0.95784193843492604
  0.96859545573675943  0.97887025876032663  0.98958702757263906  1.00000000000000000
   6.6582314483479439E-008  -1.0000000000000000     
 F F F F F F F F F F F F F F F F F F F F F F F F F F F F F F F F F F F F F F F F F F F F F F F F F F F F F F F F F F F F F F F F F F F F F F F F F F F F F F F F F F F F F F F F F F F F F F F F F F F F F F F F F F F F F F F F F F F F F F F F F F F F F F F F
  <DiscreteSampler_grid>
  grouped_processes
  1 # 1 for a reference and 2 for a running grid.
  10 # Attribute 'min_bin_probing_points' of the grid.
  1 # Attribute 'grid_mode' of the grid. 1=='default',2=='initialization'
  0.0000000000000000 # Attribute 'small_contrib_threshold' of the grid.
  0.5000000000000000 # Attribute 'damping_power' of the grid.
 # binID   n_entries weight   weight_sqr   abs_weight
    10   10   1.465889550748308E+004   8.532903193442647E+008   1.465889550748308E+004
  </DiscreteSampler_grid>
