  0.00223290106428592  0.01663744977372056  0.03029684542492129  0.04238335703202124
  0.05409374187107673  0.06557548175320914  0.07685947659188026  0.08793208188321604
  0.09905096580934106  0.11013834477270348  0.12125738866515293  0.13223233266330331
  0.14327630218524584  0.15428712074130801  0.16526033593503087  0.17626815391610332
  0.18733315873536141  0.19828016032173609  0.20908651747764870  0.21973793627661767
  0.23050352896535539  0.24137131276216856  0.25235346612812837  0.26310642719225769
  0.27369384809766278  0.28411104040217899  0.29454146648909857  0.30506956572634170
  0.31578622588350858  0.32655582384067028  0.33722974850213328  0.34783457259077227
  0.35841296815099033  0.36906213751997163  0.37968590080506892  0.39025238045369476
  0.40081109667123294  0.41138998182850484  0.42192495780547057  0.43236926450839497
  0.44278508408554473  0.45328747917535650  0.46374039178800408  0.47407677588115799
  0.48453449803252546  0.49499228009687296  0.50529399010702203  0.51540782596533041
  0.52571755446302304  0.53620772992633603  0.54675121973085250  0.55719897163074705
  0.56769270648037362  0.57819956704670816  0.58876746761805621  0.59936142844431706
  0.60991502346070581  0.62048034818870601  0.63106036744410343  0.64172437704156904
  0.65227634044699057  0.66262597750926644  0.67281700876572237  0.68295441238944743
  0.69309029670686617  0.70327813813647566  0.71356029558253031  0.72396132004602298
  0.73435610378907967  0.74463756326336372  0.75494018033553989  0.76532917592085836
  0.77578876658416829  0.78617615280874842  0.79643159873794989  0.80665461382772952
  0.81688593522109609  0.82717606143561317  0.83738741862430266  0.84735008001672585
  0.85722653994867437  0.86688407977948567  0.87657338432363974  0.88636987645293586
  0.89618076379392209  0.90601344832045716  0.91585409531420570  0.92573383113363439
  0.93557583922410981  0.94519104781814400  0.95453053236676155  0.96372931398504402
  0.97254390292402149  0.98069679115400610  0.98868993000075300  1.00000000000000000
  0.00240533761106713  0.01620497365127549  0.02942943055581809  0.04103626188518336
  0.05224001414346226  0.06320309589881309  0.07413419292809396  0.08507489819968655
  0.09613677708912344  0.10726434901570334  0.11835226848883565  0.12936012599037341
  0.14026087923689956  0.15113273909292455  0.16203541086522130  0.17288840321922172
  0.18362572891149204  0.19424408203961505  0.20483072734767740  0.21536409858107908
  0.22574903435209936  0.23623343746514597  0.24679796816896798  0.25739289610374649
  0.26796751270725139  0.27859497418005885  0.28921560835495758  0.29978165903658877
  0.31031298730069323  0.32083105932234629  0.33139018664401854  0.34199212137389917
  0.35260003503899495  0.36310890295817205  0.37360987615883318  0.38416459533351810
  0.39476661323073120  0.40535061316686111  0.41595248649005873  0.42655242823805101
  0.43710159484421868  0.44755661893946735  0.45788065567858632  0.46816219630022404
  0.47843802527510504  0.48872503892082925  0.49901206890844085  0.50927231360069314
  0.51951602617465886  0.52973558217552108  0.54002561650890990  0.55044363265836493
  0.56093200814916688  0.57136868704133370  0.58175683961072777  0.59215790662614964
  0.60254397503631296  0.61284301482982340  0.62308461915860125  0.63336576776043896
  0.64371085082195778  0.65401048691187391  0.66422407549835860  0.67445902135954050
  0.68474476145268337  0.69502188266501896  0.70525195016801823  0.71549848513616898
  0.72581058524169650  0.73617578550821205  0.74656665906296926  0.75693379809373329
  0.76726119970795426  0.77753855189128451  0.78778698954296567  0.79803070119665520
  0.80821448447417055  0.81837463619423867  0.82856282240265167  0.83877530048581339
  0.84902415209719506  0.85927976336146772  0.86953443401519381  0.87970697703903389
  0.88971356295193926  0.89968736767809288  0.90965842043891232  0.91958806673944182
  0.92946669341519750  0.93925380658349256  0.94892694435842562  0.95841860734566564
  0.96762196777153520  0.97646625921919528  0.98478945796872752  1.00000000000000000
  0.00493819244570812  0.00660529780507661  0.00814529168390266  0.00956869072981075
  0.01089828580358388  0.01223363846086514  0.01337316364985782  0.01444140878047070
  0.01559280762758712  0.01682666616450652  0.01809872691672794  0.01939061076229837
  0.02073312902324366  0.02216972535209395  0.02339648297651750  0.02459856450508710
  0.02576140653999259  0.02680460523517556  0.02783519205050705  0.02904352626788948
  0.03030968197063378  0.03158581836125969  0.03290114833832674  0.03423645568532942
  0.03558235264438799  0.03694487711855916  0.03833829865496075  0.03978695703499240
  0.04128729050980270  0.04282336479518266  0.04438653642504523  0.04599378868652770
  0.04766310067901486  0.04940507564869957  0.05119923198373462  0.05304304302804488
  0.05494684277956810  0.05693300941019055  0.05899944357307513  0.06113164695172801
  0.06333872753951612  0.06563409782932034  0.06802934707536834  0.07052285812939567
  0.07311021367553054  0.07579155803998777  0.07856835208260769  0.08143272338962232
  0.08437413501638429  0.08740442471350728  0.09055288034364123  0.09384048732799019
  0.09725660321194134  0.10080235104235877  0.10449252636789451  0.10834386055364850
  0.11239068964734560  0.11663479893334233  0.12108567037563410  0.12573386554597715
  0.13056485992903877  0.13560610846914664  0.14087072748731472  0.14640867484166095
  0.15217632707187925  0.15818442094393562  0.16445827841736096  0.17108425875936928
  0.17812304230105278  0.18553818157361071  0.19331671820655064  0.20147366554411225
  0.21011252645203407  0.21926386276398957  0.22909359148104286  0.23961266752142579
  0.25072928481890105  0.26243778808117546  0.27496178851088948  0.28851955143724500
  0.30307716621035585  0.31854470276545238  0.33525749515074521  0.35353429819006088
  0.37355626064034081  0.39515053196341454  0.41870153270338184  0.44506897387882249
  0.47494667888468778  0.50894652927838624  0.54809732468519257  0.59483721642244869
  0.65376916699393051  0.74060675903930906  0.85893660621662726  1.00000000000000000
 -0.00105968248260525  0.00402088160203483  0.00922793431829770  0.01443947490331037
  0.01973280463240934  0.02514478341315773  0.03062902384622617  0.03613910924219885
  0.04163941704231168  0.04713260496741753  0.05261105895060023  0.05812252463346055
  0.06371482094561054  0.06938917448733591  0.07513962719232008  0.08093162722018826
  0.08673984705964176  0.09256538598398262  0.09842151773537371  0.10430626143045138
  0.11021903486546128  0.11619592018926157  0.12223106907897142  0.12826081031691192
  0.13429224790503350  0.14037259151607948  0.14650748761166005  0.15270192282386411
  0.15892431617369615  0.16519847419210049  0.17158781323396233  0.17802062504724828
  0.18447601126692900  0.19098967280021759  0.19756923142689811  0.20417987688475500
  0.21082173745125496  0.21750835562191526  0.22425791186969507  0.23111380556740133
  0.23805655722694652  0.24508437442620407  0.25224404061848282  0.25946022757375659
  0.26675052570773133  0.27409419353241898  0.28151970154190686  0.28908043370803144
  0.29676239026039175  0.30457468631274015  0.31246132767694168  0.32044359827295082
  0.32853183231769106  0.33674421315206499  0.34498702882505500  0.35324516096424319
  0.36167760404283433  0.37031819767761320  0.37910843708848152  0.38810575779073248
  0.39718060904760860  0.40635693641538967  0.41566153116037896  0.42504812408174303
  0.43454768672920407  0.44418061087106075  0.45401478590498529  0.46396640213182011
  0.47400832810297605  0.48430023144096590  0.49482635779508499  0.50585647691868785
  0.51725691313727773  0.52885896929356047  0.54066849255050198  0.55275566039660651
  0.56506556823732002  0.57749996944333082  0.59014032255047433  0.60324852792248951
  0.61710618531800687  0.63162810203320818  0.64674223912109507  0.66230946996884787
  0.67842579902211253  0.69527010512694720  0.71307807919178579  0.73193071972057089
  0.75188638730496105  0.77324924658184324  0.79659340212295615  0.82275294058125481
  0.85254333965737239  0.88774406332359590  0.93372374800321289  1.00000000000000000
 -0.00232689870949071  0.00915950194396044  0.01894302015583687  0.02988364409831424
  0.04069308511287160  0.05084902999972944  0.06109506748378435  0.07135678864630202
  0.08176260438749788  0.09206064359642926  0.10216556195190492  0.11257318433424959
  0.12325284124252843  0.13386665365409911  0.14451849704445843  0.15520967357789567
  0.16604295801018323  0.17675527305117458  0.18729552150366821  0.19788067310221213
  0.20864790942175407  0.21960731371139894  0.23039698793242525  0.24099693200536584
  0.25154044849671109  0.26206066584018178  0.27249437280777045  0.28290681712241650
  0.29343804934951617  0.30404853207526811  0.31457079457191661  0.32502305566171324
  0.33551093090813838  0.34599411038063271  0.35647897425234415  0.36695754451802359
  0.37747648059759170  0.38801193624654851  0.39848028352826903  0.40900078947324175
  0.41950102536260847  0.43012382973913965  0.44070626750514891  0.45147131658225403
  0.46222790835105587  0.47311681035817765  0.48381202775835064  0.49452516429857313
  0.50506840591128932  0.51543478337287796  0.52594801492757448  0.53649505083057758
  0.54715672377493429  0.55768282718679951  0.56837452870022642  0.57900853084084825
  0.58963968747714068  0.60001584774550987  0.61058539540962908  0.62114118881837188
  0.63182056148484200  0.64244085436214615  0.65292628511254125  0.66313792743695255
  0.67360528176750356  0.68407820854808576  0.69468471842734547  0.70536958908854175
  0.71601099206201890  0.72681072951934933  0.73724174970294010  0.74790354650734481
  0.75834928238733423  0.76893414613175981  0.77952551987566698  0.79015671760771611
  0.80075828665109816  0.81140232260764555  0.82177124182746752  0.83235465191375624
  0.84293707260167494  0.85363593967820550  0.86407360891159857  0.87427485801993687
  0.88470369191633280  0.89507317030033073  0.90582056314327719  0.91658497392959193
  0.92738641397324240  0.93801194465485516  0.94861222131633838  0.95898191725133575
  0.96921233596837864  0.97946916208197010  0.98969642656606105  1.00000000000000000
 -0.01421942724369625  0.06407460378531958  0.10926021930115506  0.14450487627749545
  0.17443594744535110  0.20084862063149653  0.22456942530456883  0.24608292673585094
  0.26605272663302842  0.28494114587707353  0.30289340398671066  0.31989169081359098
  0.33615728062278805  0.35173887042704705  0.36664994188073585  0.38101255810408657
  0.39499608681948656  0.40853756593884832  0.42163611838662357  0.43435160391629374
  0.44660955013130105  0.45857230226824847  0.47028197600842947  0.48174984216938033
  0.49296517077873214  0.50399034073631843  0.51473632073059739  0.52531312710689892
  0.53562384361035886  0.54583985233736698  0.55570305595455483  0.56545898957591911
  0.57510639803030483  0.58445728375540462  0.59364452281448943  0.60279922168266664
  0.61188551874840169  0.62075014908276072  0.62938037896623511  0.63780304369867080
  0.64621984414952616  0.65456325034155138  0.66280174309676076  0.67096449559599969
  0.67907387687338783  0.68708078584502230  0.69492798922726595  0.70264464679348204
  0.71028225599188199  0.71782947830878752  0.72531082462041763  0.73270078081411272
  0.74005531483747111  0.74735534147159965  0.75458191443690215  0.76170686935111243
  0.76872909898778652  0.77563119828498583  0.78238751223439129  0.78912325276400608
  0.79584293463985334  0.80251459750204790  0.80907816752310346  0.81554901796075219
  0.82199097749155614  0.82841253560975148  0.83481095663382221  0.84115219460364077
  0.84743022907463772  0.85367432325957171  0.85989845304566837  0.86610253114282554
  0.87223496843879744  0.87823896080716313  0.88415735530548478  0.89006892667431536
  0.89595164686206907  0.90173623659787383  0.90743884146203013  0.91310737179550183
  0.91875769095289261  0.92436725119635221  0.92994280826123599  0.93549081951192781
  0.94102499449206189  0.94655760052491855  0.95207711694607189  0.95757186167754060
  0.96303924399916885  0.96848849418923710  0.97390110786792528  0.97926451977011053
  0.98452401495312380  0.98972237226061821  0.99490478807663740  1.00000000000000000
 -0.00222678615372153  0.00890210021092116  0.01891265639561813  0.02943994061035048
  0.04008373553829098  0.05039342111669864  0.06085876218507268  0.07139478725836278
  0.08193181568622696  0.09271462098258020  0.10310267145291226  0.11386560717204905
  0.12446006884501441  0.13536632893661943  0.14639460477833130  0.15675017607492603
  0.16726891875092109  0.17780635489898081  0.18832049482897195  0.19867492006647661
  0.20893485660613698  0.21935142215198233  0.22998502646444011  0.24047288802403563
  0.25098354479831009  0.26155353423418637  0.27217207500506607  0.28272779634016521
  0.29320259096045276  0.30370613328473378  0.31457660851368408  0.32501114692183791
  0.33562756192330684  0.34603537692183950  0.35673254305465191  0.36735308912411241
  0.37802281884325539  0.38877218817959769  0.39937680735978676  0.41000151589167866
  0.42056259651662259  0.43120297294796506  0.44175338572275485  0.45244950699966824
  0.46310467839221020  0.47372127661984814  0.48412141400350128  0.49445620652026728
  0.50485368452354995  0.51540865729379715  0.52617881341562189  0.53693899378697241
  0.54767447918154299  0.55842564878109302  0.56908818435800190  0.57984131281761941
  0.59036679250716373  0.60102441976118581  0.61149478498876830  0.62219321651154202
  0.63255358794837624  0.64325224176708706  0.65345135318418668  0.66395045061083413
  0.67425891150192263  0.68459135556628004  0.69490615869715400  0.70521769833976966
  0.71558026265018471  0.72608089859663394  0.73640010966769398  0.74653476657081774
  0.75689685425308917  0.76724806587883931  0.77755957591600688  0.78790878561382627
  0.79847239224832089  0.80921876155604466  0.81984331153764445  0.83036542072700459
  0.84087432111812199  0.85152184187016344  0.86228543995010754  0.87305506153919754
  0.88369363568723724  0.89429520060954537  0.90511824819160691  0.91590692217772995
  0.92657953189812170  0.93714535693446077  0.94780521364887749  0.95819512698273646
  0.96864387758697745  0.97882089580657861  0.98957916267687485  1.00000000000000000
 -0.00233815083308396  0.00935721351736720  0.01924148631223110  0.02997970011239475
  0.04046504238122917  0.05071752090607241  0.06118104263944801  0.07168122515489443
  0.08235493864993580  0.09289126513768237  0.10372403738723592  0.11456519195692294
  0.12520799909049363  0.13583028142587217  0.14634285524655455  0.15683689061875916
  0.16734826607346356  0.17790434215560111  0.18856582528713964  0.19936095939890155
  0.21007392268406258  0.22078085421208024  0.23149582100407604  0.24228778256036518
  0.25304837097227223  0.26374339331640628  0.27447327262327798  0.28516008182424635
  0.29580582496805657  0.30640257028163320  0.31700269513681617  0.32753921429098948
  0.33804772870617694  0.34851680281435032  0.35916096579555412  0.36967028578812416
  0.38014985770784665  0.39050339116023836  0.40093694526568241  0.41139959421618000
  0.42185453868370887  0.43226119047681416  0.44269084145139753  0.45314445720787982
  0.46350741561249131  0.47401830079000223  0.48449806103751231  0.49501304826306486
  0.50561639012109449  0.51622049300603001  0.52676791904644460  0.53713738416448942
  0.54765614003158192  0.55808116903664873  0.56831764421215314  0.57838869085483857
  0.58890187252923032  0.59914483630166016  0.60950384223004039  0.61991010952471870
  0.63045145773919065  0.64120645809248422  0.65174998200500034  0.66228944824991487
  0.67285261737382518  0.68346024019037543  0.69418137872121166  0.70478362574377795
  0.71519608558097814  0.72576458322510728  0.73628814696435507  0.74704560586219115
  0.75752837893201119  0.76814157206404809  0.77869851728869721  0.78944741147113062
  0.80012011864707600  0.81066445135173482  0.82113933682624429  0.83176065078624428
  0.84222328018265458  0.85266242547287185  0.86314157343582443  0.87391188227598771
  0.88438492978246408  0.89476927920983462  0.90515803342101375  0.91576813318795747
  0.92630046447545267  0.93691213640561744  0.94757760209955388  0.95807775427127717
  0.96860198086069937  0.97893981851167633  0.98950495032749575  1.00000000000000000
   6.6740743808012081E-008  -1.0000000000000000     
 F F F F F F F F F F F F F F F F F F F F F F F F F F F F F F F F F F F F F F F F F F F F F F F F F F F F F F F F F F F F F F F F F F F F F F F F F F F F F F F F F F F F F F F F F F F F F F F F F F F F F F F F F F F F F F F F F F F F F F F F F F F F F F F F
  <DiscreteSampler_grid>
  grouped_processes
  1 # 1 for a reference and 2 for a running grid.
  10 # Attribute 'min_bin_probing_points' of the grid.
  1 # Attribute 'grid_mode' of the grid. 1=='default',2=='initialization'
  0.0000000000000000 # Attribute 'small_contrib_threshold' of the grid.
  0.5000000000000000 # Attribute 'damping_power' of the grid.
 # binID   n_entries weight   weight_sqr   abs_weight
    10   10   1.860278381374540E+004   1.572214097502387E+009   1.860278381374540E+004
  </DiscreteSampler_grid>
