  0.00233814449643138  0.01636517850590867  0.02998182138775078  0.04202684793288457
  0.05365481593930512  0.06490106145411131  0.07596934465244988  0.08707917629307541
  0.09837017555826476  0.10962053183195410  0.12077691098385732  0.13169955375151951
  0.14240189703030298  0.15304105069040808  0.16360924354395828  0.17413862119745049
  0.18472123061750284  0.19534440857675175  0.20597538925160755  0.21651221799719619
  0.22704178283590576  0.23761424987662186  0.24819027968980337  0.25886606336688511
  0.26948517631438718  0.27999802283578690  0.29043318617038455  0.30089363032203531
  0.31149760157047562  0.32208264886866594  0.33266175575502588  0.34319641816392538
  0.35380035555640144  0.36436059873190391  0.37488653883362077  0.38542608241165666
  0.39597752803049807  0.40651681697523823  0.41702735671662738  0.42753672760828737
  0.43803518502992705  0.44848881651666672  0.45896380203653248  0.46950406961118213
  0.48012662841873799  0.49073210741991763  0.50129921122500787  0.51179635853256522
  0.52223948669339504  0.53264594078052740  0.54309119674154549  0.55357596709826895
  0.56404057848209155  0.57450419558232146  0.58499183317702197  0.59549339341921770
  0.60596642421867009  0.61636297735006096  0.62671597315029681  0.63704344757512055
  0.64734286687302822  0.65758311831360394  0.66781195166986884  0.67810380535896941
  0.68853868342523195  0.69902829174497472  0.70945528216851583  0.71981568682200048
  0.73016641238544921  0.74058614616171492  0.75101380545564445  0.76143385956841814
  0.77180104507756531  0.78210321516134473  0.79234825509245199  0.80257673035856714
  0.81279708037370857  0.82301118899737347  0.83324846621776549  0.84351780983322155
  0.85376556643388790  0.86392911436095454  0.87400289480506332  0.88400339076371259
  0.89400314851369145  0.90399332939760091  0.91399029884235305  0.92384586335219154
  0.93357284362631821  0.94317578052639983  0.95271602497270125  0.96210594309044528
  0.97112877676455100  0.97945422445069241  0.98752357331153517  1.00000000000000000
  0.00234041039116083  0.01655481385458814  0.03027193985948738  0.04230959525576693
  0.05382677549992515  0.06523180028040733  0.07660667429917481  0.08801065310682708
  0.09944236260222633  0.11071973689398804  0.12199785620228365  0.13315190639995234
  0.14422292532441208  0.15521506436365529  0.16594163816881272  0.17675362791949095
  0.18742295445207718  0.19830810478632419  0.20912734379517928  0.22010289042908829
  0.23101077241630694  0.24176468471478429  0.25252000971169281  0.26331686158467271
  0.27415891579459584  0.28488374818488260  0.29564164732961062  0.30635480767290302
  0.31711618040389056  0.32779326743040171  0.33856999231594687  0.34914351726618875
  0.35966996212709718  0.37020797575304326  0.38095151884388578  0.39174368241506879
  0.40254812890544922  0.41325935924491597  0.42388623568235306  0.43442947172933133
  0.44499702589639489  0.45554882776946581  0.46608983355706279  0.47686334380830175
  0.48749348978865048  0.49814730097505605  0.50867463880244013  0.51933121918119329
  0.52990057897083787  0.54037605815659961  0.55092049069326976  0.56151996629847545
  0.57206979495289456  0.58267209219056004  0.59295438560531122  0.60321498190053147
  0.61357718030130037  0.62405833577768566  0.63441404807015744  0.64474950934582043
  0.65522012542180230  0.66588747431755424  0.67624058364936424  0.68658416307293013
  0.69696523962888512  0.70742556828812286  0.71781941836481777  0.72817576043234800
  0.73849930961654298  0.74891384653406279  0.75926334701667753  0.76965603735994448
  0.77989962907880328  0.79001869668260960  0.80027013391899660  0.81049003838453371
  0.82072012218426960  0.83097023021420191  0.84131782885700801  0.85157544670591911
  0.86165413909113320  0.87169895467962111  0.88194498473683280  0.89223337872845276
  0.90242813896181140  0.91246558462080818  0.92242246318713395  0.93214725610093718
  0.94166622912867803  0.95101547348613358  0.96026685623874619  0.96936044573624591
  0.97809841845766421  0.98620673899920752  0.99351382829039891  1.00000000000000000
  0.00801221287132355  0.00921852793300332  0.01013162362228000  0.01109327260553178
  0.01211084605044111  0.01318245282217626  0.01433482858123270  0.01554333113261028
  0.01675304855052573  0.01798696185889979  0.01923639227865249  0.02047603786088844
  0.02171598321422822  0.02299620626841452  0.02436601485712627  0.02564553102428932
  0.02663314409441425  0.02763925550335696  0.02882491308085845  0.03006045105328605
  0.03130773526865854  0.03258150825171358  0.03389472755821236  0.03524546371199386
  0.03661913788175968  0.03800903594232967  0.03942553727382127  0.04089638045111822
  0.04242420051507692  0.04400433399645160  0.04562490340326875  0.04728698412468656
  0.04900417031626521  0.05078128433425813  0.05260533426011592  0.05448897655648215
  0.05643062899493903  0.05843832008125298  0.06050995278098660  0.06266082583522813
  0.06490869654370750  0.06724624002940152  0.06965749253198826  0.07213904505394712
  0.07471133396423538  0.07739805924979476  0.08019269260466286  0.08306539247611626
  0.08603557803495770  0.08913040966207014  0.09237884786609254  0.09575883366083492
  0.09923241306070665  0.10282927544015472  0.10660796221691299  0.11058365841436174
  0.11473345452543243  0.11902424941345892  0.12343510355003164  0.12799441760899910
  0.13279947490903773  0.13788959367295200  0.14323434847569463  0.14878806080798096
  0.15460390849412109  0.16073619767281719  0.16714760648964494  0.17395761993505618
  0.18114809870324858  0.18870977977546494  0.19658657415347805  0.20492325100903810
  0.21379621005309324  0.22319963202101975  0.23311060067781067  0.24355960935379864
  0.25472926652863087  0.26661136573059119  0.27932894475201431  0.29288582254425249
  0.30742616546959023  0.32322431182144418  0.34036821097537873  0.35883639294458569
  0.37877230323472044  0.40048334006620523  0.42416635284454418  0.45046724100499097
  0.48019537201905726  0.51399038034993727  0.55279521525309572  0.59929273808445638
  0.65842853516612831  0.74675644909838668  0.86400966125430956  1.00000000000000000
 -0.00109430759204620  0.00413281989659486  0.00947708127528807  0.01477506522077503
  0.02013081406609491  0.02552223714884448  0.03092053633941765  0.03633107711140047
  0.04175608796849572  0.04722569489953513  0.05274263732244615  0.05831418751602586
  0.06391657864794109  0.06954507656139318  0.07519733334010832  0.08090561279343199
  0.08666530557134711  0.09245639501027382  0.09826534948836796  0.10412891199831838
  0.11011993161973314  0.11620210378200557  0.12230603539717939  0.12844078196565484
  0.13462934725175416  0.14085844728661526  0.14709867866234602  0.15336297518942046
  0.15969810757698352  0.16612974202180597  0.17258045317974105  0.17902941371604966
  0.18554900407233915  0.19213464648569104  0.19875645106382361  0.20546493595924950
  0.21223687960850621  0.21907731350820112  0.22599906382142484  0.23297386529611316
  0.23994907494599624  0.24690920508834729  0.25391917631936584  0.26104081934228934
  0.26831625845176799  0.27569658716794337  0.28318919304122436  0.29071405813394191
  0.29835214815798500  0.30609862113709474  0.31392541541608104  0.32177113182724187
  0.32967942210688256  0.33771805529036719  0.34600934646261072  0.35446806663523023
  0.36302013953561618  0.37163171334715034  0.38018105129181984  0.38876583892481126
  0.39740661382052395  0.40619496873320415  0.41519043316370791  0.42436664160105364
  0.43369673576951401  0.44333185801575947  0.45322675303379567  0.46333941623557356
  0.47362716259322940  0.48409871658126469  0.49473795751584970  0.50564954825816544
  0.51682106216539825  0.52833937498026273  0.54005198379636665  0.55209907583676032
  0.56444965489073384  0.57717256857980082  0.59025284548696122  0.60376303791524444
  0.61767224910858365  0.63210840657777612  0.64690493350378198  0.66237778618697385
  0.67858525653289858  0.69585639117763998  0.71395576411079753  0.73283465510292867
  0.75272857753044542  0.77406531301856230  0.79732267684801150  0.82309700330958313
  0.85235668588160907  0.88693012127853332  0.93250441821415708  1.00000000000000000
 -0.00226434445100109  0.00903002585512284  0.01890154760636721  0.02947783613420810
  0.03999500116802129  0.05061197728009754  0.06150596598902038  0.07194508254994780
  0.08252526537184333  0.09264861402388833  0.10297342848608235  0.11331967997969145
  0.12373933525345310  0.13432514707922222  0.14501094284851310  0.15550475773329095
  0.16610870827489141  0.17651465411899037  0.18710210286626272  0.19764778631170213
  0.20824131689897835  0.21903555650594747  0.22963003882109015  0.24024757442650835
  0.25078291284672605  0.26151925033184542  0.27218721243144184  0.28280534556329273
  0.29338356227140833  0.30408233091210379  0.31473620693386745  0.32529346099051865
  0.33580738123999709  0.34625207442948502  0.35682996124707617  0.36740347413499541
  0.37798828110290417  0.38841214466356005  0.39888402655321048  0.40939506884034099
  0.41980683800702134  0.43011161403492626  0.44036997294481717  0.45083056122158188
  0.46121134840996775  0.47169463858152183  0.48204879740772882  0.49254536343759348
  0.50304091525546746  0.51349546911179444  0.52381832979798459  0.53425263405275181
  0.54491511567809592  0.55563480002302146  0.56628403952242201  0.57680320125800999
  0.58744372018390267  0.59817370120617852  0.60892028702911849  0.61961780078646178
  0.63023028419062488  0.64083666946213191  0.65130651876042123  0.66171310164366814
  0.67224589475401919  0.68277484295164859  0.69332565289061154  0.70395057853848442
  0.71459064470965994  0.72540258835800397  0.73601466463352661  0.74667868894074896
  0.75720407437384818  0.76788644427775721  0.77860087797045752  0.78925980957237107
  0.80011741455297125  0.81083812256420951  0.82125924700749942  0.83168346321400866
  0.84214687547331391  0.85271109600442130  0.86299555616876689  0.87334581320295368
  0.88385819769062246  0.89451702229610086  0.90510465302673915  0.91563977425014653
  0.92610610469373422  0.93662831137759983  0.94720572513840839  0.95801201041455331
  0.96842933906019679  0.97900035131142527  0.98925115712039136  1.00000000000000000
 -0.01413059001961250  0.06327424708763421  0.10913506735625961  0.14497353036296201
  0.17497825533787187  0.20115500117002261  0.22437606579112945  0.24572045080428198
  0.26592315616804640  0.28495469691759795  0.30289312100381005  0.31971261122935135
  0.33580814071013038  0.35150626545816449  0.36658658482004336  0.38098813111967705
  0.39494141660306242  0.40847481844477285  0.42150823831494733  0.43403938062121145
  0.44622416850977364  0.45814945204978746  0.46975172436697377  0.48113764056409686
  0.49230557695156096  0.50317172578207092  0.51374813292424326  0.52418165641465930
  0.53452376060423379  0.54470571537271151  0.55462161810743682  0.56431151967445214
  0.57379020529490354  0.58311649444848312  0.59236453328670835  0.60149574859974719
  0.61054515146156041  0.61942064486056436  0.62814065505085870  0.63672047218495131
  0.64516044744108880  0.65349347468979158  0.66174200834627583  0.66991672000600877
  0.67803553927872418  0.68602445754421582  0.69385835522579420  0.70158584573000160
  0.70908019148233770  0.71646485401633608  0.72377225577398352  0.73100085016146932
  0.73814166087853716  0.74516995335727443  0.75220631913289426  0.75919989900383744
  0.76612623045063932  0.77306047288674229  0.78003499790179454  0.78694376865817195
  0.79376567247967689  0.80050717687074247  0.80718435252251675  0.81379242367705484
  0.82035911360112157  0.82685633473736775  0.83326161436638713  0.83951675031515582
  0.84569868954042149  0.85186948966948328  0.85797144873079034  0.86401311231849931
  0.87002313826210165  0.87600800753934482  0.88196940056071127  0.88788644994833799
  0.89377494324816853  0.89970442322857846  0.90563985478615905  0.91151119696785066
  0.91734200869680538  0.92310649094103059  0.92878591438057589  0.93441592523583261
  0.94001503527804875  0.94560293313715027  0.95119245536107200  0.95677142290377670
  0.96232049519264717  0.96782631669326080  0.97325686725425431  0.97862005636454230
  0.98397151918548975  0.98933321437796096  0.99464927827896221  1.00000000000000000
 -0.00242262037236609  0.00937736523109451  0.01963243034255404  0.03046264279734272
  0.04126583147311150  0.05185903505675140  0.06234129548178005  0.07317955663744204
  0.08393637941652730  0.09463600943683542  0.10513159566671071  0.11577515447963815
  0.12630060394787698  0.13657436308955764  0.14690011636011593  0.15741491326745302
  0.16795150417270394  0.17850542456041449  0.18902064393648793  0.19956311413636052
  0.21010749021117284  0.22085521243323664  0.23147175103456136  0.24201279450353302
  0.25249003337338932  0.26349161458430254  0.27439105191284058  0.28488188431465578
  0.29549268715580668  0.30583836555991756  0.31615658580369160  0.32625134837116643
  0.33641006329400491  0.34667271796656296  0.35697945058390512  0.36731496800650559
  0.37779752359800606  0.38835587399040777  0.39897071825187425  0.40942812590221456
  0.41986338063744050  0.43038371735597913  0.44098910295229460  0.45148840565054338
  0.46186096472777777  0.47219425092317047  0.48269022318278254  0.49314704377691404
  0.50364116319777341  0.51420931230353795  0.52477440995325220  0.53546119782250556
  0.54605323419743823  0.55668412143212020  0.56733413574795699  0.57801881187743609
  0.58871071399181485  0.59928104006366367  0.60971166637845731  0.62013766508858892
  0.63060054783505526  0.64119866536412518  0.65189504890707917  0.66258233231359265
  0.67339540871642423  0.68398612394828928  0.69451074697854165  0.70492437612632541
  0.71549332915486763  0.72615979534658182  0.73678524411394808  0.74728021727168192
  0.75796010665469771  0.76860635392002419  0.77922331477012086  0.78980669802493553
  0.80049795290188974  0.81127003693640376  0.82178656758886348  0.83229819707099972
  0.84288917009770847  0.85349129842803373  0.86397017327482595  0.87441795103129016
  0.88493319881453114  0.89543485235865405  0.90592639330219149  0.91633335403076932
  0.92687837417984398  0.93734769379420968  0.94768527746700881  0.95818226832028797
  0.96861080683483547  0.97921058849276532  0.98958210386852297  1.00000000000000000
 -0.00240370838509502  0.00946221017008072  0.01954257767318072  0.03022359921074635
  0.04075958978938760  0.05142153252046069  0.06215631885875925  0.07281132734753058
  0.08355273328633724  0.09411416737382196  0.10459266365943994  0.11503961766480643
  0.12550381245354972  0.13614008790536594  0.14673436543847393  0.15722814930536830
  0.16748360712778509  0.17782348023191483  0.18810630155448013  0.19870849427088991
  0.20898790220523297  0.21996435962295027  0.23085891528528149  0.24160529694385302
  0.25222823057923421  0.26261931767367280  0.27302008832886177  0.28317361832282290
  0.29358523945179454  0.30396908386422544  0.31436202377022371  0.32476252280515083
  0.33510335056785567  0.34568616249015599  0.35622279720214395  0.36677099089758908
  0.37738009338537948  0.38800438638608198  0.39859224721922015  0.40914792411878875
  0.41973929214909200  0.43045895020538044  0.44104678880135911  0.45160291519447776
  0.46224100494393261  0.47266685628464378  0.48319720253147508  0.49348866345067466
  0.50401338335001644  0.51450495970253962  0.52501212998464197  0.53550719534813873
  0.54609290694763690  0.55682097474210057  0.56741804175420241  0.57798229664655243
  0.58822805273398515  0.59872181844410066  0.60907538748878687  0.61987059312825454
  0.63048759656690201  0.64115563300024980  0.65165975832787781  0.66223809477328532
  0.67287172672310469  0.68340377189845836  0.69406840484133303  0.70466030717225536
  0.71532244208433549  0.72582625327471717  0.73635474550076996  0.74694475414949035
  0.75742622531255388  0.76790983873433838  0.77854112229083794  0.78914763208265670
  0.79964315524394858  0.80998575066547029  0.82033982575220343  0.83095018064028925
  0.84147697326128101  0.85221421843800016  0.86292409681197213  0.87349131606454511
  0.88396056374853627  0.89440723765150032  0.90500993123579276  0.91552857219668693
  0.92611533630161580  0.93662136840322208  0.94715396344041392  0.95764468501942812
  0.96854412914618460  0.97905102362481178  0.98959449177594017  1.00000000000000000
   6.6511545440048225E-008  -1.0000000000000000     
 F F F F F F F F F F F F F F F F F F F F F F F F F F F F F F F F F F F F F F F F F F F F F F F F F F F F F F F F F F F F F F F F F F F F F F F F F F F F F F F F F F F F F F F F F F F F F F F F F F F F F F F F F F F F F F F F F F F F F F F F F F F F F F F F
  <DiscreteSampler_grid>
  grouped_processes
  1 # 1 for a reference and 2 for a running grid.
  10 # Attribute 'min_bin_probing_points' of the grid.
  1 # Attribute 'grid_mode' of the grid. 1=='default',2=='initialization'
  0.0000000000000000 # Attribute 'small_contrib_threshold' of the grid.
  0.5000000000000000 # Attribute 'damping_power' of the grid.
 # binID   n_entries weight   weight_sqr   abs_weight
    10   10   4.665519822076812E+004   1.999972918112551E+010   4.665519822076812E+004
  </DiscreteSampler_grid>
