  0.00235363218965780  0.01627225984560764  0.02962953543486546  0.04164649347400606
  0.05307759589202803  0.06447615722670302  0.07598089911655762  0.08725601111806842
  0.09831110863955969  0.10937941199603093  0.12049783950617772  0.13147493007371180
  0.14250120855350754  0.15344420316329899  0.16443319029540715  0.17536025106562761
  0.18629012497483455  0.19706328426897671  0.20767961515353700  0.21816438983710956
  0.22884121569215116  0.23944436453060691  0.25012866081481883  0.26079698856638428
  0.27143129454138415  0.28201510172749672  0.29248708850019606  0.30295225039528323
  0.31335795930749216  0.32365472810209878  0.33394186039666046  0.34431974966163165
  0.35465922039313397  0.36494263989269493  0.37522477773325413  0.38568073037057538
  0.39612994914556093  0.40647037661070123  0.41676329491262831  0.42714994675175416
  0.43770018750705664  0.44840106948622127  0.45915120186170522  0.46986561205527955
  0.48043826706134396  0.49091460434648720  0.50140375235956258  0.51189931733260507
  0.52235711058459022  0.53273401494830919  0.54312238964333881  0.55354667577742578
  0.56398721796341000  0.57439040415134901  0.58481409387201422  0.59532964408006095
  0.60590662075182067  0.61641815658745580  0.62682561558729299  0.63718169225054744
  0.64751794709557386  0.65785428038906490  0.66818927192102406  0.67856968764266845
  0.68899121939967278  0.69935300099043196  0.70964030526556587  0.71988618997816001
  0.73008863307729710  0.74023587143929148  0.75033294607958778  0.76048063480386907
  0.77070608495340664  0.78099357562706340  0.79127347039287743  0.80152619590629037
  0.81170184894815112  0.82179411752886555  0.83183788738513498  0.84197591128029003
  0.85208624624038343  0.86222575052935113  0.87229427548908189  0.88227982659050719
  0.89213651329803745  0.90197768527337863  0.91186070883518988  0.92174663511494970
  0.93158087683441793  0.94122608990605172  0.95081427042736277  0.96017889057679495
  0.96919306416818929  0.97757657732759218  0.98555578818713918  1.00000000000000000
  0.00255726059895256  0.01591148597446027  0.02931921683393860  0.04147063082548422
  0.05314000840588193  0.06472174259359560  0.07608680009142661  0.08734450712913348
  0.09852407967870523  0.10960279142999262  0.12060207113554600  0.13144597837157262
  0.14219909064814729  0.15294011388718709  0.16362211624698444  0.17435887359555852
  0.18497727488105892  0.19562026927361717  0.20631882661437356  0.21702273669505368
  0.22772254453385601  0.23821458950832522  0.24869568342409537  0.25920488504297545
  0.26976430737650781  0.28037560463315603  0.29104792372490379  0.30168347232360271
  0.31229857687603679  0.32278983715690102  0.33315684565679182  0.34346646609851234
  0.35373384441129946  0.36406716030448616  0.37451278407301669  0.38509114034857239
  0.39573528326901825  0.40624989947567364  0.41669926948106467  0.42725288779804038
  0.43793467121318091  0.44862140692569002  0.45922521917050935  0.46970701362778683
  0.48003785119420367  0.49038959463332776  0.50089211083965246  0.51157427517481158
  0.52220643674640865  0.53267447507654120  0.54315354523813697  0.55366993064570325
  0.56415315087475726  0.57457176183185521  0.58496929300613787  0.59533987614411021
  0.60564599292777177  0.61593691755241020  0.62627511337697606  0.63671576517875172
  0.64720994843132684  0.65772414197228179  0.66819931173920000  0.67861754344724101
  0.68900952839979057  0.69938224733646270  0.70979388316211223  0.72020544921009433
  0.73055997462908029  0.74084764739891917  0.75112964334572130  0.76142391107695651
  0.77168250039513431  0.78192840312674894  0.79223975143630065  0.80260383285925851
  0.81295545215987208  0.82328764874881444  0.83359684393597389  0.84386654106295489
  0.85403911530734222  0.86418153387858643  0.87424906225763643  0.88417261369402567
  0.89389738971232169  0.90363134756228747  0.91324573667163911  0.92283318169888440
  0.93242113792644221  0.94199918238359270  0.95157543290301350  0.96100860006787825
  0.97010093387561913  0.97853237000127469  0.98688506758195305  1.00000000000000000
  0.00689224240488422  0.00834587990000327  0.00932592758228617  0.01028052063005781
  0.01127215477977962  0.01234649919154220  0.01349775295567584  0.01469833278487494
  0.01592610127978201  0.01716804981343704  0.01842274230183964  0.01966910646035865
  0.02093216522360388  0.02223036717083935  0.02355495592065600  0.02485557039326303
  0.02602659075064379  0.02705596733109577  0.02817258892717769  0.02942945431369894
  0.03069770529757057  0.03196671643529322  0.03325759587726150  0.03457498272638396
  0.03592316164986781  0.03730622745567970  0.03872715349013986  0.04019526377309249
  0.04171669930648016  0.04329596157855448  0.04492681667406406  0.04661030552095045
  0.04834202128878863  0.05012528390236703  0.05196556337244895  0.05387170312591374
  0.05583426074518576  0.05785078871834348  0.05995072233631096  0.06215013068265049
  0.06442268272383699  0.06672306771863577  0.06907791837576262  0.07153391624762095
  0.07412626599606056  0.07683067812209594  0.07963465560764049  0.08253036689925979
  0.08552012270186533  0.08858491469002157  0.09174514569084173  0.09505026464609773
  0.09855116147592481  0.10222505812644242  0.10605860047480691  0.11005329506245062
  0.11420814046297044  0.11851841336924809  0.12300142680697766  0.12767741975926561
  0.13256075758258001  0.13765265379305039  0.14297393283890061  0.14855587578559054
  0.15443426837942206  0.16064626434320103  0.16720744342777188  0.17412675607723205
  0.18143548389652486  0.18909526537880184  0.19712870685481135  0.20559067006321385
  0.21460885748358094  0.22417992331336348  0.23425206072311860  0.24501461667220667
  0.25660302416115871  0.26907118785290662  0.28237005065211157  0.29640661394335432
  0.31121405393567614  0.32709919695282685  0.34439251746653454  0.36334950465690841
  0.38419185197235262  0.40671280316378139  0.43132659589624867  0.45910738021754122
  0.49059514982875829  0.52639858226040614  0.56834735526749203  0.62026390942160270
  0.69243413811828813  0.80111080672676838  0.86270949250489126  1.00000000000000000
 -0.00101034372120858  0.00394287417552296  0.00907286194417281  0.01420173695044220
  0.01946003146692608  0.02474636305564456  0.03004294492701313  0.03529867936663166
  0.04063120779351238  0.04610704113004761  0.05164837138451918  0.05720226089444180
  0.06276981673072075  0.06837237695218661  0.07399549524927435  0.07966336190047854
  0.08538325368346157  0.09117495305241356  0.09700778376475644  0.10288787647758084
  0.10886960184601444  0.11489223081127156  0.12094339867777826  0.12700384575463328
  0.13309293576554065  0.13923332013057058  0.14541623925604386  0.15165489018649145
  0.15798439695498345  0.16442099158158621  0.17089814933584568  0.17733832317048337
  0.18380611030958283  0.19037168731265511  0.19697777231610145  0.20360432352763166
  0.21029582424814910  0.21709867948236963  0.22402380580882644  0.23107677631417800
  0.23824401294352773  0.24548506162531769  0.25273795587223286  0.26000193161843127
  0.26725697357672062  0.27458028137686280  0.28201295073285515  0.28959757033241151
  0.29726473834300471  0.30502193099009500  0.31297264981489742  0.32100864346201763
  0.32919883171436631  0.33739213876782154  0.34564549445246956  0.35400042380069363
  0.36236892503519402  0.37089270211550984  0.37955927009663731  0.38836486791087715
  0.39736729888203087  0.40648243548643559  0.41572535649393022  0.42514551077062318
  0.43474928825075043  0.44454066109846008  0.45454413534273902  0.46476398713677375
  0.47514142944215193  0.48562001812835631  0.49625021859626911  0.50708172724789624
  0.51815248484586163  0.52937436836036678  0.54093422596363472  0.55285212458093047
  0.56520944585551436  0.57784718687895242  0.59084739839190847  0.60406605630956467
  0.61770244981279132  0.63190721345334810  0.64681374675386072  0.66220940600213551
  0.67829861578698214  0.69521688709849783  0.71319768802439110  0.73217597277242663
  0.75212175304306506  0.77353169802807997  0.79701134604824209  0.82314824691344124
  0.85272733341663765  0.88755143813083359  0.93377870499422500  1.00000000000000000
 -0.00232330817899120  0.00924375881907118  0.01894746535822366  0.02978514587320020
  0.04018123879597099  0.05070725470953281  0.06144754274794626  0.07173691145364275
  0.08223912356376888  0.09254034708253245  0.10308493903512850  0.11352129222969551
  0.12388039672009235  0.13441087559385698  0.14491788132355454  0.15562107566611119
  0.16589431296170726  0.17634220240537529  0.18680387018579075  0.19746018322045739
  0.20813397049647953  0.21845329049864892  0.22879714089045078  0.23918101567376202
  0.24967192352987214  0.26002750322920015  0.27031971192334003  0.28069738313109577
  0.29129932750815712  0.30191464535788420  0.31261875889248758  0.32335641833314738
  0.33405258155761230  0.34476135763599669  0.35540722058209034  0.36598745942063216
  0.37651347789678180  0.38700988844994194  0.39757824755957805  0.40816526764848254
  0.41875099158453516  0.42927097564504230  0.43982067518954354  0.45035551528004392
  0.46085514059879967  0.47135030849315579  0.48196104085554164  0.49267367604053569
  0.50340644608600327  0.51393539877136263  0.52441613936974762  0.53493524014397220
  0.54548879682888030  0.55612343262719965  0.56660887790375947  0.57718919275089031
  0.58775924231980725  0.59818657094951555  0.60859596949002259  0.61904276678972769
  0.62961837018342259  0.64015888657042908  0.65053116443058534  0.66095287949324977
  0.67133719875023756  0.68181929764781324  0.69232139495735778  0.70291735739876859
  0.71355740255067779  0.72425170607964628  0.73491614157559948  0.74553787823481898
  0.75627900531854664  0.76709503258556411  0.77787227553450500  0.78827803904507676
  0.79873408661944689  0.80924664678245373  0.81975630002948130  0.83036610603451744
  0.84098458916009156  0.85178775298706400  0.86240651525765466  0.87296872719962049
  0.88368899279914692  0.89438422059053080  0.90510774569220331  0.91574812601484423
  0.92644840425907604  0.93707522334435733  0.94762202613209567  0.95781264553955570
  0.96827932312283005  0.97847387182714984  0.98926297102284699  1.00000000000000000
 -0.01389551994024352  0.06277755691344741  0.10874934531549871  0.14437796096429317
  0.17449537160081935  0.20091559816048876  0.22466311121249011  0.24647443833699686
  0.26647877639999434  0.28508756135714608  0.30285715779054201  0.31996462769910117
  0.33646024780442535  0.35227447721352928  0.36739962163046336  0.38180122131301641
  0.39566339046236404  0.40901884739918598  0.42209374863940119  0.43469190160496723
  0.44704485181388481  0.45898722902083355  0.47024839961252318  0.48116205596834000
  0.49197334433253187  0.50271415749055803  0.51310898138495764  0.52334315856465508
  0.53354171664088990  0.54361460671312778  0.55336967811872662  0.56291883129677722
  0.57235094640617257  0.58167698824160585  0.59090284527351467  0.60002538793310811
  0.60907074514741799  0.61801537885730240  0.62680413115526690  0.63536110577800275
  0.64374744043256904  0.65207298862167062  0.66041406842301376  0.66868410537064960
  0.67680914353044774  0.68472532053481105  0.69249912964697657  0.70025687113376112
  0.70797216064959345  0.71547308050608582  0.72294168610615750  0.73028327934659010
  0.73746151177567232  0.74449568049120407  0.75142471139257938  0.75833523393925795
  0.76522102616194398  0.77207601060880826  0.77897604876309889  0.78586491986371743
  0.79272391250752650  0.79950064524767950  0.80618311161661071  0.81279101711983948
  0.81933736620501663  0.82583705408933084  0.83230538844785373  0.83875119630268979
  0.84514512488997429  0.85145634552803651  0.85768170170837399  0.86379858616852567
  0.86986822916740869  0.87593395181186506  0.88200501033780077  0.88805780090897524
  0.89405264818009189  0.89999644293442682  0.90587750156229152  0.91167977622225715
  0.91743399864152886  0.92316849523245148  0.92888356433828645  0.93455620511582704
  0.94018576634669948  0.94577083773449466  0.95135144880577116  0.95692951594577857
  0.96247791776395331  0.96798781049925964  0.97344973752589237  0.97887524622994737
  0.98423233437144841  0.98954333090391211  0.99479265095201541  1.00000000000000000
 -0.00232457220834300  0.00915114087442525  0.01912764692673621  0.02967002664390817
  0.04009654868481747  0.05051753317364194  0.06093675939699374  0.07161767076570430
  0.08230626368224783  0.09298891577891982  0.10353246040443789  0.11418862841733010
  0.12473634413377332  0.13519997311366935  0.14577400313380715  0.15637283762512522
  0.16712636653091600  0.17779697948543144  0.18855248571064639  0.19927660568743391
  0.20992064134142643  0.22061544240929523  0.23112598656260902  0.24153734419617934
  0.25219056693209263  0.26265472711764520  0.27303890896785749  0.28327383544676060
  0.29364070765157863  0.30455476615664540  0.31512273315511569  0.32574743471700418
  0.33622752132864625  0.34672508864210672  0.35717299778235773  0.36753620126344139
  0.37814404233200577  0.38873458581197456  0.39929649429634312  0.40976025832450463
  0.42014702941344678  0.43047616807851574  0.44094282425321663  0.45144617506919821
  0.46200096455668210  0.47223719554356264  0.48268694354085845  0.49316170333745063
  0.50381565780483450  0.51447030165659502  0.52508753549312226  0.53542458530392556
  0.54574567279868080  0.55612264843530113  0.56665487967722361  0.57709115483336793
  0.58763168365481544  0.59843400242860978  0.60895896921449721  0.61932415538456342
  0.62954579022220580  0.64027987378492368  0.65096615993565377  0.66160995959702618
  0.67216769687897426  0.68286705938503833  0.69367170130291111  0.70442222824647305
  0.71513341380875539  0.72586990648533123  0.73653092565621903  0.74709915845897246
  0.75752556191451847  0.76787852336509788  0.77829067559186271  0.78874371069947458
  0.79930892651025431  0.80967504362956899  0.82008709165066673  0.83062413600383744
  0.84137406370179413  0.85210953502356090  0.86281983888936220  0.87344156114258964
  0.88388360278888545  0.89425392406077997  0.90463192055251374  0.91522243849182749
  0.92564472136395859  0.93638954581149769  0.94659315708068192  0.95714596504067007
  0.96784208363877611  0.97864906127222950  0.98926544625839985  1.00000000000000000
 -0.00237440675393675  0.00931860077436107  0.01927183191005801  0.02990031174536744
  0.04059346002727523  0.05146452881141926  0.06214090964161734  0.07276349686836156
  0.08323338839394420  0.09370666034413933  0.10412871896845610  0.11465420388138096
  0.12526638733726833  0.13601850021280867  0.14682004585278866  0.15748546562814056
  0.16802529064710553  0.17855356591668742  0.18916654804718869  0.19997780124051007
  0.21055068084113115  0.22090723350470781  0.23126889943304194  0.24159720692818693
  0.25189670976048528  0.26202915704495494  0.27240561935559582  0.28322356766320422
  0.29397709909776759  0.30455493502447722  0.31496628329482301  0.32557490184844390
  0.33641689879322301  0.34715524777209483  0.35766384648690586  0.36802111944907379
  0.37849048940441021  0.38901177110590263  0.39968827990606004  0.41042042445254118
  0.42111608160181035  0.43174629758060568  0.44235122814567018  0.45305109187023151
  0.46353011765672530  0.47384481536726863  0.48407925858159134  0.49456372293086426
  0.50518846757814251  0.51556690781701831  0.52592469590299074  0.53646109104287909
  0.54687536536536818  0.55759048794750521  0.56808877792319890  0.57881523051006212
  0.58919213444214436  0.59955197470712807  0.60990824650676356  0.62050119311009910
  0.63104126023558105  0.64176246797602554  0.65244071294493367  0.66295675307216440
  0.67347230973841976  0.68385692279815691  0.69424747762107453  0.70464658324196083
  0.71495159553718901  0.72560641164794359  0.73627048579090226  0.74698986386298549
  0.75737594060593527  0.76756801057939561  0.77792309333803600  0.78843299269599187
  0.79897421898573273  0.80947734867839860  0.81985013955871344  0.83036822808188870
  0.84077931928559702  0.85148334349500021  0.86211615403233610  0.87276791036097656
  0.88349101086014170  0.89416551191358740  0.90460436717881521  0.91508435313200176
  0.92556917456972387  0.93643334764684816  0.94709631282556594  0.95765846718764847
  0.96803730874230576  0.97853000731880868  0.98937725319319081  1.00000000000000000
   6.6632611374417895E-008  -1.0000000000000000     
 F F F F F F F F F F F F F F F F F F F F F F F F F F F F F F F F F F F F F F F F F F F F F F F F F F F F F F F F F F F F F F F F F F F F F F F F F F F F F F F F F F F F F F F F F F F F F F F F F F F F F F F F F F F F F F F F F F F F F F F F F F F F F F F F
  <DiscreteSampler_grid>
  grouped_processes
  1 # 1 for a reference and 2 for a running grid.
  10 # Attribute 'min_bin_probing_points' of the grid.
  1 # Attribute 'grid_mode' of the grid. 1=='default',2=='initialization'
  0.0000000000000000 # Attribute 'small_contrib_threshold' of the grid.
  0.5000000000000000 # Attribute 'damping_power' of the grid.
 # binID   n_entries weight   weight_sqr   abs_weight
    10   10   1.352429854210532E+004   6.711845425460955E+008   1.352429854210532E+004
  </DiscreteSampler_grid>
