  0.00249589735119642  0.01621266085623627  0.02995225684773171  0.04248451752971222
  0.05420103933414088  0.06562792365713468  0.07704337705693107  0.08835591452224933
  0.09944196540731352  0.11046846621702182  0.12164238844013379  0.13284849604695803
  0.14398738839582642  0.15530919262558543  0.16673942207948317  0.17815950186784277
  0.18939205870369683  0.20073004558475299  0.21193365351254362  0.22288992626719720
  0.23366610544645000  0.24429673715256273  0.25504351471028208  0.26563354645906312
  0.27591886267998678  0.28612466836485151  0.29664975607832150  0.30734058384044816
  0.31796426189513971  0.32857823135546693  0.33917489716734256  0.34970887600093087
  0.36006941593024555  0.37048472894081019  0.38087916673967026  0.39139021085546494
  0.40195003333545093  0.41255176007812544  0.42325227922382441  0.43402458621861889
  0.44466022516419351  0.45517599911625728  0.46558083331613459  0.47584419921138926
  0.48615886117533691  0.49652495170150190  0.50715346066626310  0.51786254067483117
  0.52843503488529775  0.53920303789327695  0.54957500189075370  0.56009642727688480
  0.57061717903600118  0.58110986177629609  0.59162749391780456  0.60200321305763171
  0.61239813277335298  0.62291416422558887  0.63349336001377454  0.64417832910539485
  0.65490997238020998  0.66558538415752144  0.67617363735543812  0.68666155789029482
  0.69735305085506560  0.70814380371335917  0.71866050451825347  0.72898231006390801
  0.73918858044129876  0.74942162915687038  0.75956627915162045  0.76978308274878637
  0.78004890402592963  0.79050256979513545  0.80089143193568790  0.81116231786598603
  0.82115440042617938  0.83104945919830342  0.84087823054730315  0.85065147374571348
  0.86042286122781764  0.87021586587156419  0.88018955795128861  0.89019989715839654
  0.90008626266035163  0.90968731115322876  0.91914665371896664  0.92864103260002173
  0.93816389749414841  0.94770991541015026  0.95731979306420256  0.96673818911456189
  0.97550348498697759  0.98389316915136205  0.99185067526404358  1.00000000000000000
  0.00247680039275375  0.01700667468538944  0.03097341808000228  0.04366942658490384
  0.05563555035651176  0.06784464007838301  0.07944968371554489  0.09102852195377002
  0.10231433814838610  0.11367466189841578  0.12487613845393852  0.13591244086826534
  0.14676472951000974  0.15756771535256595  0.16829220972099609  0.17910902482674868
  0.19022862999023479  0.20183051703988614  0.21328940838074037  0.22442374220154943
  0.23565113034703994  0.24691305258430887  0.25806768328226626  0.26913035576843869
  0.28026020163522825  0.29142748681642033  0.30236386103318258  0.31306903861392199
  0.32374626630918535  0.33452199479317823  0.34527887991104206  0.35609507488022063
  0.36648333913540282  0.37732850497002274  0.38820804345228616  0.39879404377415989
  0.40906482929588095  0.41918356570379606  0.42955785415343156  0.44016935195529810
  0.45069905341490191  0.46121052391602019  0.47141294431147629  0.48201047235453764
  0.49271892843344783  0.50367216097358869  0.51419117290597616  0.52460089641010910
  0.53473544468815515  0.54501386947565178  0.55521576547123153  0.56540054978053544
  0.57561270124284780  0.58593211365341025  0.59624937030624137  0.60638467175163158
  0.61632927918556901  0.62625785399101042  0.63640614908378024  0.64679677229513799
  0.65758801654833632  0.66866437517685295  0.67956188037028820  0.69034794428906376
  0.70091474683245913  0.71169214167725492  0.72255221302960415  0.73360495260354130
  0.74467814124949494  0.75552553324376626  0.76599704119101297  0.77614826829227668
  0.78584272412121836  0.79551247118744151  0.80516386138749918  0.81477128928956510
  0.82455708008687756  0.83455812274752839  0.84441349618291550  0.85408274675200979
  0.86383057016069142  0.87372555673469154  0.88352215985134619  0.89311092290231475
  0.90276927886941194  0.91247199754881447  0.92189762143812970  0.93103261122040193
  0.94008218876744409  0.94919941882772030  0.95839385696166668  0.96756063503026490
  0.97644723046668735  0.98481561528638750  0.99257851441632472  1.00000000000000000
 -0.01281151727572470  0.04175100926800696  0.08668204049233727  0.11803506502017834
  0.13526275730920978  0.14802609505263917  0.16012129759418825  0.17169891133491008
  0.18343957758215879  0.19536940216004209  0.20695169598515500  0.21851823023959238
  0.23003496807571891  0.24153071581275495  0.25291317535733554  0.26399650546357134
  0.27459044165534158  0.28535789059028138  0.29616354805288791  0.30685613644214921
  0.31759315846802960  0.32814668671529917  0.33859005710132867  0.34930082729653950
  0.36010365666559874  0.37073312283995025  0.38108109410911811  0.39101752344021223
  0.40072691516169590  0.41037820714091444  0.42004924779074920  0.42994832693864021
  0.44022534542544084  0.45066917793661387  0.46099505449626665  0.47091944441047112
  0.48068497875629651  0.49031156690561567  0.49999136103260811  0.50982027972365696
  0.51937978185360623  0.52870854801244260  0.53793155792437408  0.54712411167355179
  0.55630887514848359  0.56551887382970600  0.57455706409908847  0.58358101055990497
  0.59268926385370446  0.60165388121594909  0.61054488597658596  0.61939366296424403
  0.62829406394811593  0.63711331663057613  0.64599590988082789  0.65500889137098017
  0.66415082655686219  0.67329960399747757  0.68226384409288332  0.69101682232118167
  0.69956745974608403  0.70788471254739405  0.71610895765922800  0.72439906495141804
  0.73286391408385432  0.74153162600058253  0.75029270945337612  0.75899232788584525
  0.76765169433504310  0.77636903404700675  0.78486516692329733  0.79382941679861008
  0.80243828469708389  0.81119354141083133  0.82001432586047041  0.82876538193358018
  0.83756414934947465  0.84638961114474442  0.85514509527041005  0.86382396449294196
  0.87242196266133576  0.88091055382680639  0.88933758336963964  0.89770642499147735
  0.90619680574186323  0.91470258937103843  0.92310732814835816  0.93145211254694926
  0.93993484353992718  0.94865945631419468  0.95745294308252027  0.96608374052645207
  0.97455431941138837  0.98302336261832768  0.99152579355200954  1.00000000000000000
 -0.00250457753196557  0.00993954321667273  0.02082891904680122  0.03153868107396607
  0.04229257896288260  0.05295215264624703  0.06352276285579486  0.07410808485499433
  0.08478438490553197  0.09558885983247480  0.10624206580885856  0.11673570532512442
  0.12687093864278337  0.13694686880702306  0.14718647210246333  0.15773825093951110
  0.16859098448398563  0.17968417522587024  0.19060101966336013  0.20156432860808432
  0.21220802502176769  0.22326757134722858  0.23410346153546957  0.24457496547573818
  0.25473640294045186  0.26496467824281861  0.27547594390658253  0.28611170106792982
  0.29666196445513743  0.30714539420723597  0.31766496088638341  0.32827317387084820
  0.33869062481662060  0.34908892499410965  0.35936131846402980  0.36993111075534407
  0.38041328658858292  0.39085082409352234  0.40105334682577931  0.41110784875277351
  0.42116099729932910  0.43113758436519889  0.44122194726302666  0.45161788218410309
  0.46208604747216253  0.47271435319596439  0.48329708108814695  0.49417368012973173
  0.50470305991140474  0.51513189061603482  0.52512696887228649  0.53533900112541100
  0.54575329589940036  0.55667626764969780  0.56750154514231221  0.57825133315570210
  0.58916737031611588  0.60063376519101952  0.61192344692879252  0.62309140655383355
  0.63385232634663535  0.64454182030618024  0.65547103286959651  0.66649850701123181
  0.67723396024888161  0.68782300518428863  0.69846860942971412  0.70911474592246182
  0.71956402101444095  0.72984441145712609  0.74052583008695183  0.75113580596667706
  0.76165638898752452  0.77212533516041126  0.78273365992464117  0.79335053038945946
  0.80378708334801596  0.81455887699132945  0.82553315897220214  0.83628519983617555
  0.84670504612622821  0.85713729953470863  0.86770351746458108  0.87821255437345958
  0.88867010351092568  0.89912655911024419  0.90944020821946381  0.91945854569545504
  0.92939332421129828  0.93946717889468523  0.94947025767817128  0.95946419868335686
  0.96927041815992765  0.97916442147591998  0.98952028696452499  1.00000000000000000
 -0.00146435849967877  0.00582097028164408  0.01266824325870728  0.01975879938089230
  0.02721904118586794  0.03464665890436778  0.04218142631464629  0.04978566718339476
  0.05738790652151204  0.06508373330236290  0.07286141439024110  0.08065183359751976
  0.08840734686498360  0.09610409944234347  0.10383709696294484  0.11160647997059711
  0.11939430317223951  0.12726937013177070  0.13528783283479409  0.14341851056681670
  0.15160405783261793  0.16000947114048336  0.16847613440746892  0.17690441606626325
  0.18548697389370508  0.19412294270227665  0.20269139926228885  0.21105580083584902
  0.21909078773072918  0.22725892903549896  0.23555885095345827  0.24397685171767403
  0.25222659434231565  0.26038194861951069  0.26865697315375447  0.27696950734615600
  0.28521866493200787  0.29323691830143006  0.30118777101571204  0.30921172092442872
  0.31747152504308707  0.32599651092845749  0.33469592534653980  0.34359517504072945
  0.35255249363321323  0.36134105002711958  0.37003181875948160  0.37871594397776476
  0.38748521141119563  0.39634609332593590  0.40515956575442330  0.41385683981374949
  0.42270047864308463  0.43186329035845761  0.44125161655986095  0.45076685774930553
  0.46019411078281103  0.46961801465191949  0.47909252810100555  0.48876716194574960
  0.49864450202033217  0.50859367276298528  0.51873090823641621  0.52921526208315750
  0.53978208572807018  0.55002744669922043  0.56017544899083715  0.57079370884889269
  0.58172427341891653  0.59240484123053594  0.60293812302282912  0.61352895936805019
  0.62431156642061381  0.63522701302596174  0.64641670224250203  0.65794857199152101
  0.66969514777357131  0.68165721811900515  0.69369937658846526  0.70606845906440674
  0.71881620215050079  0.73190505616150914  0.74563957006646309  0.75969758733266968
  0.77434646131847262  0.78913089807386427  0.80397186221122818  0.81962693969130829
  0.83658826724145707  0.85476384134378558  0.87423655919597565  0.89489198884235255
  0.91638941148538910  0.94022294654245331  0.96856771239151096  1.00000000000000000
 -0.00250756296220227  0.00922901202983246  0.01942939484306342  0.03023202470370581
  0.04092511126863042  0.05158380862539934  0.06190489772371350  0.07226921805603459
  0.08256712685354729  0.09289764012186114  0.10330210612694743  0.11395156279610653
  0.12479623344330248  0.13571176145682501  0.14666783939379380  0.15765381353873012
  0.16840534051309064  0.17888949733353596  0.18947123985969508  0.20028794196552960
  0.21115207672888478  0.22189818080069629  0.23278844322601167  0.24380521290895318
  0.25453558773967411  0.26506166145337601  0.27565213254730481  0.28639817399236134
  0.29707225113036984  0.30772514309095161  0.31828724919473472  0.32894844100381776
  0.33942057396864234  0.34969443600375821  0.35996282692249115  0.37026630104041358
  0.38055845279032008  0.39073782774392407  0.40100329457474393  0.41130024130518084
  0.42138412251527019  0.43134053444650389  0.44127610060919853  0.45141178271703747
  0.46171438851009466  0.47218595717947820  0.48273447673842762  0.49336685900323379
  0.50396359060486207  0.51472027390712716  0.52542697194455079  0.53607383670343933
  0.54666574829759407  0.55727422227192436  0.56796049029522100  0.57848281560872516
  0.58896120865119694  0.59927340711439836  0.60964636359718682  0.62002334092218359
  0.63028088497481993  0.64058040584956355  0.65118011256587727  0.66222399835500567
  0.67315173389078009  0.68378628552125431  0.69438403017411421  0.70499981183881766
  0.71561758629757777  0.72605948832243317  0.73672918436153545  0.74723456604292082
  0.75764477633454075  0.76806052845560169  0.77880328716838287  0.78964915784245127
  0.80008411866412033  0.81034032449736448  0.82046658196826838  0.83068636998136547
  0.84100007281530054  0.85129599764736352  0.86172016577925437  0.87205918219713574
  0.88293785872999442  0.89387526635736858  0.90492617755712523  0.91580473724123612
  0.92642393840785664  0.93699688567975492  0.94736845916506174  0.95799164323778441
  0.96822853760517102  0.97856428763035397  0.98919237512785541  1.00000000000000000
 -0.02888560972209545  0.15520156264223722  0.21708380473985542  0.25614530161925203
  0.28727618703803864  0.31407012826965541  0.33724850826988440  0.35758444168339409
  0.37600865378537501  0.39304130488513878  0.40862882973777515  0.42326676958025378
  0.43719204413041074  0.45046545426649004  0.46311739573822769  0.47491785088614430
  0.48618573151685873  0.49713035140496459  0.50763532085567464  0.51769142337679941
  0.52742843144533358  0.53718125969002539  0.54682691192501431  0.55606976367045602
  0.56519385824773227  0.57427788600346208  0.58318704986231895  0.59167126246661284
  0.59975318066969463  0.60774348021270408  0.61564916517825297  0.62347176631733703
  0.63090028356216032  0.63797854375833873  0.64496250535137600  0.65192784169544538
  0.65886665376501929  0.66572554417886276  0.67250526563619273  0.67929553569843582
  0.68601997114441970  0.69259129270484643  0.69898180322667569  0.70530173997668077
  0.71153895475742712  0.71760494559339394  0.72366464873809833  0.72967434852362145
  0.73577023517116624  0.74196095302325404  0.74812452103167604  0.75410582253610636
  0.76005428366494976  0.76596301541011158  0.77186464154817225  0.77770752254013231
  0.78345829440910408  0.78909913790534147  0.79467447056662543  0.80016918444944407
  0.80558843491738363  0.81100898641852170  0.81644220538865819  0.82190566265913556
  0.82741481535300321  0.83286766241819754  0.83820940024911728  0.84355183348207696
  0.84896797090304710  0.85443504411906079  0.85988741033379223  0.86521980578095514
  0.87049044619319482  0.87576726747036049  0.88110849034559702  0.88646038142109418
  0.89180325926357107  0.89715048984308154  0.90260344210921584  0.90817870501808173
  0.91378295895622519  0.91930605738091209  0.92471646000439933  0.93011411050109005
  0.93558479931525074  0.94111223234621588  0.94672110812753674  0.95240870538071254
  0.95814328992553532  0.96388073769219085  0.96962994212662901  0.97547730696896273
  0.98144588300612978  0.98764873011704313  0.99381683128656040  1.00000000000000000
 -0.00221978915662278  0.00881289729561558  0.01835511794962287  0.02888664436049393
  0.03937288211311394  0.04975684715803932  0.06025984428956012  0.07079851401332675
  0.08134513603757534  0.09180124098046585  0.10240008845209807  0.11339188227662755
  0.12435474936788915  0.13528820345707776  0.14593157264242246  0.15645034535022370
  0.16667247428637552  0.17678684743586523  0.18696717704734023  0.19729638269062427
  0.20780960937327872  0.21806790270957674  0.22833260361015245  0.23841396724942487
  0.24870676932126545  0.25897491170452053  0.26919720535200725  0.27941807084406256
  0.28968501540261260  0.30037279755268642  0.31150342535912018  0.32252891943469192
  0.33354250469346014  0.34437879519307951  0.35494047883419200  0.36500222366844171
  0.37502555680061511  0.38539364151144462  0.39561870710651986  0.40593938335595237
  0.41614351211421763  0.42651163666946385  0.43675958139244547  0.44729632701149774
  0.45790857441130411  0.46859976043428109  0.47915925506709062  0.48947092917836565
  0.49969334903497081  0.51014292583100163  0.52096247852629352  0.53192164000623032
  0.54272588389040100  0.55342988442048602  0.56393044302208883  0.57416319282565953
  0.58432857776432401  0.59472170638995747  0.60535982453121318  0.61616002498661859
  0.62710806391612783  0.63793736351474761  0.64902656191382369  0.65994934373789060
  0.67107748575145632  0.68199038136604950  0.69306163621861072  0.70380306173739071
  0.71436361217028888  0.72463688101472523  0.73500059886218960  0.74520856679283620
  0.75545953258652532  0.76576406167151356  0.77621948319820333  0.78694025584931671
  0.79745592026682754  0.80823690173087281  0.81876401103648822  0.82932856569528302
  0.83976445820798551  0.85049015162657582  0.86147599254112317  0.87261142224651800
  0.88348921411814085  0.89443047006621601  0.90519984878521298  0.91611900513798972
  0.92667868164021949  0.93717759894218033  0.94757266872108825  0.95785168266801124
  0.96821341836424302  0.97880800676423974  0.98952647368347157  1.00000000000000000
   5.6821267468804628E-009  -1.0000000000000000     
 F F F F F F F F F F F F F F F F F F F F F F F F F F F F F F F F F F F F F F F F F F F F F F F F F F F F F F F F F F F F F F F F F F F F F F F F F F F F F F F F F F F F F F F F F F F F F F F F F F F F F F F F F F F F F F F F F F F F F F F F F F F F F F F F
  <DiscreteSampler_grid>
  grouped_processes
  1 # 1 for a reference and 2 for a running grid.
  10 # Attribute 'min_bin_probing_points' of the grid.
  1 # Attribute 'grid_mode' of the grid. 1=='default',2=='initialization'
  0.0000000000000000 # Attribute 'small_contrib_threshold' of the grid.
  0.5000000000000000 # Attribute 'damping_power' of the grid.
 # binID   n_entries weight   weight_sqr   abs_weight
    10   10   1.959315581329523E+002   1.409841763687537E+005   1.959315581329523E+002
  </DiscreteSampler_grid>
