  0.00220124426563643  0.01668052020128846  0.03042133998899802  0.04279937438075611
  0.05462367561674681  0.06629878669299891  0.07742142361700877  0.08848419922172662
  0.09951727904119027  0.11059696714913415  0.12159034377574454  0.13252005437488401
  0.14345407890417172  0.15449280657182801  0.16549663844637225  0.17638092378418835
  0.18715799127843410  0.19805753079875948  0.20893622454117478  0.21966249305187563
  0.23031714897460887  0.24097637580947984  0.25166800693591707  0.26227408609660385
  0.27292800489234526  0.28363456935592274  0.29439055632025052  0.30508681350797945
  0.31573228191303254  0.32632875900996727  0.33689554152032425  0.34745468099460652
  0.35796974633052314  0.36845423348983358  0.37895967451202439  0.38956627493790064
  0.40033529734413376  0.41116375348336132  0.42198193487936675  0.43273756657001217
  0.44346840927610370  0.45428229564913325  0.46479526687526052  0.47437656478843054
  0.48352526121235306  0.49265704263388588  0.50259138611940046  0.51327634465924099
  0.52394180769351073  0.53440929298529083  0.54478337622455575  0.55520326494512651
  0.56568238707285556  0.57625707820849559  0.58691595890323900  0.59760129966956732
  0.60821848033274717  0.61873356588310990  0.62912482091235511  0.63940249858975651
  0.64968291219042185  0.65999719186699490  0.67029232683048501  0.68054459576264592
  0.69080665874737057  0.70110284096078601  0.71147673944170620  0.72178352071419283
  0.73205617942685597  0.74226816469943935  0.75248829143818097  0.76270840369016613
  0.77286940762967971  0.78299774978004211  0.79319216174865326  0.80340143807467790
  0.81363849164731272  0.82381065200306336  0.83391040698594709  0.84396586265265583
  0.85395220486130385  0.86391837140660555  0.87388238893653414  0.88395431772284649
  0.89401862856500103  0.90404970175647958  0.91398894884283421  0.92388106438286044
  0.93365814223973531  0.94330024083059250  0.95279540083373593  0.96214536138122220
  0.97116172457905359  0.97944813588788782  0.98755847715450018  1.00000000000000000
  0.00322807221994104  0.01397472841282240  0.02547213034940415  0.03734607781406692
  0.04926899471352660  0.06075875763869839  0.07213142152864412  0.08337701363789708
  0.09451421971888875  0.10562251102423192  0.11675676906698908  0.12785387928278447
  0.13885064879650444  0.14974497850790647  0.16056909278835921  0.17129757135030244
  0.18189123107469013  0.19240323894581049  0.20295091636316323  0.21355039052949540
  0.22420877146253959  0.23494007171063178  0.24574046905778227  0.25655517258065375
  0.26732219320913675  0.27801994067452740  0.28867743370384030  0.29926655440243694
  0.30983741047898966  0.32048701651417016  0.33124263209937294  0.34205702482321382
  0.35289918596198827  0.36374924633791966  0.37454321145827296  0.38524506751357546
  0.39585213325797741  0.40652949911335307  0.41718648768739131  0.42770867759278847
  0.43812167581271522  0.44844422246715043  0.45879450099399205  0.46912239289310848
  0.47951046637890737  0.48990853645844606  0.50026413137136672  0.51052642532156378
  0.52085136014226174  0.53125305481236407  0.54168917679948347  0.55205948589649678
  0.56234420881404446  0.57263658954958863  0.58294302706860612  0.59319302376999328
  0.60337095439023136  0.61372577317017873  0.62430383335789574  0.63504066037118900
  0.64572570788101713  0.65625535942163282  0.66671621295980343  0.67716763429427196
  0.68756350390467025  0.69782535861187400  0.70800003829243852  0.71819576072308633
  0.72852844621622992  0.73891923857029229  0.74919578047737800  0.75925793440085687
  0.76926087345577643  0.77932330409441208  0.78948797435152740  0.79970661523676478
  0.80991193297241937  0.82014033444720269  0.83038750337249767  0.84074591501546625
  0.85110484880919868  0.86135892498928102  0.87148122182655319  0.88150784435682750
  0.89153803909121987  0.90154676764998287  0.91157070121847139  0.92154243243425504
  0.93139782828420481  0.94107522006232913  0.95064096586259694  0.96007185429704300
  0.96915465887115959  0.97778124318436055  0.98570476965288600  1.00000000000000000
  0.00569180107696500  0.00628239759454277  0.00677697525960389  0.00724514307610585
  0.00779154393193918  0.00835854085094969  0.00890173295813521  0.00942701535864082
  0.01061664361366843  0.01191474309924980  0.01318322923587712  0.01446805968666060
  0.01578239333234137  0.01712163330458323  0.01847624416643522  0.01986245333894043
  0.02121932708392761  0.02257692634239380  0.02394305974676284  0.02528645148297666
  0.02648461810282682  0.02758091232752694  0.02880587189786812  0.03013288267707867
  0.03146761329695062  0.03282220348367583  0.03421336296321908  0.03564518203288088
  0.03711593822530178  0.03862069645361706  0.04016192779930166  0.04175216990301611
  0.04339679504176641  0.04509914576420128  0.04686394293475289  0.04869182242788098
  0.05057057388396074  0.05251529856062839  0.05452670526573673  0.05661701767071305
  0.05878765803520778  0.06104821104426859  0.06341085013460357  0.06585192523443824
  0.06836454429484556  0.07095087520472698  0.07365447265314698  0.07647973101120699
  0.07940321596239598  0.08242842873079605  0.08556958567545643  0.08883660044437791
  0.09224972809791655  0.09577232270340569  0.09943818479445840  0.10325574604393678
  0.10724704144421872  0.11141635395269447  0.11578307194154093  0.12036455961520476
  0.12514836399473553  0.13012982473444307  0.13533461856987425  0.14076021451835355
  0.14637916298250048  0.15227894278296655  0.15862524349239016  0.16545952636831085
  0.17267104944976944  0.18016871687209873  0.18799264703618976  0.19628842343621342
  0.20515478742505705  0.21455529083950794  0.22447092343776756  0.23501018228316051
  0.24631539176041228  0.25840806312264547  0.27131053058405119  0.28515700157042234
  0.29997640278004190  0.31578508817248885  0.33284854544742959  0.35150590128332121
  0.37194332180425038  0.39439880189297966  0.41915851881440569  0.44668098842376402
  0.47765259251519870  0.51288698760689300  0.55373956429223559  0.60379268039830336
  0.67193691157662494  0.77837331512248809  0.85680828489242244  1.00000000000000000
 -0.00108187915340882  0.00410772644681419  0.00948910664625962  0.01485195296938445
  0.02023963786525946  0.02564987258908281  0.03107011122429319  0.03650821289006016
  0.04197991574738245  0.04750732796709830  0.05309862449031067  0.05872231076259411
  0.06435292886216640  0.06998863758059221  0.07566715194397586  0.08140571247734571
  0.08718588948699595  0.09299763892489064  0.09884848056752177  0.10473864021993580
  0.11057360372715293  0.11598237409837292  0.12116675862703984  0.12645520857453585
  0.13199298559004177  0.13804803773605950  0.14426170175242672  0.15045752863311904
  0.15676871856587501  0.16315061234531464  0.16959819932697812  0.17610294102652282
  0.18265894963800849  0.18927276578314481  0.19594873489092651  0.20267842023722249
  0.20944370541658744  0.21629684844184133  0.22321364069639321  0.23019229824644422
  0.23719839989115249  0.24426681217876262  0.25147231844061302  0.25879663602596492
  0.26621660571900596  0.27369796723260664  0.28126037483057786  0.28893275713940325
  0.29663441280247677  0.30438778221534424  0.31221958708114261  0.32016026682348070
  0.32822127786462479  0.33636061840853010  0.34458221649203979  0.35291392737238947
  0.36141801950973196  0.37005702133173757  0.37881229498552238  0.38767080212884886
  0.39669409488028401  0.40589185108260623  0.41526847024694796  0.42476538275314252
  0.43439065376222330  0.44417457942087674  0.45415429228041615  0.46437402064125199
  0.47484959272379229  0.48561175874147344  0.49656402403221117  0.50763103380559538
  0.51881891798759860  0.53020713038778411  0.54187373901659253  0.55383163608025765
  0.56607147485172515  0.57862483522919683  0.59156868767494464  0.60496991474802952
  0.61878496322013232  0.63323930601657807  0.64825156606927969  0.66370565567858208
  0.67975514931772318  0.69660783769060519  0.71440034101521632  0.73321085120561535
  0.75319574759997321  0.77451557906580693  0.79747748174276589  0.82298140709374745
  0.85268177828180702  0.88802429836668750  0.93400987220987230  1.00000000000000000
 -0.00231665969214681  0.00910773119660377  0.01909797275801391  0.02940243573673771
  0.03988643195276428  0.05051032300467945  0.06119835318029954  0.07196381803145553
  0.08262379688571449  0.09309592837077958  0.10361477660377039  0.11399211234263723
  0.12476674378242802  0.13560829106924846  0.14618430165603138  0.15678326697003711
  0.16725262857628775  0.17787900932863548  0.18835364924487560  0.19882409325400785
  0.20925219136127785  0.21967111090746594  0.23011998718091453  0.24066071797964991
  0.25123699016913342  0.26174082463704534  0.27232624458970373  0.28291408121966644
  0.29362285130131854  0.30416696039526397  0.31467865350269264  0.32507228079440853
  0.33559103190968820  0.34616655781408223  0.35663832785234451  0.36711838226070959
  0.37752745085369105  0.38790376562734119  0.39822874383642992  0.40853339398264171
  0.41897168765035442  0.42957076745547296  0.44032332539401431  0.45116240757262138
  0.46189322331392985  0.47240159421038203  0.48284361310706708  0.49353216718383591
  0.50422835393732668  0.51506580035020399  0.52583911853193799  0.53640278406126718
  0.54699459908789205  0.55752055296115732  0.56815606042388633  0.57872897959411995
  0.58923906875261089  0.59979104321922383  0.61031950046694083  0.62109478095452419
  0.63173869117389136  0.64215833494663277  0.65253950663232052  0.66294182191991213
  0.67359114895976446  0.68409838313276605  0.69482485345736811  0.70558187405811201
  0.71624027995342177  0.72703307365282333  0.73777540872655467  0.74854608788798804
  0.75917628858636943  0.76956824514175504  0.78011227790581295  0.79076891411958172
  0.80146891767670247  0.81213778141283677  0.82277222326155219  0.83362501267946454
  0.84440728053885661  0.85504409925813418  0.86568150881074235  0.87630846426789455
  0.88708298558031218  0.89770829441623567  0.90842193662860604  0.91911847911242639
  0.92992798406645094  0.94104329571548351  0.95108461889911400  0.96047879643467637
  0.96973536348916378  0.97860845667361418  0.98930813374215465  1.00000000000000000
 -0.01424441130235453  0.06397707598680627  0.10919730220790322  0.14465461894185253
  0.17453026228611473  0.20037315547504322  0.22375582394649374  0.24534113855864254
  0.26531192308474016  0.28408030257223565  0.30190834749457257  0.31890030829759219
  0.33513912061535261  0.35089046143964864  0.36614417300418822  0.38068493088618965
  0.39458690623590148  0.40799170494219106  0.42100703591864946  0.43373549585850152
  0.44627086936753635  0.45847918494035589  0.47028452754229355  0.48172602357546340
  0.49287207317382681  0.50374226943085287  0.51443254064555977  0.52490698387317958
  0.53521569688052606  0.54533564911648380  0.55521501424504016  0.56497788532026993
  0.57444726727324158  0.58308563878031328  0.59125605301885054  0.59915775609694955
  0.60747616168360030  0.61627768896529045  0.62501833402825724  0.63364348660240055
  0.64214270658151718  0.65051652512984370  0.65870384260014025  0.66678475125682823
  0.67477995177037753  0.68273475565140429  0.69056633420569979  0.69832313829852799
  0.70605005252888908  0.71371115507237315  0.72127089441815084  0.72867011581346053
  0.73596908795785843  0.74324277194496080  0.75048640017114232  0.75767655908120846
  0.76476165540558894  0.77178782436304172  0.77871969583012568  0.78560640850425767
  0.79241184080465454  0.79913957358759768  0.80578458130885156  0.81243218782295246
  0.81905601877781831  0.82563285612973047  0.83215148110198656  0.83856864397964337
  0.84493709616839763  0.85124357056166822  0.85751785811800418  0.86368444048343629
  0.86984262096897869  0.87593314941384781  0.88192694527242710  0.88787655419738454
  0.89378839362460882  0.89966964105592284  0.90555803901873633  0.91145788006604944
  0.91730435965284862  0.92304570426162591  0.92868918548166113  0.93428213277228966
  0.93988728916165831  0.94550940474473211  0.95111615916942771  0.95667363358816992
  0.96219013213285465  0.96768777878690404  0.97315353700893148  0.97857338441891506
  0.98397216209946081  0.98936296571835924  0.99470181028962767  1.00000000000000000
 -0.00222863470972704  0.00901694657181358  0.01909114667292990  0.02970548362165593
  0.04027960483287139  0.05088284225324170  0.05957139499661501  0.06871119577497042
  0.07790802347200101  0.08789891423887072  0.09877632801651499  0.10945698778051967
  0.12012166103016644  0.13085427617550427  0.14153349741543952  0.15211813861873599
  0.16262645253806993  0.17322410804772756  0.18378684204539386  0.19431857071636971
  0.20482723865587218  0.21533817049976706  0.22587381398328366  0.23643778111785765
  0.24703119743091881  0.25755025958730354  0.26800051848039702  0.27844067363227593
  0.28884027525604911  0.29922394443471129  0.30966738969312313  0.32029898550637209
  0.33098417574807837  0.34155128977364779  0.35206991905154472  0.36266880724358613
  0.37347184479455098  0.38436764938464457  0.39519828508599708  0.40598592404518374
  0.41670851550950760  0.42736265293068088  0.43783439198622298  0.44817229922136742
  0.45849762198980437  0.46887606112778968  0.47922882442266773  0.48959340465580165
  0.50009448677345392  0.51083242908863902  0.52170181223913270  0.53254480310449237
  0.54327856597294655  0.55401382214765083  0.56468469626461359  0.57526485269416561
  0.58580700300228916  0.59648296410686386  0.60734119915359230  0.61818233038882742
  0.62891078991488270  0.63946434790089690  0.65006758494699546  0.66075186383257278
  0.67160749736377212  0.68243625026203503  0.69310409874758971  0.70372763303237384
  0.71437727653323502  0.72503433599287914  0.73569048400406312  0.74618504301819510
  0.75673427093429790  0.76724843874030346  0.77776684617520886  0.78825257906038571
  0.79888460899459379  0.80943457130131191  0.81997731216509728  0.83054517512487036
  0.84121368266229890  0.85174810107145915  0.86233258923466838  0.87291607231448498
  0.88347865139428006  0.89394660648321500  0.90446722819346503  0.91514499721772924
  0.92595180860458826  0.93650289000136533  0.94716238703020850  0.95791807409271579
  0.96841140738755560  0.97903521792402937  0.98946301026478323  1.00000000000000000
 -0.00236188495072151  0.00935838460842639  0.01896109639073551  0.02941156200851221
  0.03972208038250277  0.05035085681622125  0.06089640999995622  0.07138996634218020
  0.08197563760610103  0.09245509091730944  0.10303591925709056  0.11353968198750340
  0.12265246967155885  0.13202631783480070  0.14147605521694306  0.15168509912048325
  0.16253037728109157  0.17309242749648385  0.18356224306383973  0.19404678475286513
  0.20459783311357257  0.21508791391180909  0.22547840829762328  0.23589391314503388
  0.24642810451748931  0.25699941885620103  0.26750543659225678  0.27804732989044056
  0.28865364178102504  0.29929140689595873  0.30986427851903914  0.32040219035317286
  0.33096501613471319  0.34156621937072540  0.35217841842952075  0.36277401356843020
  0.37336404844581067  0.38394237082892874  0.39447634510103874  0.40493553078187400
  0.41539807161888354  0.42596739126098532  0.43660460648200083  0.44726355934308387
  0.45794321887817724  0.46856474734832748  0.47907368052575244  0.48947780407632369
  0.49990408547495213  0.51052576348906931  0.52120395884931958  0.53192547045823124
  0.54259239603870579  0.55331056935648493  0.56398622009422650  0.57463223301449362
  0.58531266891579092  0.59602165338905799  0.60672568319555387  0.61739775570929767
  0.62807139071020102  0.63875788721211668  0.64943671163071814  0.66007905162158165
  0.67072348605898446  0.68134446220986056  0.69196377214780891  0.70239897961581377
  0.71283206319811865  0.72333764734394834  0.73405092208213407  0.74474925388017632
  0.75538554169881489  0.76602369313865792  0.77670207904682864  0.78728673662647630
  0.79778790348259876  0.80823981303825798  0.81879677536678530  0.82930911745133651
  0.83986175474875902  0.85042395794174108  0.86106411371699665  0.87167903209441244
  0.88240663113841833  0.89328657566642722  0.90404310371295049  0.91492267520586235
  0.92562289952782961  0.93651715688940229  0.94697702907013437  0.95757536194237225
  0.96837803214061635  0.97906068092988963  0.98957548514618365  1.00000000000000000
   6.6780554300368780E-008  -1.0000000000000000     
 F F F F F F F F F F F F F F F F F F F F F F F F F F F F F F F F F F F F F F F F F F F F F F F F F F F F F F F F F F F F F F F F F F F F F F F F F F F F F F F F F F F F F F F F F F F F F F F F F F F F F F F F F F F F F F F F F F F F F F F F F F F F F F F F
  <DiscreteSampler_grid>
  grouped_processes
  1 # 1 for a reference and 2 for a running grid.
  10 # Attribute 'min_bin_probing_points' of the grid.
  1 # Attribute 'grid_mode' of the grid. 1=='default',2=='initialization'
  0.0000000000000000 # Attribute 'small_contrib_threshold' of the grid.
  0.5000000000000000 # Attribute 'damping_power' of the grid.
 # binID   n_entries weight   weight_sqr   abs_weight
    10   10   1.622441182183797E+004   1.257120748755814E+009   1.622441182183797E+004
  </DiscreteSampler_grid>
