  0.00219546746083976  0.01678299218184111  0.03057363014168746  0.04280369382462359
  0.05461741690426588  0.06635502147232554  0.07774330886097111  0.08907767238141698
  0.10020152188116896  0.11116651750000313  0.12203653839119477  0.13293730437757359
  0.14384100828585941  0.15479306930404149  0.16576313055260125  0.17685873728321755
  0.18787059619992469  0.19901137214167658  0.20991543359957290  0.22070152038470245
  0.23134554545505942  0.24215470474482137  0.25272813576094399  0.26320634961679229
  0.27373494429450868  0.28443030439987799  0.29509363823596035  0.30556838929738533
  0.31618936312873042  0.32687504399279227  0.33762632300311385  0.34837346124973823
  0.35905308383457274  0.36968727520907640  0.38022774691623218  0.39076694222370445
  0.40133053619235648  0.41182136499480482  0.42243808741287397  0.43318609991414780
  0.44400918044145743  0.45477925890936338  0.46546413179583213  0.47603038733970188
  0.48654813391810797  0.49701328558485636  0.50755277087589401  0.51801403040298355
  0.52862613440482376  0.53914419651134293  0.54963719396921340  0.56002247472049660
  0.57050272929510426  0.58085608687485679  0.59126311289823397  0.60155714249454373
  0.61198041636803557  0.62244288081338861  0.63301006650874481  0.64360493226585258
  0.65415236530046028  0.66467659717774297  0.67506627478689185  0.68544094160454938
  0.69578983116818915  0.70631823810857064  0.71687292936775404  0.72735476988104530
  0.73780334849588458  0.74834151211765576  0.75882647197372766  0.76938804465130639
  0.77980672158272091  0.79031458413126754  0.80050834976230534  0.81054393003884606
  0.82062903300926759  0.83060096349822743  0.84056142958382052  0.85043228704616347
  0.86057746810492675  0.87100926712216697  0.88132211175808139  0.89127771403296985
  0.90102261740623824  0.91068043816045607  0.92032024036693194  0.93001161392915188
  0.93963017221355649  0.94918069623546086  0.95863439695904562  0.96784745879241341
  0.97678653154984063  0.98501215565761946  0.99354470262960770  1.00000000000000000
  0.00234229999898716  0.01650528828735085  0.03020047748382907  0.04188899683457276
  0.05330595599187404  0.06447518679835285  0.07564257864849341  0.08667767981704839
  0.09783231291748323  0.10905714291563706  0.12022006342301551  0.13119326401079112
  0.14199623210464291  0.15283154357321327  0.16362844113885586  0.17444201399737463
  0.18529334834555863  0.19615543703358085  0.20691699736493396  0.21766774300064934
  0.22839002877554845  0.23899594431448870  0.24956154973735833  0.26005509227584606
  0.27060218679588088  0.28116508884235952  0.29184384645736289  0.30259174253370452
  0.31336302303576191  0.32415747915248755  0.33492249359528953  0.34567896483352506
  0.35644234499057403  0.36714873869232295  0.37773708180172816  0.38826821970869985
  0.39876652294659887  0.40939677483463882  0.42009065378751442  0.43078478494966088
  0.44136556284371675  0.45176074522486193  0.46207870787386440  0.47232741678186707
  0.48257569180048254  0.49289899457566799  0.50332239948125124  0.51378561193464800
  0.52414709694168660  0.53442530854214154  0.54474674038751203  0.55512557377787852
  0.56548479215653613  0.57577789083639641  0.58609709073485639  0.59647278210880805
  0.60690162841266304  0.61730150318295651  0.62767467787045106  0.63798351408596343
  0.64827306719448186  0.65854809783094836  0.66879757555779884  0.67897908641324267
  0.68918950912197419  0.69953105112714764  0.70997531636608813  0.72032401228502008
  0.73057266249174002  0.74077207623874941  0.75083495545877188  0.76079946975232460
  0.77080332283472275  0.78104478514263498  0.79141350536321309  0.80180127309297089
  0.81220001730723657  0.82263669159323971  0.83302355759048863  0.84330594837835526
  0.85345186146047647  0.86352290933863363  0.87350448700631911  0.88340897982151267
  0.89327950959831737  0.90310444822134350  0.91290002863409192  0.92260128116682660
  0.93228593420998940  0.94194026876168713  0.95153386152642716  0.96088142493166606
  0.96986690938193354  0.97820957024097688  0.98655677916552198  1.00000000000000000
  0.00813015252597760  0.00988521671430045  0.01113440749541149  0.01224795939242417
  0.01335402948667428  0.01448180506918128  0.01558227652293015  0.01672202443743783
  0.01788190979149285  0.01904914068576681  0.02023823512358249  0.02147442690778009
  0.02276823552651019  0.02400786911971055  0.02515575011302391  0.02622703130696153
  0.02723488314931719  0.02832983944877847  0.02955234537054058  0.03079743953168185
  0.03205722392243959  0.03334889014651495  0.03466238947490031  0.03599469113339630
  0.03735824069301247  0.03875937377314186  0.04018652923793706  0.04164892122603939
  0.04316223973841490  0.04472055528323816  0.04633406724853931  0.04802443401572026
  0.04979255804166251  0.05162074576017268  0.05348646412865568  0.05539412130415217
  0.05735893850419385  0.05939903517676253  0.06151955333217196  0.06371254065110404
  0.06596895903509910  0.06830314407381756  0.07072067971098421  0.07321980297605844
  0.07580683179757289  0.07850439585676132  0.08132817567428648  0.08427911550329226
  0.08731324403975049  0.09043908022807620  0.09367529089959904  0.09705729736603080
  0.10057660763433508  0.10425395448446957  0.10806996392548901  0.11205038155892671
  0.11620238339431750  0.12055471022926330  0.12508599181119298  0.12978794550649894
  0.13470183573115294  0.13986094889933007  0.14528129476595050  0.15094755099532289
  0.15685546714358684  0.16305475292670157  0.16958901085745204  0.17648772761828871
  0.18366831121447025  0.19116339566120602  0.19906812144082811  0.20749751301445679
  0.21641879042594514  0.22584360444731380  0.23577319564581584  0.24635994437703068
  0.25758193052098100  0.26943232342524009  0.28208112107910149  0.29576014564483377
  0.31044138929946341  0.32600046839589697  0.34272477687309316  0.36104857666550022
  0.38102312515449743  0.40283410909573941  0.42701120221210404  0.45379649427904611
  0.48379083464990313  0.51784234295708886  0.55720841039678659  0.60486089556824540
  0.66796368851218768  0.76769214951642117  0.86055610767653234  1.00000000000000000
 -0.00104297916269131  0.00395064564253442  0.00928498229946293  0.01462781758362523
  0.01999616881069796  0.02537278433963824  0.03076303493613482  0.03615529129694237
  0.04160124815964898  0.04709427633264083  0.05261009100527998  0.05814786902053946
  0.06374045871426637  0.06940621733361536  0.07518167734381026  0.08100373177414534
  0.08675608951556416  0.09245543128005991  0.09820335226151369  0.10405831631167753
  0.10996852683799388  0.11587572425331551  0.12178927768500347  0.12773996448797614
  0.13378201964408024  0.13991439446527543  0.14609933563199318  0.15234683069910085
  0.15863937446155141  0.16497006382605287  0.17139145570656752  0.17788724155270408
  0.18439205983451559  0.19092637284956382  0.19751762504640843  0.20420832047939430
  0.21096678843729191  0.21782676492353142  0.22477697810789513  0.23184724223456446
  0.23902747619677589  0.24621944573522592  0.25342264841827072  0.26063378675790094
  0.26788974505163626  0.27520979064397649  0.28260853065980712  0.29009848264365407
  0.29768078710517942  0.30543049216961349  0.31334405092129203  0.32138069374111417
  0.32945434689973008  0.33753829687002240  0.34575676777390019  0.35404757947507132
  0.36243859979901472  0.37094189469161565  0.37954631421095497  0.38818074321827806
  0.39697951252628877  0.40598836704579755  0.41518392119180297  0.42446266107504799
  0.43386844347570203  0.44361998017097704  0.45367775978033970  0.46377248371927482
  0.47391679841790307  0.48418683623103992  0.49462896117159755  0.50528973200712468
  0.51621975658710129  0.52749974975444347  0.53906270604453732  0.55099705557294665
  0.56336887244328360  0.57593484934692796  0.58869312256833961  0.60184543552204806
  0.61571066215480275  0.62999375719691442  0.64477438699994238  0.66012695025031831
  0.67616622483262678  0.69299909098219969  0.71098950563600427  0.73001605437976502
  0.75006403634073737  0.77168297062838764  0.79546827316899860  0.82175835435886457
  0.85116810558423106  0.88563570948188164  0.93175087528599065  1.00000000000000000
 -0.00227014147411760  0.00916456225759159  0.01877394698099854  0.02959012703872317
  0.04026002610081281  0.05055875364964559  0.06107757484984488  0.07137581947926862
  0.08179896726322919  0.09216305134986516  0.10260200819407733  0.11309707466603382
  0.12368783806840487  0.13419141829112852  0.14474039493347635  0.15529946895314622
  0.16577789824948269  0.17627049362224059  0.18663941891533473  0.19704766672282922
  0.20742031432173541  0.21784856757285376  0.22835894450382407  0.23893084640602585
  0.24949227808425853  0.25991358272711890  0.27036836491240984  0.28091083018082563
  0.29143119964086978  0.30206576974795118  0.31247569737400588  0.32290303937365944
  0.33331094864588168  0.34384708452998886  0.35444994503634192  0.36507158264389378
  0.37570003231117571  0.38616737247109884  0.39646948502335339  0.40679818942271317
  0.41733022021208122  0.42803048275611716  0.43894715789011779  0.44965351733757319
  0.46027744746481386  0.47087471788194801  0.48163071787381645  0.49243413359426513
  0.50314271340685524  0.51367319052297067  0.52424649495194187  0.53475090532027969
  0.54539361012330367  0.55594301098821586  0.56657358719998996  0.57718797762834773
  0.58786326587347004  0.59842198472367258  0.60920161101124104  0.61977837985603734
  0.63045536208309960  0.64091678926270745  0.65141650453102640  0.66195091806494499
  0.67237411736177999  0.68302155770103234  0.69346634448161815  0.70372764626877371
  0.71421162941100569  0.72458006982509904  0.73496261335509017  0.74533091439811372
  0.75589531479977001  0.76676146667772327  0.77738000254961914  0.78788860405647165
  0.79842733855123393  0.80873474984082150  0.81891105480001392  0.82934269173654496
  0.83984968683520356  0.85067478050177237  0.86136359045771060  0.87217233287038087
  0.88282434011323319  0.89357608044869441  0.90432903423784650  0.91510957240349489
  0.92565767392188969  0.93624516119424661  0.94673832927755497  0.95748162833831596
  0.96803390637218711  0.97876196781635449  0.98937291656190562  1.00000000000000000
 -0.01425494853164750  0.06404840600270828  0.11014716254908186  0.14577599466883373
  0.17584447327759301  0.20233458598838155  0.22587461855801474  0.24732764367754323
  0.26733689971096919  0.28620382832932961  0.30405869338088104  0.32111406183437063
  0.33745882732672250  0.35301613652113423  0.36794732919965650  0.38240799970990391
  0.39642413878320076  0.40996269635677035  0.42300030193941729  0.43565846898389049
  0.44775663957213324  0.45949407088530125  0.47091870829791665  0.48210560555733117
  0.49309209848417107  0.50398648498642684  0.51486419929726146  0.52531991014445212
  0.53542528603628070  0.54529802238245384  0.55494907642793134  0.56438069694623760
  0.57365877906584672  0.58291618460013450  0.59223827614321856  0.60146315628456404
  0.61039815918479545  0.61915116970327855  0.62776708771622691  0.63609275003340682
  0.64430396673190493  0.65243571904520159  0.66054424821172231  0.66857885025800290
  0.67655149415696647  0.68434631707970306  0.69206182969332064  0.69974059435399671
  0.70740675764378635  0.71506734644703229  0.72268446678549514  0.73015716434083944
  0.73736317369127535  0.74446686620311187  0.75158984525772798  0.75867355691794014
  0.76569675262988568  0.77255951921139210  0.77929989455296877  0.78590173319669210
  0.79251438341195890  0.79920812530807050  0.80587240105520519  0.81250640693715359
  0.81910337822653356  0.82564978767699637  0.83212985244535720  0.83851084168284129
  0.84480255323370812  0.85103762192256294  0.85725970383458239  0.86346795871531501
  0.86965100276156460  0.87576912619938607  0.88181861869156375  0.88782791186882315
  0.89379056320863992  0.89970390635910036  0.90559653993874967  0.91146937650819959
  0.91728552332934965  0.92304633649993417  0.92877348272174542  0.93446393397225114
  0.94013538192636004  0.94577545557185994  0.95137036637759897  0.95690382283398090
  0.96238089206103072  0.96781904990343659  0.97324695202725875  0.97869014464579607
  0.98412434118466241  0.98947883914269752  0.99474600441192851  1.00000000000000000
 -0.00238469638252064  0.00933272308228813  0.01961421688993822  0.03025830424386132
  0.04079264689957365  0.05156392937558660  0.06223898555251681  0.07264428267473387
  0.08308998734792111  0.09362313954062895  0.10424926177280382  0.11481933406939525
  0.12543042678171140  0.13604600236387074  0.14656879565238529  0.15702585723022661
  0.16763374854986690  0.17824539154304025  0.18890727320892173  0.19962060240783291
  0.21015695651424987  0.22064752263909199  0.23116521440977439  0.24167940890057518
  0.25212001139898282  0.26256586458784570  0.27293501284703753  0.28347758863089378
  0.29388685242333984  0.30432920627907556  0.31490281755512417  0.32546472769618767
  0.33604098912950403  0.34676332095668344  0.35752852461763635  0.36828948479808626
  0.37903461097584329  0.38970671314734728  0.40042142663287228  0.41099967381227659
  0.42161082299764252  0.43213367648356438  0.44270609202175326  0.45338867814985290
  0.46402829256076167  0.47458292420958348  0.48503400165492966  0.49543798531632105
  0.50590188141555381  0.51635521535260998  0.52705594199967265  0.53776853495619459
  0.54835458851226881  0.55882966757159847  0.56930363263317962  0.57977093823425274
  0.59018285105352142  0.60064155338160174  0.61122619806848788  0.62190705482868669
  0.63263699434042142  0.64304887191916305  0.65373200912324247  0.66418135516988130
  0.67474792638076575  0.68532731411701509  0.69585837022400387  0.70642744461497942
  0.71696208370650960  0.72751008515357285  0.73793238090704616  0.74827169925911263
  0.75874587132861249  0.76919132418616099  0.77983325994615593  0.79044318619934262
  0.80124028698968797  0.81178266399782495  0.82227739333463112  0.83280333137468388
  0.84355643661947366  0.85410599054476921  0.86460920400677044  0.87503408287605466
  0.88549806763453998  0.89597615970939304  0.90630352285587767  0.91647773502821772
  0.92677215346126218  0.93687386104131298  0.94762334192731301  0.95819623977523483
  0.96895602670971925  0.97942032441834803  0.98978300726627488  1.00000000000000000
 -0.00226901405026095  0.00898710738166261  0.01921258532704483  0.02967321885254402
  0.04006723329999723  0.05032025598422432  0.06081634301295726  0.07135360175676755
  0.08216189232496929  0.09281113258329332  0.10357463417515957  0.11401096102239477
  0.12459906248523168  0.13522591100515408  0.14593307699846789  0.15658564907567418
  0.16718923825940046  0.17776799524324705  0.18832459702313864  0.19881962598990280
  0.20932295362579992  0.21988878038051854  0.23044088021635067  0.24093177133030041
  0.25146089969959690  0.26208198790835180  0.27276048147529969  0.28325743717961810
  0.29378758218469830  0.30423131940407888  0.31466375896190735  0.32494109949683869
  0.33542531533361108  0.34606170257438418  0.35669453742957896  0.36730677235998077
  0.37799300402072084  0.38864581087303857  0.39907806697409515  0.40934546805552291
  0.41969471719394541  0.43004442023890344  0.44039005432947970  0.45068723507440511
  0.46113942416044118  0.47187753910509034  0.48247910474120614  0.49326404240446159
  0.50388827906037137  0.51450810266089231  0.52504997451827184  0.53568357616994544
  0.54607351438873042  0.55648282845242536  0.56715782621699284  0.57781472188842342
  0.58835990880685962  0.59868320218800675  0.60912781554336004  0.61970511305401277
  0.63005059943145036  0.64051602539450281  0.65105935177674812  0.66195668367528593
  0.67265430733073073  0.68334079757629884  0.69395097476434775  0.70461272734485803
  0.71518394207552705  0.72569836507520680  0.73618485226827801  0.74661858516138979
  0.75736552957825143  0.76799817963977934  0.77877278208748912  0.78941161242381652
  0.80017720896784816  0.81108888054251360  0.82189711218778649  0.83258054206605936
  0.84320473510746974  0.85374495935747674  0.86419487919691129  0.87466015067751157
  0.88526550629126466  0.89594048514252889  0.90633622328909114  0.91671718016834058
  0.92705705211087808  0.93738174952937159  0.94762223496686204  0.95796529485738313
  0.96842703466116031  0.97887187058407699  0.98936342509779529  1.00000000000000000
   6.6506366045365302E-008  -1.0000000000000000     
 F F F F F F F F F F F F F F F F F F F F F F F F F F F F F F F F F F F F F F F F F F F F F F F F F F F F F F F F F F F F F F F F F F F F F F F F F F F F F F F F F F F F F F F F F F F F F F F F F F F F F F F F F F F F F F F F F F F F F F F F F F F F F F F F
  <DiscreteSampler_grid>
  grouped_processes
  1 # 1 for a reference and 2 for a running grid.
  10 # Attribute 'min_bin_probing_points' of the grid.
  1 # Attribute 'grid_mode' of the grid. 1=='default',2=='initialization'
  0.0000000000000000 # Attribute 'small_contrib_threshold' of the grid.
  0.5000000000000000 # Attribute 'damping_power' of the grid.
 # binID   n_entries weight   weight_sqr   abs_weight
    10   10   1.589922471208188E+004   9.666292133673633E+008   1.589922471208188E+004
  </DiscreteSampler_grid>
