  0.00234178724826520  0.01641220338313874  0.03018646556878063  0.04227050683440068
  0.05391083682549544  0.06523644904051351  0.07654820801697428  0.08767460089881050
  0.09876374522702462  0.10991621267324098  0.12107681862732143  0.13215609951220447
  0.14309809354879249  0.15394512424645759  0.16474962654497222  0.17567301648060771
  0.18666847222729732  0.19755897558562768  0.20843038459125518  0.21927025431092503
  0.23018749830189500  0.24106475491296359  0.25197030226422840  0.26277365765945720
  0.27351182570411886  0.28416827059257110  0.29465674465837061  0.30492794962680692
  0.31516467876595289  0.32556255073168816  0.33606181169463750  0.34656740764592014
  0.35709057608851258  0.36769431389538720  0.37837040401414002  0.38900222666244649
  0.39950750751534697  0.40993802365316157  0.42041354059786545  0.43095176614106617
  0.44143085462349196  0.45188980210406487  0.46243051719208567  0.47306132896626302
  0.48360770133538222  0.49411701348431331  0.50458976094734331  0.51502753628524089
  0.52544096440074961  0.53579293485584389  0.54603892985407732  0.55624154519743596
  0.56648306761435918  0.57682532958202226  0.58716107092533620  0.59753242993429245
  0.60795941095958672  0.61843022169287498  0.62878426363034490  0.63903363104195288
  0.64930056659699109  0.65960973408419155  0.66995370504986052  0.68030170629847331
  0.69068346661989677  0.70109403815451121  0.71154659981800783  0.72193893704353018
  0.73220819277545401  0.74238592338125409  0.75257500739772920  0.76285968245164704
  0.77320515345447127  0.78350243608744186  0.79369606724201969  0.80382285890526373
  0.81393967279288348  0.82403714487937585  0.83406729033540306  0.84401441617768780
  0.85398598253300173  0.86395596254972429  0.87386728182732920  0.88373133419980920
  0.89357708565306615  0.90345984809569568  0.91332678435991677  0.92313606338063903
  0.93285991746012720  0.94249040799178696  0.95192005142089620  0.96118490967080517
  0.97020847829938950  0.97864578447379014  0.98708479639021895  1.00000000000000000
  0.00247647065080298  0.01607555176696440  0.02946638890475800  0.04167415022080648
  0.05369709935053891  0.06565543961158507  0.07725311611133656  0.08853420526675142
  0.09964606422560247  0.11059897055607788  0.12166420623043092  0.13255258746852866
  0.14346877315678910  0.15432131517058736  0.16517611459295731  0.17594573868866228
  0.18674591352851377  0.19757447620725552  0.20843015123760444  0.21923020876289914
  0.23000518471941439  0.24079673204510613  0.25154699634717181  0.26231272600985184
  0.27302906702997176  0.28360659105737512  0.29426773572837028  0.30495056403821769
  0.31567576986040197  0.32630130424418613  0.33695494490331968  0.34767082106470681
  0.35824203094633539  0.36884945556968307  0.37941938367688782  0.39015065482507860
  0.40067182885370073  0.41114120489744288  0.42154034653023775  0.43195219318997125
  0.44240493510259477  0.45280028883947354  0.46324822719700604  0.47371021606089969
  0.48419370850967663  0.49467385858964824  0.50517190773020837  0.51582317090767271
  0.52650619908240825  0.53715828838874191  0.54760237844576154  0.55791281255898029
  0.56819263418677701  0.57846648539669387  0.58869303509834792  0.59879653406107780
  0.60891137042126653  0.61910268206950225  0.62937558634235369  0.63964975939158519
  0.64995579546353544  0.66029494811714273  0.67060321207145179  0.68081212567891436
  0.69104115713640146  0.70127472988573569  0.71143777791497442  0.72158336074026630
  0.73186107195469807  0.74241450331868353  0.75299867599366721  0.76343695861680971
  0.77378662082521688  0.78415444546816659  0.79458226822287548  0.80492441215643118
  0.81511859378085760  0.82525799001213562  0.83528241017113558  0.84527841035676177
  0.85530321601488446  0.86543116134785325  0.87554890518564354  0.88548836357997907
  0.89534559739215902  0.90524880358631987  0.91509557922484674  0.92479571389601289
  0.93437480820458985  0.94380308863835993  0.95318177517122915  0.96241704468444167
  0.97133502301261776  0.97967963630601496  0.98771266402569291  1.00000000000000000
  0.00791208915792458  0.00910263829475649  0.01004053994531335  0.01100963857786527
  0.01204595330989719  0.01316335267621239  0.01436652882815002  0.01561426257365232
  0.01685271229671231  0.01809944968672387  0.01936486208531129  0.02066705649036387
  0.02199400781374233  0.02334557939158618  0.02469935188986829  0.02580825095227882
  0.02673121207568654  0.02780706874045085  0.02903194810728562  0.03027393591295858
  0.03151615923150607  0.03278715302288022  0.03408634646557680  0.03542432901226940
  0.03680106785574994  0.03820738242185052  0.03965216196349443  0.04112523966835624
  0.04263656555427363  0.04419094548683548  0.04579674192234140  0.04744650120333074
  0.04914461471868108  0.05089881861662235  0.05271654130305165  0.05459235993557880
  0.05653572662059389  0.05854634560690462  0.06061313470347011  0.06274771802006456
  0.06496461067808547  0.06727611587210983  0.06967865498545468  0.07216709341216578
  0.07474020826198539  0.07738839367514731  0.08012285533099478  0.08295514421686077
  0.08594250747304347  0.08904388702001423  0.09225196165635138  0.09556934563830531
  0.09904840962394910  0.10270443675633427  0.10649499123531364  0.11039039153441910
  0.11446571134096399  0.11875126710961888  0.12322369652323550  0.12783264575501477
  0.13260935344306929  0.13763072202653573  0.14287058882553363  0.14832879087064221
  0.15407008490632521  0.16014840545848735  0.16654823620421891  0.17326162890808905
  0.18023024544364258  0.18758643440788439  0.19542678478926995  0.20376184334674483
  0.21252530606097239  0.22175809560688434  0.23159229961435343  0.24209610110175814
  0.25322044399145971  0.26503368655737597  0.27770465686219165  0.29129418296650822
  0.30577379518771142  0.32130803627432675  0.33810004864907800  0.35632618304590769
  0.37611937978887866  0.39760896471891682  0.42101572913553698  0.44684913994525766
  0.47592288559942969  0.50884258113700576  0.54665140120942757  0.59165297001764705
  0.64786161934972797  0.73027573476198970  0.84654181279784702  1.00000000000000000
 -0.00102463508484112  0.00389771635071098  0.00919770980785057  0.01447135478938920
  0.01979106039435868  0.02517626425087971  0.03062589918974996  0.03609420723104393
  0.04157864700543638  0.04708239498736506  0.05265964085067715  0.05827420605737994
  0.06392641058612093  0.06958663021838327  0.07526559776428507  0.08099071868398959
  0.08671023788812134  0.09245422614446142  0.09826195977686174  0.10411361742434821
  0.10998960995346836  0.11590265550707404  0.12187162839577741  0.12788929332906707
  0.13393228248926106  0.14001001562513213  0.14612864395631905  0.15230029684718838
  0.15854911180384734  0.16485799039496682  0.17124723360828834  0.17772125596443558
  0.18422056871871612  0.19075993488101062  0.19735986376910133  0.20406181071674098
  0.21088956321106239  0.21784460117598548  0.22484998137844528  0.23184842961245858
  0.23884298758296327  0.24587439604333466  0.25294882546776898  0.26002672232487678
  0.26719315795666693  0.27445591743825848  0.28182230316249579  0.28927692679235040
  0.29686680985968789  0.30450344047301009  0.31221006910458698  0.32016577009160663
  0.32822688993291016  0.33646339558313365  0.34489070447460846  0.35329030838660402
  0.36169255284466029  0.37016614489488858  0.37881661193771016  0.38766891726511293
  0.39668128511519596  0.40591673194298356  0.41537092389452912  0.42487918001241909
  0.43435448116598357  0.44390717068270941  0.45372946022063998  0.46378534704113084
  0.47399071064898085  0.48440172335914439  0.49508149959513875  0.50588344233513494
  0.51690427934566108  0.52820741197046106  0.54004370342656194  0.55243810747222422
  0.56525268662958983  0.57828189719236178  0.59134842443261315  0.60452530640518476
  0.61807773814132938  0.63215688003660997  0.64685953077705960  0.66230699415109451
  0.67866357705862579  0.69583386845155593  0.71371551699249081  0.73262790861378424
  0.75272446402190951  0.77412761870236579  0.79723818033292770  0.82303289491859488
  0.85254336476224180  0.88756726433254740  0.93329084253219075  1.00000000000000000
 -0.00230230235404920  0.00902402059889084  0.01926300457016754  0.02964799919919238
  0.04032370657725079  0.05065887314345982  0.06126521783930020  0.07201718520366726
  0.08255295349519017  0.09309418590492145  0.10342051045029527  0.11402961832684401
  0.12465730493882171  0.13534074367683899  0.14620607016897919  0.15670207809456987
  0.16725352171938945  0.17792476593258924  0.18860074391856282  0.19922130080357717
  0.20984985300451553  0.22070362196708138  0.23144625254227444  0.24207008645990793
  0.25259552823779363  0.26310671998101542  0.27357669811127111  0.28411391948225645
  0.29449453191777580  0.30490540632004370  0.31530406223704699  0.32585334636902669
  0.33645757914908386  0.34711256138313701  0.35784740622812100  0.36861677023570327
  0.37949957282971147  0.39060149661706689  0.40135684498186530  0.41197706158549985
  0.42249115411382876  0.43286286580210487  0.44328340812771866  0.45368371951099790
  0.46413217396811368  0.47472531142779456  0.48519609199978592  0.49577339627729072
  0.50602556579805369  0.51621848443422802  0.52659911689596073  0.53707461632291009
  0.54756076528622999  0.55810867825118837  0.56867263322376604  0.57935358200935805
  0.58989183961715075  0.60046237025791094  0.61101644115580200  0.62179951196184025
  0.63226068671325675  0.64269166778530906  0.65298589378474969  0.66336476338774908
  0.67382237125492916  0.68416618004121621  0.69481381941525855  0.70542786926779188
  0.71596529466797387  0.72674158018628943  0.73741905494448490  0.74826600495012130
  0.75876823382635517  0.76922265488605235  0.77974136483408840  0.79051442730084420
  0.80118121888798677  0.81167347253121269  0.82229568990144952  0.83275854771338365
  0.84319914654995387  0.85350228615711232  0.86416328354498761  0.87490068207474281
  0.88501229684912430  0.89531566580622557  0.90552689509864415  0.91602707005304151
  0.92642555642569080  0.93677256878785820  0.94747459927132827  0.95789629528204989
  0.96841919454101622  0.97875285755545194  0.98935789903569038  1.00000000000000000
 -0.01449519171059812  0.06431346977810376  0.10981790628483029  0.14454744556775923
  0.17401608431140814  0.20016492957574661  0.22381181074239870  0.24551399974127908
  0.26556080801335807  0.28426291845408158  0.30223183154431016  0.31966722570615691
  0.33627431799708407  0.35193465252821626  0.36683485614908545  0.38122709041899577
  0.39512083367552797  0.40845377565640728  0.42140010860679367  0.43400752352647187
  0.44623806646337405  0.45825404837778921  0.46999523262511167  0.48141219183282441
  0.49262804276198402  0.50350866248505977  0.51400898329212119  0.52429032819899457
  0.53441948731721300  0.54431272216726212  0.55403820955141736  0.56365574922834882
  0.57317204251503528  0.58256220581386031  0.59173299651581046  0.60080787829155258
  0.60971788316266384  0.61851599668477786  0.62723019805313529  0.63580458107737325
  0.64426024542128912  0.65255715069336995  0.66069921426223988  0.66869764800921816
  0.67667538596020060  0.68459408685152556  0.69247113048616060  0.70024433401225650
  0.70790990608540993  0.71546288584535134  0.72293930353471958  0.73036069192614517
  0.73775475976877558  0.74506413689084028  0.75225270121607801  0.75935084416517207
  0.76638879868771359  0.77347036589583185  0.78056570681024084  0.78759917244794087
  0.79445879856603541  0.80113873925322421  0.80774137247199607  0.81426966533360789
  0.82071538171717007  0.82711826969945001  0.83345575505306502  0.83975181528289522
  0.84603593535818478  0.85227361069001240  0.85844298512109640  0.86458256369922182
  0.87071140687014514  0.87681571376123524  0.88286848825740272  0.88886182801049074
  0.89480575447477140  0.90070983707051677  0.90659691525442920  0.91245429935830868
  0.91825304514539186  0.92398500013406071  0.92963563991151854  0.93523385615657073
  0.94081897764651501  0.94638863064696077  0.95194694779240197  0.95746378851721547
  0.96292021911178050  0.96830334231555792  0.97362987118995703  0.97893285681375375
  0.98425346329633245  0.98957344332876207  0.99480123792788744  1.00000000000000000
 -0.00226993085775278  0.00897573565164313  0.01940208857601735  0.02980617224516516
  0.04045855434891079  0.05083997013797577  0.06126734186467483  0.07184805934824499
  0.08231555611272327  0.09299491571045905  0.10356365214321904  0.11401744708015996
  0.12465071824039535  0.13506333045657123  0.14593869750619790  0.15668595506327654
  0.16760555464221236  0.17852853118684872  0.18938276473815593  0.19989914537597789
  0.21027394577046621  0.22068039579850357  0.23116498195711954  0.24178439349810996
  0.25222225233182877  0.26304748042884252  0.27344219529885538  0.28388402519544320
  0.29401962589691827  0.30430697132176671  0.31454707209912935  0.32503015392473977
  0.33517610302744333  0.34586910638414459  0.35632043150587289  0.36698609337438071
  0.37752967198046367  0.38834293172574574  0.39900855567591753  0.40989002617187503
  0.42026688717638960  0.43080966198860859  0.44123207573927153  0.45171104027370951
  0.46199178781391703  0.47218072084090967  0.48252444997826954  0.49285801836585041
  0.50343814337600523  0.51388993424602802  0.52462200305676621  0.53518913411904745
  0.54569336622165132  0.55613729685047586  0.56661656656154524  0.57718457301062054
  0.58772242675189512  0.59806718083953792  0.60839485134235871  0.61874335759627397
  0.62912863142873077  0.63983734860710018  0.65007013369136246  0.66040394154480064
  0.67094366286754692  0.68169257918186899  0.69228284443890864  0.70260231132600182
  0.71306164809257711  0.72353067776215740  0.73421067595195155  0.74489040643187954
  0.75545825652896115  0.76596126287855071  0.77650391528619045  0.78713802701596669
  0.79766943080672448  0.80814941759202441  0.81859098171863331  0.82892383568900196
  0.83928705241592183  0.84993310837071356  0.86050966112883664  0.87120336774723595
  0.88177617441051725  0.89264064079966543  0.90329045911004902  0.91398548009971958
  0.92458357086587417  0.93540968213042464  0.94610622157428903  0.95692181152747913
  0.96757835312747476  0.97832200786739809  0.98908842931408092  1.00000000000000000
 -0.00219480843101863  0.00883267852693551  0.01885942133331505  0.02937713167056876
  0.04014395961992383  0.05056373218247796  0.06133517351828378  0.07164915136511979
  0.08194646933607309  0.09244290348157809  0.10285996432303642  0.11356187427443395
  0.12389124699498705  0.13454601861449109  0.14512949236749520  0.15557843495050316
  0.16631374046014966  0.17669324105155393  0.18726262680159964  0.19771390667661667
  0.20821576417104515  0.21868031488412845  0.22915119610130641  0.23983607313934341
  0.25044367629960806  0.26082827131064673  0.27114729496015993  0.28151723210971302
  0.29192046570763608  0.30235480267623782  0.31286857421871928  0.32335219690509692
  0.33391415546899050  0.34448142005959276  0.35506980516082493  0.36565200276427567
  0.37618455389566130  0.38675603242812523  0.39722069536385252  0.40753189428023745
  0.41784877142123050  0.42822381024587070  0.43874288520096028  0.44936054470896514
  0.46005791645932992  0.47078822751910682  0.48151534294727560  0.49211792738755883
  0.50272156140121382  0.51327413758270923  0.52384280955192175  0.53446055111297885
  0.54517318305472184  0.55585554173297413  0.56639644621251495  0.57679980650208085
  0.58734995450569005  0.59813418626108572  0.60858405130215443  0.61891718407246743
  0.62943526370248670  0.64002474263749531  0.65062114469334253  0.66099181850925093
  0.67135980874030177  0.68201143432423250  0.69267635674208317  0.70332362017323125
  0.71395836186042183  0.72440972381768021  0.73503113190176184  0.74540164910473006
  0.75594683735927715  0.76637849948809700  0.77683197478413824  0.78741204187670433
  0.79799127748229759  0.80869828004571209  0.81935682988528502  0.83005800316210210
  0.84070472580524480  0.85132259238470276  0.86194555819239138  0.87258302020627743
  0.88332827104714451  0.89393837758313255  0.90456515835673545  0.91490698633193401
  0.92559948201709474  0.93615625100328070  0.94675773596297708  0.95735484187837760
  0.96812845489104637  0.97877702072947514  0.98946315972305710  1.00000000000000000
   6.6693809793351463E-008  -1.0000000000000000     
 F F F F F F F F F F F F F F F F F F F F F F F F F F F F F F F F F F F F F F F F F F F F F F F F F F F F F F F F F F F F F F F F F F F F F F F F F F F F F F F F F F F F F F F F F F F F F F F F F F F F F F F F F F F F F F F F F F F F F F F F F F F F F F F F
  <DiscreteSampler_grid>
  grouped_processes
  1 # 1 for a reference and 2 for a running grid.
  10 # Attribute 'min_bin_probing_points' of the grid.
  1 # Attribute 'grid_mode' of the grid. 1=='default',2=='initialization'
  0.0000000000000000 # Attribute 'small_contrib_threshold' of the grid.
  0.5000000000000000 # Attribute 'damping_power' of the grid.
 # binID   n_entries weight   weight_sqr   abs_weight
    10   10   2.290351304557080E+005   4.228389269096321E+011   2.290351304557080E+005
  </DiscreteSampler_grid>
