  0.00249701625642473  0.01662058359183494  0.03067438352340879  0.04311698005846464
  0.05491360535303641  0.06619287608962067  0.07749656032038582  0.08899780767682665
  0.10082292443543336  0.11264446999938596  0.12433037058896096  0.13604408097361906
  0.14759199888838795  0.15862977103394549  0.16926368689932283  0.17982004948535535
  0.19046138709965565  0.20118331703236503  0.21186998030568452  0.22250278198251597
  0.23310239105782549  0.24380372890239738  0.25474391073108460  0.26586557274619516
  0.27700407936315791  0.28768881620248615  0.29810630320385206  0.30849990049201320
  0.31891495175454393  0.32963578096099067  0.34030056379377777  0.35098996620937123
  0.36161914940606055  0.37214409302443047  0.38257350548721869  0.39294499654591664
  0.40340437949147834  0.41389252936071808  0.42404793145159148  0.43405373429269983
  0.44420494192428966  0.45459201551957290  0.46496331858940454  0.47518712820260389
  0.48548958214757065  0.49588029800515304  0.50630101998475163  0.51675175019175623
  0.52701530008459274  0.53702230653661165  0.54690271271962831  0.55679054986132737
  0.56680675763722299  0.57698966199281299  0.58736608317263317  0.59787222500973036
  0.60855527347848470  0.61943986079591262  0.63060820199538870  0.64193288073229993
  0.65316468629334090  0.66411503443656195  0.67460055814247144  0.68489041978800125
  0.69542654227693224  0.70611841148414478  0.71652827175198464  0.72690455442425406
  0.73771024006582075  0.74876517639152185  0.75956794367860303  0.77003840684093172
  0.78065668746128924  0.79111300252032035  0.80147017573685420  0.81202390979776606
  0.82243350828987349  0.83293039052661000  0.84341082357035857  0.85395607097812998
  0.86435816448521419  0.87473726148010866  0.88513037973261566  0.89570594751364452
  0.90579457617325676  0.91583425569744947  0.92529308543624889  0.93463227256764014
  0.94384883630811400  0.95307416148335200  0.96213673756992413  0.97084113292374918
  0.97906132568260906  0.98651542837695905  0.99344529975787166  1.00000000000000000
  0.00244840822611893  0.01712167663999828  0.03096796893998253  0.04305871685868037
  0.05465393922834097  0.06593190447619901  0.07682113856488154  0.08730443392967810
  0.09774187267942722  0.10830918020139385  0.11916995699746669  0.13022595388422706
  0.14130881055822742  0.15228173648329141  0.16313174453510318  0.17385822968168543
  0.18443642636536722  0.19485806502260791  0.20532454711341916  0.21594196392172652
  0.22650261210481865  0.23693604209506267  0.24730145460494746  0.25777570081530116
  0.26835567781054404  0.27891942444804707  0.28935437128927050  0.29957886171138398
  0.30997358565646688  0.32047908686974691  0.33103030917548548  0.34155983957614250
  0.35215517915915751  0.36273480413688802  0.37354865236037904  0.38482737578485693
  0.39579562204517588  0.40652674523603094  0.41722950520729690  0.42821585713479393
  0.43920249636852338  0.44988955482585913  0.46056234240088001  0.47137410733848645
  0.48213867365209068  0.49281715295167927  0.50348262103004338  0.51412082621741295
  0.52474219774130171  0.53529692130018747  0.54597073664225393  0.55661985783957091
  0.56721862961161107  0.57790570669766239  0.58889724118627451  0.60003071244595352
  0.61097774939964689  0.62156711145477628  0.63181627504600657  0.64205686582555654
  0.65225674669580425  0.66253775268619153  0.67299317851046436  0.68369424165325399
  0.69437822050797604  0.70479259459911880  0.71503898536322241  0.72530272733458989
  0.73569957278675080  0.74613245711202425  0.75635929736842689  0.76632653046218091
  0.77630990400100530  0.78645884871354332  0.79671327086161581  0.80708375521065545
  0.81752829123983106  0.82800807441754443  0.83851096556955507  0.84904446916919640
  0.85985801866842659  0.87067031588867638  0.88112237706313079  0.89123012054607387
  0.90112736970079932  0.91105924324173360  0.92076773547317292  0.93035259369301249
  0.93980929043744277  0.94913689290828385  0.95817002339905066  0.96705822958435850
  0.97577418348606015  0.98402176325478119  0.99218594121652703  1.00000000000000000
 -0.01217529677107606  0.03972917017189892  0.08415085310075883  0.11601872266922780
  0.13412271845185475  0.14676495542803408  0.15914933361253383  0.17118568181329610
  0.18291264363857418  0.19446780139525474  0.20588705719641903  0.21730144238053470
  0.22873187955343879  0.24015749813731982  0.25144231971064629  0.26246243057008783
  0.27370358714656323  0.28482091794531056  0.29574195273416304  0.30640917415842261
  0.31682114692593499  0.32694519758957996  0.33717208961816830  0.34738034319536543
  0.35765655249041139  0.36816120621301052  0.37863674906510542  0.38879197462045945
  0.39890716075020383  0.40904783817787294  0.41889513513051246  0.42834935320919137
  0.43781018480153006  0.44747021722581787  0.45711518945587226  0.46660046617630624
  0.47598349684047192  0.48527644909077083  0.49481297248564543  0.50421761220696248
  0.51390311418469026  0.52352910790514795  0.53318003769088840  0.54267466742739379
  0.55204181666509411  0.56128752982366725  0.57055282643005745  0.57992966251104494
  0.58926257176213181  0.59837753880104694  0.60742590720885625  0.61649780253928244
  0.62556089715093777  0.63461187069963843  0.64362514895055045  0.65259490671322229
  0.66150619023077051  0.67056216097209087  0.67972270745868357  0.68888853391786897
  0.69815328857083137  0.70734203994011191  0.71625087925634889  0.72500714894657492
  0.73384430894231001  0.74280739862215317  0.75177893772968818  0.76078395046819358
  0.76954499209811500  0.77812279719367783  0.78657520268659142  0.79510071078501965
  0.80372938380272763  0.81238675456304477  0.82091964916406612  0.82925890868712338
  0.83745930658781143  0.84569098463995873  0.85407411010307799  0.86257908808202322
  0.87110334819008595  0.87955926357954117  0.88830113984341141  0.89685370287086075
  0.90527738577068551  0.91383026336353967  0.92244164017224251  0.93109327742899883
  0.93967763460819098  0.94823184793849125  0.95681920968769785  0.96543884485427212
  0.97406390156909139  0.98269473448225153  0.99135499110479930  1.00000000000000000
 -0.00240170698969371  0.00920199649395909  0.01909494389669709  0.02908829341978704
  0.03931054469263891  0.04977921127371680  0.06051467220647833  0.07105257839255831
  0.08160591348419322  0.09206014895996711  0.10261066852702275  0.11275548290756139
  0.12295337403767853  0.13314725888146758  0.14370537330637284  0.15421825791877919
  0.16503256351213566  0.17583391360660597  0.18668568210078804  0.19742998056722003
  0.20796600083452649  0.21835406121602971  0.22853539458492370  0.23874408649987144
  0.24911652142535898  0.25955698336860239  0.26971226299857359  0.27984935343192502
  0.29001443281100425  0.30048486567344912  0.31091192332023182  0.32164243002278153
  0.33245731563065262  0.34284382770800692  0.35292466944199646  0.36327976866943557
  0.37398547114385416  0.38469935403847200  0.39538978131839725  0.40628551860315132
  0.41719500954987737  0.42780000536709634  0.43853377707263308  0.44920022093384948
  0.45974071683831153  0.46993737028180432  0.48011142417619540  0.49064973745159257
  0.50093511482837438  0.51117499602035943  0.52141001852335722  0.53202003171942491
  0.54250051056690030  0.55291058383351366  0.56340827215174683  0.57405543761823252
  0.58445168961710059  0.59460862219208777  0.60478831512031384  0.61525322696753915
  0.62583659404392555  0.63661924734995778  0.64723147952919879  0.65775081630275545
  0.66816474394341130  0.67882848370086946  0.68960138708081675  0.70040473025574757
  0.71100266181752669  0.72159810085559417  0.73233720664848290  0.74318516609709773
  0.75406475703580889  0.76493936222767200  0.77556991100026118  0.78610784113778909
  0.79676400120693436  0.80771268490003523  0.81892249870578426  0.82983787798908715
  0.84094694234582967  0.85232969150002236  0.86275585711370140  0.87310382813616383
  0.88322135567253057  0.89355709653007598  0.90369881111070660  0.91435496414574458
  0.92521718922055607  0.93620652023044015  0.94675550148516696  0.95745160090456916
  0.96787119055402915  0.97847642536411417  0.98922003268391989  1.00000000000000000
 -0.00167108544311335  0.00626597939552449  0.01354649149908833  0.02082975839308890
  0.02817846947817770  0.03548685188538062  0.04290914726785564  0.05046995404968101
  0.05818524567465010  0.06598989695105498  0.07377372106764317  0.08140855810581438
  0.08901254762846715  0.09671814666017606  0.10460505857909866  0.11266592985851757
  0.12068694006886725  0.12862497391831298  0.13658834614376966  0.14454824792158352
  0.15256088964011533  0.16067567417497799  0.16875950201490833  0.17679498668028082
  0.18471702426904102  0.19259112368228881  0.20039832406932032  0.20847186153676484
  0.21682123197211697  0.22517214422982174  0.23333856899779762  0.24149016856032465
  0.24972513228840609  0.25822317268682038  0.26670425577047530  0.27525989253288952
  0.28383154736664673  0.29256093194009802  0.30126739565839433  0.31011128455938647
  0.31893084574519059  0.32788851002462177  0.33702465193941594  0.34623291816686619
  0.35536088518600584  0.36445221010410811  0.37360475294705514  0.38272478569226009
  0.39168643736002090  0.40048553827565081  0.40922528713877498  0.41807391511918218
  0.42704500517248306  0.43600697085252599  0.44498259337017271  0.45411837219904377
  0.46342034211372940  0.47278721102795473  0.48216832741179455  0.49165533558732738
  0.50128831568231214  0.51097270652796567  0.52081706115398574  0.53092054397832833
  0.54118541453934477  0.55142434947956287  0.56164932816219104  0.57192168780710639
  0.58237988109903116  0.59304579808565516  0.60389320470676688  0.61475340247838606
  0.62562944359464767  0.63669585617299762  0.64795217689998919  0.65936077952387373
  0.67090857556260097  0.68260186811415247  0.69460078520737911  0.70697259506290266
  0.71983867946942637  0.73318483959914615  0.74709910374496102  0.76119071219271628
  0.77569398678352508  0.79058946165678323  0.80594599275809597  0.82168780278810705
  0.83795767390792142  0.85554121320784038  0.87522255083503642  0.89591554688773944
  0.91721222588969786  0.94035496657790607  0.96776740248024495  1.00000000000000000
 -0.00239460856776580  0.00941305116611077  0.01955696564212055  0.02963488849469650
  0.03988912634078150  0.05061097607196244  0.06152634250268706  0.07256233271478205
  0.08345980043365471  0.09411634930640755  0.10440114736635830  0.11447476961088994
  0.12483747954711487  0.13509452731331581  0.14566577968441680  0.15576665906015755
  0.16588148886767257  0.17614686720287676  0.18641899975376783  0.19680615288900466
  0.20693320813549149  0.21739840320228310  0.22787793190793290  0.23834882574820884
  0.24876794881160158  0.25924992508768685  0.26959076973033136  0.27983430378413954
  0.28969090760762900  0.29945539731698839  0.30949789353236273  0.32010483237764303
  0.33118533613161544  0.34220493780583777  0.35295081812393581  0.36357858882649446
  0.37395669135033915  0.38443832747259993  0.39482317810562384  0.40527558523261392
  0.41591824139192890  0.42693878140740443  0.43806467951838213  0.44875019012225392
  0.45942505506053855  0.47010504096413930  0.48092760986041233  0.49169960148664527
  0.50250777131987767  0.51311012010320101  0.52355717319511841  0.53382293819353155
  0.54404124201041415  0.55413775774702645  0.56447066667117884  0.57506071496760325
  0.58569795367784261  0.59623254691673333  0.60701179291370355  0.61774958677925773
  0.62863500934932459  0.63934365615958233  0.64987797523036617  0.66028148316506363
  0.67066360130452918  0.68134672585544653  0.69224469711137326  0.70291424552860426
  0.71356517394958641  0.72404743204812483  0.73460561025001259  0.74552758342473813
  0.75694497812896111  0.76831159594216769  0.77894298766439818  0.78935409417896074
  0.79988377673401534  0.81073873295525523  0.82149496520813847  0.83206223981129457
  0.84250002158568860  0.85277088021463587  0.86302355526911079  0.87337615697369564
  0.88369875924907637  0.89423871206628203  0.90465115148772257  0.91547131684952099
  0.92601341166320428  0.93663552745782708  0.94714139533032093  0.95785740684112020
  0.96850382280483649  0.97877344502863972  0.98935587144530468  1.00000000000000000
 -0.02965789563211356  0.15696575454925393  0.21898290381456986  0.25962699166473152
  0.28986844646941867  0.31565977762725711  0.33878560180228501  0.35922337468689042
  0.37793793505581114  0.39539483336578979  0.41127798764669060  0.42581467694942471
  0.43940613100936643  0.45231100176053662  0.46470810909268584  0.47650171303605648
  0.48787513938408406  0.49889026396928549  0.50959552308842060  0.51995062891961241
  0.52986596695408383  0.53941318818056638  0.54877365220760332  0.55803547572495416
  0.56690881442759711  0.57533274603391704  0.58350573326169020  0.59161354654501153
  0.59972603909617872  0.60765509148500341  0.61531960096193439  0.62283233595529919
  0.63019804673243229  0.63740899160338538  0.64446079907256981  0.65136252448103049
  0.65816120875805417  0.66486507472296219  0.67157682328034596  0.67831907734659602
  0.68509216970059117  0.69183031186145527  0.69846661287489875  0.70495608965629331
  0.71128441701300771  0.71746441001775507  0.72342957190109958  0.72934958604609901
  0.73522729413395138  0.74106859844982242  0.74692195522832661  0.75245896773960042
  0.75806097511860382  0.76362333293387097  0.76919234367944866  0.77476269330524150
  0.78038073248472473  0.78605899260591028  0.79181855402451895  0.79755307691929778
  0.80316950611544013  0.80871272279230344  0.81425556784833186  0.81981538828407863
  0.82541683251900944  0.83102696366232753  0.83659243640786551  0.84215126069542001
  0.84765838054758824  0.85318971625762108  0.85871691764096558  0.86436882522465697
  0.87002712040830499  0.87568256056108984  0.88128045815411460  0.88680015496533671
  0.89231744894808773  0.89779972290199750  0.90326540190476534  0.90873009172054298
  0.91415086630046039  0.91959368406929143  0.92508201691229608  0.93059455964204552
  0.93612257694827872  0.94166343164563993  0.94722400669365692  0.95283552759050749
  0.95854517368528325  0.96437443071086260  0.97020996686839078  0.97611342073232465
  0.98202607881351989  0.98794872977362258  0.99397777639773577  1.00000000000000000
 -0.00247472679410420  0.00955738418206265  0.01969182317878733  0.03022645027307159
  0.04065928389235807  0.05108991764263082  0.06134440936072128  0.07172846056210569
  0.08203170160893375  0.09264702014065357  0.10320131799881045  0.11387325871252496
  0.12432686717086786  0.13528649827835204  0.14597653796268956  0.15639684962116474
  0.16647989189974061  0.17648871899654872  0.18668756152763191  0.19683138157855570
  0.20715891646489099  0.21730103413592236  0.22734435225422742  0.23744331385203141
  0.24782518582298202  0.25858265209522679  0.26930700333330532  0.27989931687600172
  0.29063238121901686  0.30166752270888669  0.31251368841045923  0.32287426567574296
  0.33302917845785557  0.34348539835669939  0.35411692649465298  0.36473478899993172
  0.37527288837191131  0.38562247071023037  0.39622556200912173  0.40681056962184442
  0.41757710585015800  0.42793906403545851  0.43800856726893594  0.44810545217352094
  0.45826018868278223  0.46899509781870180  0.47959012162866338  0.49048572627395459
  0.50144230505424225  0.51242758788338472  0.52318875821109978  0.53379149241128376
  0.54451659785584994  0.55528105775662406  0.56607119723548460  0.57693419046748251
  0.58779293080576711  0.59832530482570656  0.60853913602073262  0.61874515706964184
  0.62916198382139432  0.63983022904680498  0.65068301787179728  0.66161116456736202
  0.67249708054063551  0.68325306605426239  0.69420997660391126  0.70476907005144929
  0.71534523546478379  0.72581462850046063  0.73659878213025487  0.74727140898209421
  0.75787340535216674  0.76865350864832960  0.77924120546250308  0.78980997325627633
  0.80027630922016102  0.81095047920387664  0.82161628273376774  0.83210455676502437
  0.84247548633148506  0.85271767191957193  0.86330875664354345  0.87372980351892393
  0.88428000719487987  0.89460640536364533  0.90511584672411283  0.91567146987147152
  0.92626578049110175  0.93716353189252688  0.94772780162840498  0.95867316079084075
  0.96911967463629800  0.97974813998617405  0.98980057318867498  1.00000000000000000
   5.7095432632170669E-009  -1.0000000000000000     
 F F F F F F F F F F F F F F F F F F F F F F F F F F F F F F F F F F F F F F F F F F F F F F F F F F F F F F F F F F F F F F F F F F F F F F F F F F F F F F F F F F F F F F F F F F F F F F F F F F F F F F F F F F F F F F F F F F F F F F F F F F F F F F F F
  <DiscreteSampler_grid>
  grouped_processes
  1 # 1 for a reference and 2 for a running grid.
  10 # Attribute 'min_bin_probing_points' of the grid.
  1 # Attribute 'grid_mode' of the grid. 1=='default',2=='initialization'
  0.0000000000000000 # Attribute 'small_contrib_threshold' of the grid.
  0.5000000000000000 # Attribute 'damping_power' of the grid.
 # binID   n_entries weight   weight_sqr   abs_weight
    10   10   3.493807081575019E+001   4.689816286611708E+003   3.493807081575019E+001
  </DiscreteSampler_grid>
