  0.00313048738781026  0.01544116878786424  0.02820465767032069  0.04048168512324805
  0.05289166991713792  0.06533391125546842  0.07717897408782572  0.08828849968859073
  0.09919195725867452  0.10991449227254850  0.12058632966379587  0.13165433465128948
  0.14320352423781271  0.15450885638153136  0.16517465478962029  0.17541203702764724
  0.18532776388995215  0.19527198991743105  0.20550001282811231  0.21654411595391931
  0.22774481973338190  0.23859493073481985  0.24918589163262952  0.26042967562077002
  0.27229269568319669  0.28469113197314111  0.29723758215992724  0.30984494527441836
  0.32173532606921879  0.33267127468631630  0.34365281854152957  0.35462228367051901
  0.36535992179482607  0.37608518182171174  0.38719664001573212  0.39808178642402020
  0.40819831603235696  0.41843615100457482  0.42893492110136039  0.43966769019749102
  0.45076712060172835  0.46197293806179229  0.47246731775482720  0.48241203319802944
  0.49203343092504070  0.50139254837233649  0.51031469057089818  0.51940573646991717
  0.52930299766209543  0.53977253204078324  0.55030096126476846  0.56094945308793698
  0.57178842308838596  0.58285371088685978  0.59407535892157648  0.60488588695552881
  0.61555426915056077  0.62673248256044700  0.63768242582246371  0.64942347642708209
  0.65976032890470115  0.66981751006006551  0.67946283698251853  0.68941931868509176
  0.69987286610295874  0.71047644100746110  0.72124712170653371  0.73180158780479188
  0.74248030899473849  0.75330393360137626  0.76399703899573601  0.77428036456245819
  0.78413124151929392  0.79429506372518843  0.80483182068695869  0.81507365481591654
  0.82505407656764518  0.83493713421553406  0.84464264514423026  0.85387827873874445
  0.86295205462568059  0.87173286086805724  0.88087307920802693  0.89066654485538066
  0.90120290285330251  0.91197252716142641  0.92222080713156862  0.93183835430042317
  0.94083402697143315  0.94948271819539276  0.95830767766677227  0.96708898887592643
  0.97561197599041483  0.98368037927504914  0.99193321931664635  1.00000000000000000
  0.00316679069701293  0.01502464939281022  0.02747068089300481  0.04013527645758543
  0.05285527250985719  0.06565187537144754  0.07766502787533272  0.08908871502593869
  0.10032398337401416  0.11165504994053477  0.12318368283516297  0.13433590324704803
  0.14556931293675440  0.15683344239787006  0.16771766341816302  0.17840775043782034
  0.18933938775969522  0.20050033208802784  0.21205375271630003  0.22337421167900964
  0.23491682507764117  0.24549590093569121  0.25611436405084426  0.26661220665087026
  0.27740633234957485  0.28807418360652376  0.29904127013703524  0.31020195046445848
  0.32121417379610689  0.33206063953132214  0.34205205833102853  0.35171495545345893
  0.36143691387389504  0.37145075627297103  0.38146092933507320  0.39100361820414514
  0.40045012527574869  0.41030258038242434  0.41967360620319383  0.42872582280772642
  0.43777434441686719  0.44768884133232456  0.45795618338100091  0.46832481640937518
  0.47825627169327389  0.48827782916369827  0.49829558429506621  0.50834706226737669
  0.51821376418569276  0.52870172364568868  0.53975514452049944  0.55083281715549903
  0.56171286147928612  0.57267077448501169  0.58339066356774816  0.59332596147518046
  0.60314218386515539  0.61395589114793392  0.62498630519713039  0.63549354973589900
  0.64549115490998643  0.65538074426676707  0.66561533307074527  0.67572575577200955
  0.68576516061417392  0.69597065976331196  0.70599203043650238  0.71659426900684531
  0.72714178843978838  0.73804801215688776  0.74794812802932797  0.75816051719390032
  0.76838064484794810  0.77976939638757881  0.79153234340422685  0.80286389059268837
  0.81368627107578517  0.82413894572812385  0.83460041886969094  0.84530237953769938
  0.85640521125584546  0.86791446461964250  0.87893116890522416  0.88938599390226669
  0.89960180302031323  0.90965400264925245  0.91984201930249776  0.92953867752339481
  0.93965469559625392  0.94967677697766506  0.95921109025899620  0.96830361109809360
  0.97697070974712541  0.98522099222432591  0.99281956059759002  1.00000000000000000
 -0.01511802098127904  0.04686974135307615  0.09565308913796741  0.12465998667279725
  0.13683843140276603  0.14686074904135946  0.15677323677232469  0.16599401261231900
  0.17538628012841412  0.18493022954451360  0.19429346531613179  0.20432504280304589
  0.21386971193611026  0.22339308500470428  0.23281369805514404  0.24268262799925766
  0.25311699023930490  0.26318878667727441  0.27377834052702621  0.28424863982589960
  0.29493215286273794  0.30544112580244503  0.31519826250849531  0.32518015486766816
  0.33582672940965613  0.34643798745660431  0.35641242468779633  0.36573866114949311
  0.37462471602813702  0.38344963959669010  0.39244256974202046  0.40201339227730665
  0.41180057753307830  0.42167044028484418  0.43148054761814242  0.44113473516464641
  0.45047341750927583  0.45958772160105477  0.46873894770783930  0.47802649660507901
  0.48731625668618112  0.49689918053632992  0.50651807854979081  0.51679809178257718
  0.52663064234207468  0.53580231781007459  0.54479996692279298  0.55396658892619788
  0.56370231165487683  0.57345626644872372  0.58283088323672472  0.59163604893646193
  0.60053448042882573  0.60941664067621504  0.61814230043998475  0.62689273034456283
  0.63590925098812723  0.64545410815440518  0.65534023288275955  0.66524245100017831
  0.67488993535902553  0.68432459078553476  0.69367075487848318  0.70264656227670419
  0.71168163656371897  0.72071811649220752  0.72992497814125390  0.73908450826791372
  0.74841493150897276  0.75771342111494655  0.76701174400649097  0.77655468263523353
  0.78608853696437853  0.79561896703053669  0.80481279917193704  0.81375607333432809
  0.82278726877639263  0.83196805968369048  0.84122908768301607  0.85057488056092878
  0.86002831966156634  0.86940472704020666  0.87843038305617238  0.88767014037084546
  0.89692202860398651  0.90624589469201744  0.91567507106311685  0.92515488914401056
  0.93477202279731464  0.94417515110100469  0.95324112291408070  0.96238780516505185
  0.97164807870905401  0.98098794467813377  0.99041058828536177  1.00000000000000000
 -0.00284626397693307  0.00922126067477345  0.02002389226096120  0.03158240591208367
  0.04336836332107682  0.05462944314608750  0.06506608384323473  0.07501645762267334
  0.08487338428490514  0.09493265886861567  0.10546741542367533  0.11651424846234960
  0.12772488466147294  0.13861904725306379  0.14876964542546553  0.15881028453477519
  0.16884484005001499  0.17876183713550381  0.18840226735096269  0.19785574055137881
  0.20727344703320968  0.21683277060594300  0.22657517857412623  0.23665481395773050
  0.24698695022488062  0.25750192754627216  0.26830095682861976  0.27976589969648091
  0.29144603268606772  0.30264358548406456  0.31333266084297490  0.32427473310316057
  0.33573676759850352  0.34735409577106646  0.35895684212028789  0.37014672321703235
  0.38090762402849299  0.39160977217554588  0.40280399758788221  0.41419570156406155
  0.42516244881098370  0.43586737050557145  0.44651357669862213  0.45701134290148887
  0.46760371507936160  0.47872922813919572  0.49056334803004847  0.50225991825024630
  0.51325234029877365  0.52396097956446741  0.53466121676224909  0.54496659438999173
  0.55496001274909412  0.56545293561178533  0.57679709574182436  0.58777212378632304
  0.59772854719692003  0.60785707159497160  0.61815536181410180  0.62817432638653492
  0.63759813157979317  0.64698093457896855  0.65706346761501588  0.66755307529437802
  0.67810386183146731  0.68831372916990541  0.69861586598922176  0.70917019708784867
  0.72011467505614202  0.73098512871674137  0.74178735701540410  0.75231167922322895
  0.76280502414296791  0.77331301181179168  0.78363274251203796  0.79364309620301754
  0.80353272344840276  0.81364734913879244  0.82498935110239224  0.83653604130806181
  0.84792285865672723  0.85892088633996955  0.86946207967165190  0.87936003954538333
  0.88863047706123344  0.89822371809172263  0.90794438910339681  0.91761239965476016
  0.92690704272424373  0.93618239420668770  0.94614984941849756  0.95620628448522593
  0.96665156398412166  0.97733844950978277  0.98874765875569537  1.00000000000000000
 -0.00199200400513557  0.00721489907201520  0.01523450168444247  0.02319543460469728
  0.03087778982377734  0.03832601121150379  0.04592813684691781  0.05383746997910652
  0.06201047517608393  0.07029209686066593  0.07850921817482470  0.08669587187360321
  0.09494910663426699  0.10319781812533915  0.11162625073027753  0.12026574089044449
  0.12860529560151365  0.13700596887445560  0.14563470175005361  0.15432165040853804
  0.16303685005548832  0.17154020434415457  0.17992503492255971  0.18839341916494981
  0.19696465376060729  0.20534910268814305  0.21319862462691846  0.22067316664479181
  0.22807025730269109  0.23561517452431305  0.24327417164038845  0.25115729420248645
  0.25906091523738972  0.26692264440590241  0.27504847342272598  0.28380061055963079
  0.29267227190774164  0.30156184915120060  0.31010907964126222  0.31864637349134983
  0.32695532761996071  0.33543479465267617  0.34418971039161217  0.35293474531237312
  0.36189929385100250  0.37103487398368223  0.38040674761756565  0.39011798136960324
  0.39995775004897077  0.40966999974316265  0.41917090303041171  0.42870289870613454
  0.43836891256655164  0.44838477719664166  0.45827090733917120  0.46786831413354601
  0.47771942872910739  0.48786458844800012  0.49786239777464064  0.50705557372084920
  0.51633740896657576  0.52573815841012306  0.53494303242365060  0.54393079953509227
  0.55344881776534016  0.56319772570400506  0.57342169046162450  0.58369483691694879
  0.59513205386051671  0.60730795773245849  0.61969272272398612  0.63193317667368865
  0.64345295462350505  0.65536157300493836  0.66655162162772774  0.67834013313934527
  0.69015422213029864  0.70274934256202526  0.71604518304794063  0.72942821673258573
  0.74251974679861410  0.75448102296782826  0.76591061502576541  0.77839281276919914
  0.79180421276242396  0.80559456184906009  0.82028653333347101  0.83587595169385509
  0.85206435840493988  0.86850978807277157  0.88623452082493015  0.90546132370827759
  0.92647667128523203  0.94883728656497046  0.97314803163727337  1.00000000000000000
 -0.00210954472511639  0.00889850900283022  0.01850989006007816  0.02825838705069945
  0.03827088663232851  0.04783241005855557  0.05758407346609146  0.06697469548402628
  0.07633518971859816  0.08592733350025675  0.09598125403510378  0.10577857469493346
  0.11528101347225278  0.12500219098475901  0.13494615707346691  0.14470690574762546
  0.15404991949378688  0.16338319926084766  0.17304968101340018  0.18306706746164439
  0.19329213821429189  0.20347428692304245  0.21344068785815071  0.22327540045414548
  0.23322138212730825  0.24329314203103633  0.25332413210871718  0.26346406432845199
  0.27411496200301549  0.28521721154806157  0.29615504774473411  0.30680844796053497
  0.31724859294594848  0.32740597401203336  0.33737675008635037  0.34742346063073354
  0.35741729702934671  0.36752981272757418  0.37773629130087955  0.38788677978113523
  0.39772196257727216  0.40773989595909449  0.41825617721004554  0.42985405620581957
  0.44211059075214926  0.45517104983380280  0.46860882010092081  0.48135169992094329
  0.49301041757305447  0.50407811731092278  0.51500289288040024  0.52600482763471490
  0.53721190392343110  0.54839172923951984  0.55963019385190604  0.57071145512464105
  0.58134540863917850  0.59120780643628112  0.60094572122260470  0.61087269518454568
  0.62054902875254980  0.63000037311456136  0.63955797656870206  0.64948903545432513
  0.65993565677734112  0.67060081515913794  0.68165706324831377  0.69331890205831870
  0.70518406146984458  0.71673668177967043  0.72800573000921565  0.73940663413129304
  0.75046564389824610  0.76134312035299245  0.77166381242015003  0.78211393244829697
  0.79255064597871294  0.80392838433840219  0.81559758984986741  0.82749160654044929
  0.83930746608841300  0.85120551137098188  0.86273779448354226  0.87418298123890137
  0.88518166679449262  0.89578481089410156  0.90599504515354634  0.91605931051885092
  0.92632194775672827  0.93658559972457311  0.94708191369801598  0.95753766095043935
  0.96793767957122290  0.97900894709588238  0.98944133934968526  1.00000000000000000
 -0.01885739483099363  0.12742882366893674  0.18343306838297735  0.22242907471841131
  0.25135758767649463  0.27606815654911177  0.29940379809665640  0.32099278007695525
  0.34005588740209430  0.35772083532609927  0.37442385668171474  0.39033577668642744
  0.40522493684470762  0.41920667158489849  0.43232822704936158  0.44546387706189672
  0.45786221810613614  0.46997041727420580  0.48154353699314451  0.49216147936517279
  0.50249894550620255  0.51189746453178187  0.52109651803931334  0.53033903590811549
  0.53966709086262632  0.54888534785930898  0.55802797361542933  0.56680421757464183
  0.57534356822440247  0.58355846559850921  0.59137706334414475  0.59949890232901382
  0.60778429247822463  0.61619440836347028  0.62414157253164371  0.63155335750413710
  0.63889160924345367  0.64615754492407118  0.65340288052319129  0.66042594660547760
  0.66726257918600163  0.67417946556090591  0.68130391393625245  0.68843815048655232
  0.69524372987681549  0.70167403596562439  0.70802397346036294  0.71401222579234247
  0.71994451816934601  0.72600181682523546  0.73223671139445978  0.73855831272683947
  0.74449062590209136  0.75007051459941076  0.75543835229419287  0.76072810062947538
  0.76603508957383915  0.77143387730987611  0.77713655139718063  0.78305860818836992
  0.78885648365937855  0.79500596013142777  0.80118030640688820  0.80722160089502670
  0.81332051971429953  0.81938282734185286  0.82535162977382925  0.83116053743842955
  0.83675373422236066  0.84234534667975947  0.84814800889274233  0.85389359281635957
  0.85991944368046247  0.86569623256177997  0.87139982040993602  0.87725391476620251
  0.88310117348134320  0.88893836301906326  0.89481636048953850  0.90077600681540004
  0.90693280618446215  0.91327969735562387  0.91935075115396758  0.92532811687716798
  0.93140122343543741  0.93754023153722099  0.94373871712511381  0.94980889594089446
  0.95585696875191384  0.96188254427287323  0.96775671327940715  0.97369080138571173
  0.97984862767607905  0.98631775497278618  0.99318861539337866  1.00000000000000000
 -0.00271466284640625  0.00966623812623345  0.02025741251229130  0.03151237172356873
  0.04316556610493744  0.05508360316870920  0.06708417860022811  0.07915566475119960
  0.09087831694837849  0.10220824980911870  0.11333818095132900  0.12426510019419422
  0.13486340947106382  0.14515720165782589  0.15553628922568907  0.16597184608001686
  0.17643247645090987  0.18690957034574829  0.19743537047386769  0.20808320856584755
  0.21897010720414867  0.23025925350829077  0.24149530898371852  0.25290361526690452
  0.26423221625214555  0.27478158289963489  0.28437484419025283  0.29418943070700465
  0.30447500350423817  0.31518047385335823  0.32551147535049701  0.33555178938491004
  0.34536939845273673  0.35554562802710060  0.36630909755497454  0.37708657931687117
  0.38737955023569504  0.39746167723713199  0.40768946402159034  0.41790945198496732
  0.42798797755578383  0.43854557244069386  0.44889254447943144  0.45874400760510126
  0.46796731865890828  0.47739111489961866  0.48736880201058036  0.49759494813024913
  0.50773930519459831  0.51812811808794490  0.52858781900164609  0.53905478925000716
  0.54926898221933740  0.55973958101512311  0.57048397305781340  0.58110464001736128
  0.59142720036847563  0.60175297908660519  0.61240399195355932  0.62335691282684547
  0.63426237314559064  0.64526627623062005  0.65640203776607953  0.66741707385617122
  0.67825678684979263  0.68907500084984552  0.69996844814177372  0.71056588311858759
  0.72082008358010974  0.73102142093494438  0.74085432935530038  0.75068063972692101
  0.76098901386465312  0.77170058431776667  0.78231334774627947  0.79280921741565935
  0.80355220162846086  0.81420473370453206  0.82454558047602400  0.83452548820400241
  0.84461273174508666  0.85488636920531691  0.86528573305703926  0.87599439540884150
  0.88671061883401925  0.89714146838679310  0.90765108492774405  0.91853358634137316
  0.92999876522982428  0.94081916285744815  0.95097322216315505  0.96104592959802093
  0.97114543332227021  0.98107002234623197  0.99049370482124355  1.00000000000000000
   4.6907700334403157E-008  -1.0000000000000000     
 F F F F F F F F F F F F F F F F F F F F F F F F F F F F F F F F F F F F F F F F F F F F F F F F F F F F F F F F F F F F F F F F F F F F F F F F F F F F F F F F F F F F F F F F F F F F F F F F F F F F F F F F F F F F F F F F F F F F F F F F F F F F F F F F
  <DiscreteSampler_grid>
  grouped_processes
  1 # 1 for a reference and 2 for a running grid.
  10 # Attribute 'min_bin_probing_points' of the grid.
  1 # Attribute 'grid_mode' of the grid. 1=='default',2=='initialization'
  0.0000000000000000 # Attribute 'small_contrib_threshold' of the grid.
  0.5000000000000000 # Attribute 'damping_power' of the grid.
 # binID   n_entries weight   weight_sqr   abs_weight
    10   10   1.299827937500882E+002   5.189382021394686E+004   1.299827937500882E+002
  </DiscreteSampler_grid>
