  0.00242437130642255  0.01602865974214331  0.02974974693454535  0.04189577319194059
  0.05359345631027382  0.06508086582947613  0.07654481699520441  0.08776930918623954
  0.09872624846272603  0.10959658733127257  0.12043865277867666  0.13114277832738999
  0.14179079251756888  0.15255305438389125  0.16347551683002223  0.17436246074518119
  0.18520815803781052  0.19599378781035076  0.20669640338254217  0.21736502753078416
  0.22805119266632556  0.23879786792074539  0.24956181134098651  0.26035926067740328
  0.27106529810910640  0.28170416756063260  0.29236691272726278  0.30310604870063285
  0.31384291272930526  0.32447167558518836  0.33502216789914824  0.34560767431336303
  0.35626026296464847  0.36689896056445770  0.37740073802235846  0.38786546408868533
  0.39841842287117535  0.40906958244820485  0.41969756740029807  0.43026677937446511
  0.44085274195753360  0.45148587842462179  0.46209907981609782  0.47266728184219192
  0.48315641722184016  0.49360046900271431  0.50408337336135689  0.51466477428399071
  0.52530278817937814  0.53591045937686599  0.54645176742338919  0.55694250511996501
  0.56740040505594647  0.57780245337353975  0.58816483730233071  0.59849528368715854
  0.60882365691618778  0.61917652660751055  0.62957531981437431  0.64003352310232065
  0.65052478293032490  0.66100160768731098  0.67136852031464733  0.68169216197886617
  0.69205976203049246  0.70247987817365665  0.71297048316557365  0.72346273015204099
  0.73396728564860148  0.74437458276140722  0.75476112279356322  0.76511047591154857
  0.77552352921916823  0.78582749139677821  0.79601440619568564  0.80595268349932347
  0.81599950113409947  0.82597421755858258  0.83590245071347413  0.84578498435576643
  0.85576248398934485  0.86587195875620870  0.87594103469784967  0.88579319906051601
  0.89526619952066910  0.90431322913837098  0.91344763469771173  0.92256055902862077
  0.93225982590800960  0.94166749517743353  0.95101237056059817  0.96018045932961427
  0.96914416728219843  0.97767218444182380  0.98568264007028550  1.00000000000000000
  0.00282689654448815  0.01465153296553610  0.02703595099202874  0.03932554448223645
  0.05121321254460778  0.06289728095425899  0.07447253536640125  0.08593143910982096
  0.09721459968754782  0.10828627271237382  0.11929582083065086  0.13040389368138242
  0.14150764398032548  0.15261961941015412  0.16357575267374427  0.17455392227712449
  0.18532837770318952  0.19604649851288639  0.20691349622959518  0.21784454738480205
  0.22882005701792418  0.23934807518427914  0.24975734221515733  0.26023533709530566
  0.27085108854618090  0.28152580397617588  0.29232325290722855  0.30327120826261778
  0.31420579469636983  0.32493666340061667  0.33568097513706247  0.34644548868029890
  0.35720734810391125  0.36788488561515637  0.37848171253306867  0.38892981933867760
  0.39945609977983682  0.41011449839963515  0.42077713222033464  0.43130099829773999
  0.44178591358092822  0.45243478774307111  0.46319689403475012  0.47403974278298211
  0.48489821829001056  0.49570431283595406  0.50642673859843501  0.51703808446061239
  0.52761936204217130  0.53822091942755068  0.54880336733479917  0.55941941455707378
  0.57001625073395568  0.58058052441499308  0.59101757676938038  0.60148169714647348
  0.61207279451683938  0.62270808022317081  0.63330431343345117  0.64382372555926248
  0.65436534206035857  0.66492898631223296  0.67545162362742150  0.68596578875520742
  0.69643573321595931  0.70692595501595212  0.71742048451646490  0.72804705059005093
  0.73872523072911256  0.74940543451841612  0.75997118397199659  0.77054887401896799
  0.78104854941991064  0.79147016990272223  0.80177233108126666  0.81215108081498200
  0.82259914873044304  0.83293430348047803  0.84295826084892111  0.85297613560288676
  0.86314923079481787  0.87331469939888162  0.88326728007164435  0.89313192316327261
  0.90311422738354852  0.91324010686488166  0.92338872021935103  0.93342033243504063
  0.94325549491046046  0.95268903776705072  0.96210632882273950  0.97115095472270130
  0.97955052021804234  0.98683359550544991  0.99335299640645403  1.00000000000000000
  0.00665762771893639  0.00742878145676197  0.00807621025257145  0.00870327552722705
  0.00933108013587997  0.00988625549400593  0.01032301117038510  0.01074781740902389
  0.01125745760627377  0.01217217398880085  0.01340026869297085  0.01462636738285815
  0.01588452721275591  0.01716017261325742  0.01841236328225042  0.01967559791992941
  0.02102800018483247  0.02243757730361584  0.02383972099691990  0.02516640193336464
  0.02631222864176149  0.02731701731469059  0.02855036438552662  0.02987615353534165
  0.03121019722808850  0.03253788977850760  0.03390677685997884  0.03531674012572420
  0.03677182743269682  0.03824674905968162  0.03977588109895214  0.04133700630101306
  0.04296426180567291  0.04465044734346644  0.04640330025737910  0.04821201917391175
  0.05007121746296168  0.05198651496737734  0.05395249978418388  0.05596623199641589
  0.05806752310374725  0.06023924921841200  0.06249596353754983  0.06485866448807816
  0.06733691042209164  0.06994601189950990  0.07264473337432527  0.07542113679794242
  0.07823803972306266  0.08118513366533445  0.08431127219514371  0.08758255296790372
  0.09094072281369678  0.09438658268956394  0.09798213220816712  0.10176381142196686
  0.10571458186024377  0.10982118811240606  0.11411985402815625  0.11863477413410216
  0.12337486417354782  0.12835100136551184  0.13356667981112014  0.13898943079606213
  0.14463553947651969  0.15059220509690893  0.15688697424494547  0.16354370846857263
  0.17053201692269102  0.17785368528553205  0.18553635323731835  0.19371995997118133
  0.20250285866246504  0.21176798098962388  0.22147617690749019  0.23182096466840008
  0.24292175417281245  0.25474198224944039  0.26731623802461341  0.28075906117884042
  0.29523889595966019  0.31085533753697475  0.32767914979953716  0.34602697945557481
  0.36602155299516009  0.38793344384512685  0.41206833578886048  0.43878578383341904
  0.46861007246059466  0.50266841238944404  0.54214212263268113  0.58940648715576560
  0.64944425840946074  0.73536734585946284  0.86583375166673948  1.00000000000000000
 -0.00105820538449050  0.00403185892427306  0.00932687037732321  0.01457084740357074
  0.01985869382638163  0.02525185342364771  0.03067585562487201  0.03612229122286629
  0.04160775718690523  0.04714625926426875  0.05273317963932785  0.05837840255203520
  0.06406656298072812  0.06976105161283550  0.07545059722856043  0.08115893984085983
  0.08690029758234297  0.09269255383567956  0.09854498172655252  0.10447542632600543
  0.11048666327460568  0.11656838468733112  0.12269536223944381  0.12881675776080129
  0.13493452964823738  0.14105597864035427  0.14721659135061349  0.15347645687263195
  0.15979587841992066  0.16613473812110524  0.17253256093361366  0.17901173519571839
  0.18554295669053864  0.19220151026615939  0.19892656799570640  0.20572762782337320
  0.21258553484923964  0.21951471612792553  0.22655212707714983  0.23361129058357441
  0.24066740810028375  0.24784264319404209  0.25502344687113049  0.26225745387612182
  0.26959614664773046  0.27702114712073417  0.28448184488263956  0.29204972204529311
  0.29977702643505438  0.30752604768046410  0.31533084807500139  0.32323889882998169
  0.33122005203713623  0.33938303355992938  0.34777299757279539  0.35634449804079332
  0.36446946298432475  0.37237285973096990  0.38026691832174397  0.38842473681536072
  0.39728155100196333  0.40624657503759265  0.41539112582848514  0.42462232429188718
  0.43394606391981894  0.44350599046298922  0.45323222009022635  0.46300760283958814
  0.47290429485543534  0.48311534787403937  0.49370488713904903  0.50459110161642884
  0.51573060476358279  0.52716167924930057  0.53890649482464337  0.55102773356785206
  0.56363965855425602  0.57664408084794427  0.58986173260006269  0.60337431188956447
  0.61746932056722648  0.63198604892344601  0.64695199074346466  0.66247125468732970
  0.67851426942063831  0.69533443394628092  0.71319779227887459  0.73213767658103446
  0.75233307262386095  0.77394355603535903  0.79748375920482018  0.82363222402425262
  0.85300360255969765  0.88756216165799118  0.93364282842425739  1.00000000000000000
 -0.00234678799675192  0.00932354961731162  0.01926574880845031  0.03006793737065394
  0.04075829598063872  0.05165326059317621  0.06237865919912557  0.07304810538759199
  0.08366504324722762  0.09432844507049498  0.10498946290825921  0.11569618118007401
  0.12633102306278987  0.13690319302831327  0.14744376474139992  0.15806813198967545
  0.16866564179192994  0.17906911747165821  0.18951508473406142  0.19994412270547213
  0.21051143340580478  0.22106149840765651  0.23170638928514722  0.24239537205145939
  0.25308477817382263  0.26365777012681296  0.27423152975517212  0.28479900601210961
  0.29537221528489005  0.30596818348311228  0.31653635742090314  0.32721539764505370
  0.33779172260432377  0.34837593194563504  0.35896204842730967  0.36971148966205492
  0.38051707374320209  0.39117484893355936  0.40158706913502595  0.41184019403255323
  0.42217008907398607  0.43261603171516255  0.44311413044871978  0.45355497043840870
  0.46406032380778572  0.47472214001853741  0.48547609785195045  0.49624832651167655
  0.50692358621336364  0.51759194051703095  0.52823744159248243  0.53890032146766820
  0.54942965554354251  0.55990816167040458  0.57034346415179127  0.58084221923399726
  0.59138366934686160  0.60190887182279740  0.61236633586191480  0.62276857693501542
  0.63319437440360882  0.64358760044871655  0.65403472450188760  0.66448746739729669
  0.67492337731610752  0.68526561544018316  0.69562799529195996  0.70609894151939290
  0.71679696524744962  0.72708007532394925  0.73682188354754885  0.74670335756869410
  0.75634414909772252  0.76701990562675526  0.77772159497293047  0.78827710433651521
  0.79882492176191955  0.80926383607381880  0.81994161466039661  0.83059187154804348
  0.84119789964760672  0.85171092404519666  0.86227160110480372  0.87277964840382305
  0.88325183462626566  0.89384124837372347  0.90456264024567568  0.91527703773765712
  0.92605170016514071  0.93653193671216606  0.94703961059163810  0.95769125389589749
  0.96830256361616862  0.97895512554019493  0.98951649607941505  1.00000000000000000
 -0.01434714110993559  0.06409398935005611  0.10984383591579219  0.14520789639028231
  0.17511550396723108  0.20171152987618587  0.22553265216560983  0.24715192739307229
  0.26725946259375877  0.28620267654224424  0.30410122070351003  0.32108004423219755
  0.33722306718576317  0.35276181606772256  0.36770582972397636  0.38206013667414951
  0.39584708516273909  0.40918867472839027  0.42211737949155681  0.43466501807336544
  0.44702691298189345  0.45920778420122987  0.47122349482673076  0.48279317591233495
  0.49386875924452922  0.50450871824663635  0.51479362203909218  0.52505393273442547
  0.53520988099396638  0.54525094487604053  0.55515359891859994  0.56489567838162114
  0.57453430305422093  0.58398643546265205  0.59329734329753581  0.60249143156989382
  0.61149800837426682  0.62028498126510601  0.62894726855240279  0.63749716271298573
  0.64591669866984014  0.65416429920544217  0.66206269128787887  0.66948847728622174
  0.67692951569549487  0.68427207105414145  0.69233785502859391  0.70010861262960244
  0.70785237986414662  0.71547137773567826  0.72305792891630727  0.73056137399480015
  0.73798003061911521  0.74538169193872317  0.75261807120829349  0.75969836426513704
  0.76661468652201403  0.77351400087247713  0.78038957483241345  0.78723668894625232
  0.79402354596413371  0.80071964662929063  0.80731436378688459  0.81389330530245929
  0.82045346064135927  0.82700340364384017  0.83351416914845522  0.83997119099435202
  0.84639424299132582  0.85274281007642072  0.85898420154497290  0.86514495286353033
  0.87128548542658257  0.87740181780765303  0.88346700667308375  0.88949017153497534
  0.89547071156987956  0.90138992533813900  0.90724235970127065  0.91304187751635635
  0.91878978156351343  0.92449388655718101  0.93014819448768404  0.93575329007974850
  0.94125266939061036  0.94671605774244239  0.95219913721502902  0.95768728465424169
  0.96309997535808256  0.96844586763668383  0.97374945013748182  0.97902025613415988
  0.98430414270023836  0.98959359937840596  0.99477341305222045  1.00000000000000000
 -0.00231481182471868  0.00926094319196353  0.01917782121546643  0.02985903535107290
  0.04013681151199257  0.05085550259378800  0.06141780207904284  0.07200504132518670
  0.08254843594518502  0.09335600110910083  0.10419363706998236  0.11469769023032000
  0.12537281626996932  0.13583828086275715  0.14660637941882396  0.15725665953613982
  0.16795168407492972  0.17862586239391262  0.18945220899937623  0.20021829089855220
  0.21091294403451422  0.22139071558385714  0.23197216360007947  0.24251722676767004
  0.25317613875594519  0.26383415864450177  0.27457408284368151  0.28529024484957533
  0.29589618120310118  0.30635668864525872  0.31701270760060507  0.32754329112674163
  0.33830658769980942  0.34886524366311567  0.35957736882752361  0.37008657493969627
  0.38059603075597137  0.39124785718818328  0.40183297488014591  0.41239098605035529
  0.42281086414107710  0.43306484116819333  0.44353918462294645  0.45383605359415669
  0.46414112162502902  0.47457388261582911  0.48516125300701551  0.49604921379777900
  0.50679048504260915  0.51733046020040241  0.52783380803621183  0.53842556135070863
  0.54918410368284953  0.55994346171937059  0.57053801262501913  0.58116342277203981
  0.59173294202080784  0.60243764095143093  0.61300971205353327  0.62362803243593845
  0.63424925906082452  0.64485284877229399  0.65533124730155090  0.66571555120114689
  0.67612866726230547  0.68645944645777868  0.69678974493019996  0.70723992147722636
  0.71793194652489944  0.72872998450234183  0.73929229664434504  0.74987274429507134
  0.76038183164800277  0.77084983628211634  0.78115239466718889  0.79148068412745776
  0.80199224339329056  0.81266297832025503  0.82346335677114180  0.83403235175995638
  0.84379729690509464  0.85348776518734226  0.86312395475853798  0.87355453227310331
  0.88397016822528385  0.89427198739990166  0.90488348454270440  0.91553651153871451
  0.92628572712364421  0.93671064277335181  0.94709561469680992  0.95748088665334363
  0.96810611915596245  0.97880346859494782  0.98938919402835190  1.00000000000000000
 -0.00233598198363313  0.00921306920342741  0.01923335240985749  0.02987878361854702
  0.04048013341007407  0.05111144827735654  0.06168431463255703  0.07230539743155701
  0.08307485205284196  0.09383383363544220  0.10431915073838659  0.11512032209556529
  0.12584566627948271  0.13640087800874295  0.14678300404069522  0.15727858054411289
  0.16788622115311932  0.17840147192541342  0.18894573943207557  0.19986997056513731
  0.21069196553144792  0.22115796469948407  0.23162475247559813  0.24163934070301801
  0.25187100316488542  0.26222861006403819  0.27247398270945911  0.28303144507102973
  0.29342439248577806  0.30408638429856705  0.31473509222584783  0.32534084523536622
  0.33610680979134711  0.34678437674588181  0.35740367716859628  0.36779539614349060
  0.37824084889907494  0.38857309114631672  0.39919304675168193  0.40979522113627298
  0.42048655882615804  0.43104549953322502  0.44157961901596454  0.45213642670631099
  0.46267348173900791  0.47321855931647455  0.48384984582662716  0.49470236099012194
  0.50559350836021488  0.51644193969498442  0.52705964465893174  0.53772644757313448
  0.54837131369643166  0.55897193743540696  0.56959796525064632  0.58020196110601141
  0.59094116454272583  0.60157336756855528  0.61210721624072117  0.62252030250511969
  0.63296604591721062  0.64342625262162001  0.65384290719494587  0.66440919840147472
  0.67507011411069151  0.68573315045283090  0.69627016285909693  0.70688181385771409
  0.71757995279535691  0.72815856391656775  0.73862359258894150  0.74905902137808289
  0.75952940215304943  0.77015922020960026  0.78091344906155769  0.79161548980123531
  0.80216723553462188  0.81261644372760777  0.82239447912522790  0.83215404251355241
  0.84180220280497742  0.85240555746999014  0.86322015544295583  0.87385750916221960
  0.88438226158166278  0.89495782763398246  0.90550459053258214  0.91606143079582059
  0.92649886240690016  0.93700862832902576  0.94757344477066863  0.95817813968814747
  0.96857849492894688  0.97913154447885176  0.98954671034034491  1.00000000000000000
   6.6580550835362237E-008  -1.0000000000000000     
 F F F F F F F F F F F F F F F F F F F F F F F F F F F F F F F F F F F F F F F F F F F F F F F F F F F F F F F F F F F F F F F F F F F F F F F F F F F F F F F F F F F F F F F F F F F F F F F F F F F F F F F F F F F F F F F F F F F F F F F F F F F F F F F F
  <DiscreteSampler_grid>
  grouped_processes
  1 # 1 for a reference and 2 for a running grid.
  10 # Attribute 'min_bin_probing_points' of the grid.
  1 # Attribute 'grid_mode' of the grid. 1=='default',2=='initialization'
  0.0000000000000000 # Attribute 'small_contrib_threshold' of the grid.
  0.5000000000000000 # Attribute 'damping_power' of the grid.
 # binID   n_entries weight   weight_sqr   abs_weight
    10   10   1.499641675662992E+005   1.638534652559842E+011   1.499641675662992E+005
  </DiscreteSampler_grid>
