  0.00234640866249016  0.01653773564271526  0.03006476503213151  0.04216230914229661
  0.05372928816464508  0.06513063325138632  0.07640986014873069  0.08763028938959568
  0.09876595256017541  0.10966530773978003  0.12036831349935954  0.13117889932680638
  0.14210739308111608  0.15301162416684991  0.16382916829835056  0.17461053677088478
  0.18532064974740131  0.19597535529630616  0.20665991094845698  0.21741672521437824
  0.22812528166995194  0.23876232047652374  0.24943974596202423  0.26012058380602576
  0.27078460625352857  0.28137854175014654  0.29205075334016106  0.30279449615592230
  0.31355222801200600  0.32425855430703215  0.33491717216313738  0.34554628844273316
  0.35611856722058011  0.36673809344505159  0.37735673409599069  0.38791296301404032
  0.39842071888604363  0.40890012628208011  0.41951292751968311  0.43015892880666151
  0.44080256237998355  0.45151371674189378  0.46226460750567594  0.47301980774237817
  0.48369247678791966  0.49427470469660451  0.50486802248476770  0.51548004463671027
  0.52609311369017975  0.53663828491942844  0.54716557517955100  0.55767632224784025
  0.56817870293171424  0.57865649439780797  0.58920567427369597  0.59982513403318360
  0.61050595674642816  0.62111566971784093  0.63168509781667925  0.64218626304002824
  0.65273766404068934  0.66323781209738353  0.67362056155547378  0.68371943222428444
  0.69381275360235894  0.70394483494755333  0.71431709394644372  0.72483609904616420
  0.73536319765046176  0.74584141901172074  0.75620995406560532  0.76662091210283412
  0.77680380269530924  0.78681852591872736  0.79695203019474437  0.80712769240202153
  0.81732426649220735  0.82742033623510058  0.83744334376767748  0.84763759836328878
  0.85788406273434115  0.86811428234544308  0.87828813929458749  0.88847254953092214
  0.89883289066794514  0.90893958778950079  0.91895286074735816  0.92869456737621969
  0.93839096902400210  0.94791727104658119  0.95736902022857551  0.96660150050964133
  0.97545440094599545  0.98373702609696878  0.99190520004522442  1.00000000000000000
  0.00237579271828120  0.01638886769938966  0.03002035784128149  0.04219319175497981
  0.05403035917101094  0.06554682160940142  0.07676879341955152  0.08783807413073115
  0.09889867613668274  0.10981441131234000  0.12056554399089556  0.13123475967209103
  0.14206110868484553  0.15299976314613076  0.16398739772860566  0.17478682331155526
  0.18557059137302656  0.19641471695017018  0.20733265399167528  0.21812288226205978
  0.22878607139864107  0.23943404426202608  0.25016994503588541  0.26073942464492944
  0.27131592038627406  0.28191705682241830  0.29256435421156490  0.30329123076695108
  0.31402770296821092  0.32480443012375343  0.33551478246900307  0.34617337171199697
  0.35674711147968163  0.36739687432715101  0.37815774001826769  0.38900561411212953
  0.39965413868806693  0.41010412981385302  0.42051874357716462  0.43086674433260108
  0.44121821046262788  0.45149299635977674  0.46181623431567315  0.47218609038529819
  0.48256051930174909  0.49302164892366707  0.50362527079229646  0.51431127708982849
  0.52490676027985517  0.53528123254018867  0.54555307977171297  0.55575176194992693
  0.56593548295808338  0.57614540052924279  0.58641006124322437  0.59666704031889450
  0.60699257583893051  0.61741012800047990  0.62790891892204415  0.63832839787170581
  0.64863908461137798  0.65893443080430070  0.66929326032606595  0.67977738488185147
  0.69030495680697568  0.70084733278388278  0.71135162843121502  0.72181012592259275
  0.73223017177800998  0.74259155287954504  0.75291691868694832  0.76330025400340973
  0.77374855509989404  0.78415718828104997  0.79451486512916292  0.80482924115007859
  0.81509944218393537  0.82530781840687095  0.83543837916737973  0.84558358636811570
  0.85554750901508414  0.86549494895291790  0.87548945906474873  0.88552237974524883
  0.89546691444171789  0.90528959735279790  0.91512264509092200  0.92489867342902055
  0.93459868161114823  0.94425457997934981  0.95378117906790716  0.96310141459074250
  0.97196323048702526  0.98016644947164078  0.98840454453782589  1.00000000000000000
  0.00824965749037300  0.00991488846349870  0.01101698504715545  0.01208085821072656
  0.01318196505982240  0.01431219884729133  0.01547160552292612  0.01665096978361503
  0.01783118934809145  0.01903447382224056  0.02024532949778943  0.02147284575259273
  0.02274495417246340  0.02404723646575078  0.02529226825630345  0.02636010092752722
  0.02735091894518843  0.02847167923791871  0.02969668231143208  0.03094353505965559
  0.03220792322161341  0.03349761456346454  0.03481197116732501  0.03615074696022262
  0.03750948988826107  0.03888838849812621  0.04030043286322849  0.04175584066298794
  0.04325686106455976  0.04481155769353160  0.04644875293714677  0.04815261011468192
  0.04991451583000159  0.05171980849315753  0.05358452846665326  0.05550439997806669
  0.05747380964438581  0.05949274896607728  0.06159205944540999  0.06378183662222180
  0.06603822036566284  0.06838068101267107  0.07081257877649298  0.07334568954524061
  0.07595939663897491  0.07866330503163856  0.08148195128820715  0.08441947134528620
  0.08745609722962841  0.09059328154886501  0.09382448732636602  0.09716501950859006
  0.10066828785175763  0.10437999030257394  0.10826135781365108  0.11227713070966844
  0.11643213815418361  0.12077284088150271  0.12529037182678446  0.12999057440538450
  0.13490870436624108  0.14008277648343656  0.14545581711103589  0.15104953672537461
  0.15691468822083371  0.16311719690133034  0.16955807431178668  0.17623528123530122
  0.18328097050917078  0.19079727546525857  0.19877170048264153  0.20718358214667199
  0.21607503599008507  0.22541222147755394  0.23514999457914049  0.24543545371618125
  0.25640774021455054  0.26819750453660279  0.28092807699001432  0.29462321833023314
  0.30913199219389575  0.32458773514386530  0.34140109469270741  0.35974004646829288
  0.37976330652338214  0.40158101383404515  0.42533219807388889  0.45155743991270081
  0.48114851956921301  0.51498456241880308  0.55410270420495489  0.60082433680336333
  0.66001901487961923  0.74843814571217970  0.87001294832532439  1.00000000000000000
 -0.00103033801814714  0.00394235656624532  0.00924291832875162  0.01451398102976265
  0.01988133233352823  0.02534604627177010  0.03083868047853922  0.03631954909014509
  0.04179245775314029  0.04731466422029564  0.05288718083366273  0.05847675326149014
  0.06409233804064644  0.06974579416428177  0.07544666816058580  0.08117931195590376
  0.08691631589256145  0.09265466380565616  0.09840485485538990  0.10418293107114975
  0.10999455618337579  0.11583240002343813  0.12172336013944547  0.12768647927810350
  0.13369271194224119  0.13973380185261311  0.14588252700169821  0.15219107252208780
  0.15858346551193869  0.16498145657616142  0.17134258972809444  0.17769255324618655
  0.18407415766419741  0.19052836043471125  0.19708862716483552  0.20378714865773093
  0.21059069477210948  0.21750375683888898  0.22445349847179147  0.23140891982573578
  0.23840629558927934  0.24548571854034404  0.25262517458970779  0.25983753367967766
  0.26709125728171113  0.27448553359466105  0.28194723550631712  0.28955310745082097
  0.29733700399231189  0.30523342056142538  0.31320186699021796  0.32122322475213577
  0.32932284101101228  0.33742471312561345  0.34556146509723390  0.35383072003081251
  0.36228432848762210  0.37093253817053762  0.37968656438903597  0.38856745069080134
  0.39758948298949587  0.40678185073906975  0.41618439264194546  0.42569395865552034
  0.43522347763149999  0.44473816121134163  0.45444554470899301  0.46449035137677719
  0.47481583247600229  0.48519271920186774  0.49566254463194626  0.50635203603687251
  0.51729718500680066  0.52851123462532079  0.54005863262459164  0.55207007372790218
  0.56437905205337657  0.57688246914245067  0.58977366842175438  0.60310236870120282
  0.61712983385591713  0.63159561365919170  0.64651593376297112  0.66215268643430647
  0.67848295616374654  0.69564439651513876  0.71380502526322442  0.73296465994992999
  0.75311214872168575  0.77464737149204932  0.79812958214630170  0.82395967662703362
  0.85347337664307010  0.88827339404104844  0.93307711420031325  1.00000000000000000
 -0.00218749850153794  0.00873846885316669  0.01912022525523330  0.02959056948019458
  0.04043400414219857  0.05111555867624756  0.06177569532314384  0.07233584777517169
  0.08284647478924388  0.09341614079668298  0.10403336834658701  0.11474529913780171
  0.12539357553593852  0.13606156215120874  0.14666921358453053  0.15732254367000170
  0.16781872586228963  0.17815333630462982  0.18853735446278105  0.19901892849734185
  0.20953575377875011  0.22006059671408532  0.23054305172356118  0.24104666354279097
  0.25149287254377650  0.26204500959940757  0.27270401484211348  0.28329475897095274
  0.29371181044477740  0.30405894976110648  0.31445306481401214  0.32495205288514567
  0.33545768204759041  0.34600256449014555  0.35651454289741558  0.36708345003247883
  0.37771058933002710  0.38823725473912080  0.39883498119994482  0.40938360076738484
  0.42003293390362378  0.43057919908929077  0.44094008960279107  0.45125924720453880
  0.46175643802880789  0.47245777763674790  0.48309544504599455  0.49356408271179392
  0.50404385214559733  0.51475065394880581  0.52551965710157311  0.53635924952848879
  0.54685014310268532  0.55716943293235743  0.56768184206918726  0.57846777964312612
  0.58896719322319757  0.59941116942996908  0.60989723540884733  0.62052032841384885
  0.63091835485796310  0.64107649618111717  0.65156845343476211  0.66202944507945083
  0.67275483700689120  0.68336077349648094  0.69415171007380883  0.70489557313985007
  0.71559457295103623  0.72636272766147103  0.73704822740891585  0.74757329975566755
  0.75826411057353327  0.76893082981195238  0.77969050621495195  0.79027642763440153
  0.80087624391748580  0.81138163080231518  0.82177720287934541  0.83228659408948069
  0.84278420600097359  0.85319182907302182  0.86357405576411639  0.87402660409540400
  0.88447033387080654  0.89482729374960157  0.90503832077690405  0.91569284043740284
  0.92623244235140179  0.93679110548797184  0.94738491315248674  0.95790501747621049
  0.96850982152621135  0.97902057282061050  0.98952336772003346  1.00000000000000000
 -0.01432927216089231  0.06384882606686088  0.10988290960749067  0.14522669452922332
  0.17508638765198303  0.20100945434923756  0.22418944079531544  0.24569011770505597
  0.26556943949241568  0.28425044439396396  0.30219187238597384  0.31927820589104627
  0.33566307385174315  0.35152331362195183  0.36694155231505127  0.38127907032847058
  0.39478487426758307  0.40767725287391882  0.42031016899714774  0.43264370714731470
  0.44493822752672468  0.45707383913824878  0.46890961119643854  0.48044022892079430
  0.49180203931054639  0.50285342977900982  0.51355429124900909  0.52398302177601441
  0.53428572108753114  0.54441999114874640  0.55433177063670402  0.56401931253315207
  0.57351764097101054  0.58288549783972132  0.59214299243409863  0.60130169134324174
  0.61037309052077571  0.61931554434989255  0.62814061882883532  0.63681934594771628
  0.64538115096911974  0.65380054710825530  0.66202075020327333  0.67011917790070630
  0.67813447556631457  0.68615116538982568  0.69411942852304898  0.70195622873333252
  0.70956759083140941  0.71707266844748951  0.72449461867639930  0.73192471408618709
  0.73925603496737202  0.74654156797596971  0.75373863549384679  0.76081924639460097
  0.76785333591346594  0.77483667226763431  0.78175739507613884  0.78862195393568857
  0.79540397508867267  0.80212122309803857  0.80876929009531950  0.81529105837434812
  0.82172034886163481  0.82809995556065186  0.83445173236007653  0.84073234746954750
  0.84695830085685841  0.85312466802829279  0.85925127765500875  0.86536893404633430
  0.87146188399310942  0.87752154992709630  0.88354058405458058  0.88950020085081649
  0.89540694694253442  0.90126737775291088  0.90708348698617580  0.91286758519381705
  0.91860896003859671  0.92431080196334026  0.92997922801399169  0.93558746153534911
  0.94112333234118217  0.94661016505610918  0.95208588120587534  0.95753190435466862
  0.96296113274878892  0.96838082216239452  0.97378976263253647  0.97917497682629617
  0.98448222576702227  0.98974305583159927  0.99487233507386974  1.00000000000000000
 -0.00228495701668903  0.00895146643812305  0.01897420714618404  0.02941978048098185
  0.03992253485939051  0.05027055761479668  0.06079716333979592  0.07127212960371951
  0.08200870432648638  0.09259406389049540  0.10338369065537406  0.11366705257951717
  0.12419095659941681  0.13466281954638121  0.14521768921719186  0.15554834266004039
  0.16561315765690010  0.17595420151755276  0.18643950762443470  0.19679164250446751
  0.20722522124355022  0.21771044082350582  0.22830890307905788  0.23878186328916379
  0.24911400430932862  0.25958234324209017  0.27017194803783445  0.28081501734924808
  0.29146677907014601  0.30209467460180395  0.31283650278382091  0.32359922751116049
  0.33429502616387280  0.34488357193782537  0.35535700815030868  0.36589129545346599
  0.37644740660084647  0.38719531451756106  0.39778738674674968  0.40855702704824487
  0.41921868742199225  0.42984459848230233  0.44046735347269084  0.45110677056875831
  0.46162052872030795  0.47212503966598196  0.48261550758636346  0.49316883329880473
  0.50374050560496020  0.51444084238900556  0.52520123163419186  0.53597848481576893
  0.54652271212032721  0.55726570003831710  0.56761852690161285  0.57816759093724479
  0.58831690212598708  0.59874335319054739  0.60897490709973001  0.61918059293053185
  0.62934453070086727  0.63984274902129767  0.65030112560705522  0.66103927479825730
  0.67173744813356295  0.68249738357515422  0.69306535765990307  0.70351763373111142
  0.71393499625818602  0.72442373447365704  0.73494965273001711  0.74557974365630064
  0.75620700520390916  0.76682045367344720  0.77743142588083358  0.78817458823439801
  0.79871070889749451  0.80926107489663746  0.81964844535793102  0.83017500172833947
  0.84071294597470014  0.85120157705741395  0.86174622989165184  0.87230542022291024
  0.88295808016903665  0.89340920136326440  0.90409792640409836  0.91475431892789960
  0.92560777058664645  0.93633874780051329  0.94715151328468639  0.95770336939514122
  0.96809629943794262  0.97857660674255076  0.98928855729583487  1.00000000000000000
 -0.00225528824436056  0.00907143964256337  0.01892115662552988  0.02960910079291703
  0.04032215787331191  0.05078741250911550  0.06107832648321931  0.07158767806377560
  0.08206823113705590  0.09250162006716371  0.10280955617810913  0.11321015874945725
  0.12347342607579229  0.13370674692485662  0.14395651589780439  0.15435742782959092
  0.16496337902072636  0.17559072321675701  0.18620291800242295  0.19665393274943604
  0.20714957407455684  0.21768564630747642  0.22822007962846327  0.23867494419836063
  0.24914203744370489  0.25957963298492448  0.27006039628381762  0.28057997292833686
  0.29120558595099688  0.30179521342878118  0.31232849209648739  0.32282218415651198
  0.33329145786254827  0.34376592452587862  0.35420045337349160  0.36476991169894846
  0.37543396428358033  0.38610289542725390  0.39671379222591635  0.40739256298783044
  0.41816925329238958  0.42905368566767604  0.43982013514192858  0.45043160951599887
  0.46121587251616813  0.47198192111899573  0.48276241211937171  0.49333685379634867
  0.50395585529436948  0.51467080300453460  0.52530743046781347  0.53600223717074047
  0.54675136849164951  0.55762176643997363  0.56838552786096908  0.57903721370906391
  0.58946210388104647  0.59987706352141157  0.61038895797898707  0.62117453473989603
  0.63178146752104714  0.64220667248474861  0.65263647737555475  0.66305449645885606
  0.67357437348676485  0.68408568759441313  0.69437993316576851  0.70490996425645092
  0.71541725258933409  0.72637871080787975  0.73674331729405196  0.74713620465378450
  0.75743795942598269  0.76772882273160181  0.77806108879971780  0.78854545113744090
  0.79909243146938103  0.80978680908404976  0.82026371962370670  0.83099971863291200
  0.84127445651184585  0.85188694137165721  0.86247407882717819  0.87321951558548694
  0.88370433333892540  0.89421013760775137  0.90472452389014635  0.91520782025909631
  0.92575918892096010  0.93631127582814910  0.94697257810480506  0.95751900018624880
  0.96822112901472923  0.97891543667442316  0.98948575782740611  1.00000000000000000
   6.6330982037382225E-008  -1.0000000000000000     
 F F F F F F F F F F F F F F F F F F F F F F F F F F F F F F F F F F F F F F F F F F F F F F F F F F F F F F F F F F F F F F F F F F F F F F F F F F F F F F F F F F F F F F F F F F F F F F F F F F F F F F F F F F F F F F F F F F F F F F F F F F F F F F F F
  <DiscreteSampler_grid>
  grouped_processes
  1 # 1 for a reference and 2 for a running grid.
  10 # Attribute 'min_bin_probing_points' of the grid.
  1 # Attribute 'grid_mode' of the grid. 1=='default',2=='initialization'
  0.0000000000000000 # Attribute 'small_contrib_threshold' of the grid.
  0.5000000000000000 # Attribute 'damping_power' of the grid.
 # binID   n_entries weight   weight_sqr   abs_weight
    10   10   7.953943124178133E+004   4.355976004502397E+010   7.953943124178133E+004
  </DiscreteSampler_grid>
