  0.00248626957411232  0.01607508508932836  0.02974211750154365  0.04207769406604839
  0.05387083481626209  0.06537224533207803  0.07683652364675714  0.08826405093483512
  0.09950459972878617  0.11074521781821861  0.12182692920216148  0.13291077041667032
  0.14394946106188938  0.15492364225544772  0.16577047742269524  0.17656794664451381
  0.18734975482184454  0.19814824543613349  0.20897914689543975  0.21995932781083924
  0.23088730560650927  0.24171642109285002  0.25256283951042563  0.26349949286705820
  0.27432283853415068  0.28504772031865117  0.29587577213252708  0.30675034149213054
  0.31754796111145611  0.32829043494217275  0.33907155154186996  0.34980944319737295
  0.36056340448911273  0.37128589345850449  0.38201017595265507  0.39264220474317224
  0.40328025089733915  0.41382637620518509  0.42444764283614039  0.43508896681738751
  0.44565426160470401  0.45613914441990017  0.46653440315360534  0.47688558608916554
  0.48727411740356752  0.49763489480879819  0.50804162574826028  0.51852072234618418
  0.52907909458705837  0.53956949940986743  0.54996139817410528  0.56033781919392323
  0.57077353728327695  0.58123945627444873  0.59179432754427352  0.60229988044797800
  0.61268255759881041  0.62308087045663763  0.63363985234446696  0.64434129575163879
  0.65495501143083068  0.66548924135710097  0.67596775672524978  0.68652383208017898
  0.69705959626132452  0.70758878747966980  0.71806846893746534  0.72848524683363480
  0.73887462700538831  0.74932034856394447  0.75985763982504595  0.77046122645433335
  0.78104868135095573  0.79171304998511471  0.80227481911895937  0.81272081598643831
  0.82317764094686685  0.83373264765098209  0.84417665052992497  0.85426596578256886
  0.86420159368712768  0.87430958293317818  0.88440388293908745  0.89444496416778263
  0.90441314350534829  0.91437325733560737  0.92422072283677503  0.93398759425237599
  0.94358213035743776  0.95334688125984157  0.96256881194455590  0.97112551487463727
  0.97965824034435722  0.98702700677458177  0.99325309889703439  1.00000000000000000
  0.00225267498032759  0.01675231420169847  0.03042595282622519  0.04246022955070144
  0.05411128248591648  0.06548382025811679  0.07644855623530826  0.08738745244367990
  0.09836367175391550  0.10931323153850744  0.12011835869936133  0.13092802566182488
  0.14188420430161011  0.15287603429150734  0.16394444857454793  0.17478814253457042
  0.18541838160026319  0.19615844871393451  0.20682531722057843  0.21744698409683980
  0.22797258359444170  0.23853709940832518  0.24909288401515689  0.25968810273506138
  0.27038444215675111  0.28120686060747546  0.29198416453321380  0.30263931438362279
  0.31318931364551916  0.32376978099103204  0.33432707980535981  0.34487220209652725
  0.35540284203259337  0.36597263670064145  0.37651978985686663  0.38699067425331229
  0.39740294619079269  0.40779712985135730  0.41821193327483208  0.42867587312383326
  0.43915573426849946  0.44967259060391207  0.46020125836748926  0.47072609895150164
  0.48119680075931115  0.49167067873610282  0.50217815579108549  0.51271449759960730
  0.52320935948701186  0.53366254450171835  0.54415547765183991  0.55471900785819717
  0.56531241649945496  0.57589781841854704  0.58645348004531650  0.59698002548095574
  0.60751414362021494  0.61810590546525479  0.62872891869615666  0.63931339254119579
  0.64979039505100289  0.66016456260311929  0.67053285775926397  0.68090594546618177
  0.69124871396919363  0.70155121938054998  0.71182267896896978  0.72216876646613282
  0.73250620370604769  0.74280225346454032  0.75311352664927789  0.76342679815670234
  0.77373430026043055  0.78400619400796301  0.79429670035339939  0.80456925139885160
  0.81481460412291029  0.82504205812224463  0.83516584499802804  0.84514353006216592
  0.85515578950114102  0.86529398106489175  0.87541441705807488  0.88539829066748976
  0.89524581160542427  0.90512497077929754  0.91501447636786637  0.92479110416664589
  0.93446620582469353  0.94409269666676476  0.95363381408961878  0.96292830647030270
  0.97180195376101564  0.98002203084368644  0.98827586122474531  1.00000000000000000
  0.00796102879213330  0.00953535336769542  0.01059779581532035  0.01162379232140390
  0.01268823331673510  0.01378776241586442  0.01492840395792945  0.01609681044549157
  0.01724139517240584  0.01841394908774936  0.01962164433865874  0.02086546639510264
  0.02211482296828624  0.02336218681402645  0.02459092282870217  0.02573124571380352
  0.02673394137112490  0.02777190325242389  0.02894483727405631  0.03017644616479492
  0.03143507716827713  0.03272950087266769  0.03404597557793574  0.03538043722290227
  0.03673928667296276  0.03813019087119864  0.03956146381184149  0.04103764692337524
  0.04255937008691122  0.04413143783602554  0.04575890872832686  0.04744313238947107
  0.04918024523143568  0.05096920055972662  0.05281808563529621  0.05472890148193006
  0.05671158771477991  0.05876991128659375  0.06088785460573222  0.06304938716894139
  0.06526077331264421  0.06755084350433771  0.06993837894795817  0.07245163792539420
  0.07508619974860685  0.07783699033854401  0.08063367459365055  0.08351190515250112
  0.08649979330096942  0.08966770682285193  0.09297313491526760  0.09639687837798375
  0.09992698930559812  0.10359980284672046  0.10741660831997117  0.11137071218550959
  0.11548282924308480  0.11979116790743571  0.12434069156129419  0.12908755191086591
  0.13399452920082380  0.13910463010428448  0.14446476272660322  0.15010133579214147
  0.15597919179945940  0.16211239924384635  0.16851645479227237  0.17523920930018869
  0.18235543543621252  0.18988929735507018  0.19788530821826963  0.20633178790809306
  0.21530300849754572  0.22482380230686483  0.23490923529270613  0.24561993283936162
  0.25692998917789744  0.26889073770935668  0.28170273304069421  0.29553916369737443
  0.31037434094448157  0.32614921975044814  0.34315025786816816  0.36164581014434749
  0.38170528620384808  0.40366681592518788  0.42774149025696362  0.45437114509624549
  0.48432892328587501  0.51866313795112640  0.55883781275934696  0.60751564540938652
  0.67150836598523422  0.77660228504406636  0.84922117383459561  1.00000000000000000
 -0.00103235828917725  0.00397108034388115  0.00929555341475182  0.01450744805093094
  0.01978332874522497  0.02508088041422271  0.03045218805312147  0.03587674838127383
  0.04132626114713453  0.04677840676560814  0.05225566519559575  0.05775489035920817
  0.06326917011422932  0.06878747560532376  0.07431891611120574  0.07990258133202760
  0.08554225604754308  0.09125853396857236  0.09701509189622345  0.10285027572571458
  0.10882909446687718  0.11488438607187763  0.12095202098366017  0.12702643839112807
  0.13310699072442247  0.13919780709835319  0.14533377499951927  0.15153802724836551
  0.15779470357259209  0.16412937698604491  0.17053835156065530  0.17698299309117044
  0.18346507493809003  0.19000029947095520  0.19665068474598676  0.20341743544819091
  0.21024809418968299  0.21714389347507410  0.22411191882215378  0.23116399984160865
  0.23822175012839508  0.24528724042297581  0.25246165625902417  0.25967482749787435
  0.26698783346387567  0.27437452754644093  0.28177690324955496  0.28922044793064799
  0.29685586461547669  0.30469066638798409  0.31262290598893150  0.32063349374331335
  0.32871782538108857  0.33686660342165781  0.34515620684395792  0.35357031658963900
  0.36199021173805790  0.37051646520323889  0.37915056108291706  0.38787929374765251
  0.39669804090581939  0.40572240646560848  0.41490374581918826  0.42420996691828194
  0.43359511055663363  0.44313494779747531  0.45288517201148060  0.46294215188931565
  0.47313413435287566  0.48365243402836505  0.49455120891734222  0.50550459541614035
  0.51653332492951431  0.52777705224641613  0.53930548449918436  0.55120587975955648
  0.56342164868018285  0.57614059650531946  0.58904929704610887  0.60239579281735167
  0.61637136826649730  0.63100612256372990  0.64615079127938613  0.66188834046420419
  0.67820307318467199  0.69529231342412845  0.71341645705072088  0.73264020959707177
  0.75291519142944896  0.77431398127080531  0.79759462444762341  0.82384803327615053
  0.85366311757403057  0.88854237500569966  0.93445575895023003  1.00000000000000000
 -0.00237995801135975  0.00927767728424067  0.01952105057694844  0.03024566833707509
  0.04099549530906857  0.05181678687481680  0.06243017166959212  0.07288042688781399
  0.08337200793424651  0.09399770775163728  0.10464807115326109  0.11510615508015173
  0.12567225199799958  0.13647833281201921  0.14733107147650226  0.15818641393254748
  0.16889270790181923  0.17969788737933018  0.19037172105529768  0.20101308453397382
  0.21158151001055411  0.22215124479545034  0.23262256964416475  0.24291519540645207
  0.25329323868020553  0.26371311720428581  0.27424044773355039  0.28494083737243031
  0.29528625986511442  0.30559096664699575  0.31575003297797083  0.32599802544269624
  0.33636689024190553  0.34651339441540574  0.35671382286982356  0.36705618120096584
  0.37743865534247306  0.38829764162091623  0.39915948289793918  0.40995108601957075
  0.42045373125116953  0.43091713311168811  0.44154548096124141  0.45222275157699676
  0.46298421954246571  0.47369674528429051  0.48410019979583147  0.49463440236519340
  0.50514998591447413  0.51581288975525563  0.52631057035339190  0.53677661383074449
  0.54729200265077094  0.55793372270741926  0.56847317725040869  0.57906456106347903
  0.58942185158242355  0.59962404715238737  0.60989859756528408  0.62016119114696466
  0.63057006643595825  0.64092673981551040  0.65133760241372174  0.66202477468932674
  0.67252149327117083  0.68278146329126577  0.69314381643273770  0.70354649846984041
  0.71393058018445110  0.72436131233337886  0.73493869139749124  0.74569233942557334
  0.75626959411867434  0.76688607076961601  0.77756091095800706  0.78826125737155595
  0.79900132671724111  0.80949624742301951  0.82004287845343116  0.83047519648785306
  0.84121655624124914  0.85184030334306882  0.86233393669126701  0.87280854865175705
  0.88337072706996234  0.89387648785575535  0.90447341065208031  0.91515263865387431
  0.92568154924119028  0.93630869694263286  0.94676331865498398  0.95737618717290274
  0.96804145689086163  0.97867959602806343  0.98942679548509682  1.00000000000000000
 -0.01419836975894121  0.06342231722611363  0.10930771599410836  0.14500083858446314
  0.17506872228271611  0.20129473745585286  0.22480054353101733  0.24643853851724190
  0.26655227143280974  0.28532996478983891  0.30304281250943516  0.31989266183264198
  0.33609314542477942  0.35170934425215594  0.36668319181763609  0.38115908143978766
  0.39522375929151515  0.40883539859355739  0.42196257820334238  0.43464648010845025
  0.44696205989980825  0.45900407749384614  0.47068695533001575  0.48216436363861254
  0.49340658576518592  0.50439856620784340  0.51514882786510563  0.52567349721968537
  0.53597312988283297  0.54606088826018129  0.55601254734137129  0.56573742235180591
  0.57512947074866372  0.58431888055976133  0.59332920126146294  0.60230919193103283
  0.61103184623141793  0.61964193099577924  0.62816180241952091  0.63665158664403010
  0.64500709799181122  0.65327341599396205  0.66140612655791531  0.66952552422047040
  0.67758821593320440  0.68561290184939816  0.69359572958144333  0.70150688028923758
  0.70925637799148289  0.71683674924923535  0.72430482837577559  0.73169509296437996
  0.73906910120395841  0.74638769660365867  0.75364179324865110  0.76080610558612738
  0.76784764858157761  0.77476817968390943  0.78159322776436557  0.78839403817945164
  0.79518990449603888  0.80196104684171088  0.80865509268962832  0.81524751479157920
  0.82180362239762716  0.82837261075422408  0.83477894058164970  0.84098612212883272
  0.84718971234666851  0.85340049977378452  0.85953087332871803  0.86555186870181522
  0.87148255407079900  0.87738414605359116  0.88326243750939848  0.88908499500375171
  0.89485973251135775  0.90063491114726280  0.90641282479964758  0.91216384486676250
  0.91790078151528753  0.92363917719462152  0.92936412173008520  0.93505481297638093
  0.94068466590178490  0.94625647710992322  0.95181746733070816  0.95734915829727041
  0.96284477677411218  0.96826587451975965  0.97362891131999418  0.97894000434501083
  0.98421338442162709  0.98947811424519760  0.99475339137032759  1.00000000000000000
 -0.00228570269956816  0.00899387656776824  0.01909397145512679  0.02978848720772522
  0.04061991289013636  0.05146521253625312  0.06208857534308350  0.07273671577064135
  0.08345374011051704  0.09430128796922256  0.10502316520890603  0.11554116976480952
  0.12609842165572482  0.13660892659628582  0.14713543414463010  0.15759352223445597
  0.16821661470484350  0.17878891994074264  0.18940904528110677  0.20002599819796579
  0.21062299127648834  0.22116542305903009  0.23153795790092743  0.24176291535284469
  0.25193520057504826  0.26220345555916585  0.27269763774181593  0.28314828539905784
  0.29360101174170328  0.30400610639586967  0.31447750576639766  0.32499286102899583
  0.33550780839595157  0.34599729348444280  0.35655648148487207  0.36715862670925897
  0.37787286812440546  0.38847410051883646  0.39912763073455954  0.40980984404133775
  0.42055341786511058  0.43133651864799205  0.44182034337336307  0.45218017384695536
  0.46249997936994486  0.47286998375827471  0.48329260143539005  0.49349955333743284
  0.50367342872268039  0.51426689795849601  0.52470323951010278  0.53503567638008109
  0.54550577015926593  0.55606754039446848  0.56655403202738730  0.57695762962000119
  0.58745323692910756  0.59813138487673234  0.60877879483075403  0.61941424241267617
  0.63007143808041077  0.64074806274791773  0.65128513069444915  0.66198334453936902
  0.67250222489001377  0.68293738207666066  0.69340001900877080  0.70382751402901955
  0.71444787483980232  0.72500112304163600  0.73581327028677501  0.74651051189736861
  0.75720286710565488  0.76813355064175981  0.77846058859134060  0.78878674951500771
  0.79915836407880236  0.80948609849654785  0.81972200115294658  0.82986367737734112
  0.84023955595990629  0.85100173182854744  0.86159384223515378  0.87209225903063914
  0.88288392201682175  0.89369164545223467  0.90432690507993030  0.91474546800117329
  0.92541341902913321  0.93629852593648788  0.94720697777961071  0.95771134599747731
  0.96818068313887840  0.97879522299893962  0.98934322669676245  1.00000000000000000
 -0.00230096740488096  0.00919558671142528  0.01917716564066720  0.02976539310516994
  0.04032531700458660  0.05102159464176597  0.06180866226579191  0.07241001850534558
  0.08295031129650175  0.09347305214010156  0.10400833148773979  0.11439077492486691
  0.12475095778783812  0.13529177160111516  0.14593219104747737  0.15629868214762210
  0.16671051358259714  0.17734467594441738  0.18800120654297781  0.19827116415031057
  0.20836710672799058  0.21893559412331876  0.22947296880578108  0.24012875634454081
  0.25060528126212017  0.26139465915859594  0.27214176862301820  0.28295079929888650
  0.29352220198524148  0.30404325516588038  0.31447071776328223  0.32523116631475107
  0.33570561423547091  0.34625683434553139  0.35691219774882571  0.36763840816569016
  0.37819286264068369  0.38876060765826392  0.39925202609331023  0.40983664008614568
  0.42028477707435541  0.43073026366745254  0.44143397369136039  0.45219222158546063
  0.46296633487218236  0.47346246574732592  0.48391975797792580  0.49470086627124876
  0.50513269282612927  0.51583033351126140  0.52626596908487755  0.53679405817543790
  0.54705844175247043  0.55712880439912560  0.56759862039100650  0.57789686192180778
  0.58851144114305243  0.59899399465375069  0.60966622954169625  0.62028066014743222
  0.63067262811825930  0.64143792271757694  0.65158755202367735  0.66175034137283917
  0.67223767441779436  0.68268063016847080  0.69294783969908391  0.70300090624080969
  0.71328927469682957  0.72386270105492312  0.73452593258813947  0.74510209603477706
  0.75578525536757835  0.76640334242225594  0.77698538351864588  0.78752253390866056
  0.79815006958528578  0.80875353603954336  0.81937548281945338  0.82994194873847116
  0.84047088348238885  0.85095110192891887  0.86161059510217930  0.87230183566729580
  0.88321513581930966  0.89400457234253028  0.90487077193284904  0.91568579008921658
  0.92611469883555464  0.93672164127895385  0.94703607556409874  0.95771728001382017
  0.96822578583415031  0.97885553906865841  0.98948016868014477  1.00000000000000000
   6.6636396919573228E-008  -1.0000000000000000     
 F F F F F F F F F F F F F F F F F F F F F F F F F F F F F F F F F F F F F F F F F F F F F F F F F F F F F F F F F F F F F F F F F F F F F F F F F F F F F F F F F F F F F F F F F F F F F F F F F F F F F F F F F F F F F F F F F F F F F F F F F F F F F F F F
  <DiscreteSampler_grid>
  grouped_processes
  1 # 1 for a reference and 2 for a running grid.
  10 # Attribute 'min_bin_probing_points' of the grid.
  1 # Attribute 'grid_mode' of the grid. 1=='default',2=='initialization'
  0.0000000000000000 # Attribute 'small_contrib_threshold' of the grid.
  0.5000000000000000 # Attribute 'damping_power' of the grid.
 # binID   n_entries weight   weight_sqr   abs_weight
    10   10   5.173802499010729E+004   9.727911418627308E+009   5.173802499010729E+004
  </DiscreteSampler_grid>
