  0.00234391602729744  0.01634805958308692  0.03020176191834622  0.04247534051097132
  0.05393977126002536  0.06510400821191492  0.07609846951039766  0.08692605600117004
  0.09769465875241910  0.10862235095459515  0.11979260944438785  0.13080319396781620
  0.14156448071024608  0.15220610724282863  0.16273197421105126  0.17319672972175337
  0.18366438615817296  0.19417080336005585  0.20470850247248878  0.21523834119588445
  0.22580789945210095  0.23641677661232544  0.24701938176566135  0.25760360682482919
  0.26816895267128205  0.27875308277010374  0.28934068888566017  0.29991665679111934
  0.31059718181552881  0.32138669974216300  0.33221390753930952  0.34294686290301396
  0.35362750930001147  0.36432842771530660  0.37497121337084038  0.38552007729917975
  0.39600941705773030  0.40655561767661830  0.41720837321691134  0.42793103219909917
  0.43863517997474771  0.44927037676568110  0.45981352012596333  0.47033519644208416
  0.48088469590262772  0.49153433959662651  0.50223525613902442  0.51292027228735781
  0.52347094818485862  0.53390679658308771  0.54428798513647336  0.55469024790695998
  0.56516865062088828  0.57571417682285031  0.58626711195351300  0.59673133839217862
  0.60710863293449335  0.61738694585602327  0.62768118309091314  0.63802992809186043
  0.64820148435322100  0.65804258844540142  0.66783210346024968  0.67785025306357094
  0.68799485970116148  0.69820591169325763  0.70847025937408203  0.71881899889969469
  0.72922045136398184  0.73960019873100058  0.74996789739112768  0.76033386213555165
  0.77064422353636863  0.78091579583790072  0.79115143215400352  0.80132351859801454
  0.81142179005006310  0.82154440625120506  0.83176852611850849  0.84208233216351858
  0.85244977269320277  0.86262322088118792  0.87252751561019759  0.88235813150598208
  0.89197715260314692  0.90167791040822443  0.91148703235708228  0.92139115462977206
  0.93135404056885007  0.94116034690372496  0.95065911399898295  0.95991353424726733
  0.96884337017263178  0.97743818579942010  0.98552519128332183  1.00000000000000000
  0.00245463985723962  0.01605143027166362  0.02934058382744841  0.04080561256346583
  0.05226453730854209  0.06353397152448242  0.07443585355658958  0.08520064754476823
  0.09608386168411805  0.10688459708714870  0.11760175540462187  0.12825893199256660
  0.13891264602803413  0.14954010480996313  0.16011160744614519  0.17067724932621792
  0.18118962953789322  0.19186499520245603  0.20281019716279194  0.21385261918120907
  0.22487536996233753  0.23587897134997826  0.24675832409350659  0.25755893990471557
  0.26833054546303442  0.27904963823902668  0.28973660272986418  0.30046675162547815
  0.31122332855519325  0.32198622671138505  0.33261776870712711  0.34307727245826525
  0.35346929599324300  0.36382695989308722  0.37424625551210572  0.38466014423313538
  0.39515716179583416  0.40579697351175986  0.41652917168026143  0.42702571783102089
  0.43734138723089444  0.44755674817912744  0.45782854175744908  0.46817566007528727
  0.47863284446499477  0.48919963048668319  0.49981906211134425  0.51040402010682706
  0.52091166554471013  0.53135646673362968  0.54180967900922195  0.55228031481463469
  0.56276700223750153  0.57312660552203987  0.58338020534351120  0.59365473366827837
  0.60401481041477978  0.61442665226849880  0.62478332532752467  0.63514187329707827
  0.64557206305410220  0.65605012340475599  0.66657111519077616  0.67711569221581180
  0.68763389135785569  0.69809163293300658  0.70844710543853295  0.71870092367373639
  0.72901170147642258  0.73940691090941346  0.74976087269981073  0.76001346635472578
  0.77018100608173834  0.78036029402911067  0.79056939603510523  0.80077844362645156
  0.81096841679191867  0.82117194883810085  0.83137152265940439  0.84155136238066786
  0.85171387294197187  0.86177896997019154  0.87179108997257326  0.88174877142835084
  0.89162594412359564  0.90144060278776261  0.91116970412575626  0.92085740207089528
  0.93064422716084516  0.94047188385194869  0.95025049729208944  0.95981951113259745
  0.96903482807635066  0.97769049288005305  0.98582431621235811  1.00000000000000000
  0.00803395743508849  0.00915835384986127  0.01011908394939807  0.01117639147709823
  0.01233233186749121  0.01355992559145227  0.01481440621411267  0.01604956879974038
  0.01725776788523561  0.01847744286979814  0.01972072690313965  0.02097339483077679
  0.02220951149512888  0.02343367422703806  0.02467291295358066  0.02585700619354247
  0.02682156302594657  0.02785672355413445  0.02906653852447870  0.03033812785244469
  0.03161537979215299  0.03291022543929632  0.03423295744523661  0.03558570912823172
  0.03697002835156964  0.03838084932276023  0.03981807739356633  0.04128540492000494
  0.04278666823093284  0.04433403701117549  0.04594407832897034  0.04760789777192521
  0.04932988237578323  0.05110758162583515  0.05296050139621453  0.05488477957193928
  0.05683582218910864  0.05882947860936138  0.06088861437134703  0.06306080347599453
  0.06532479724886447  0.06764300229754133  0.07002137181403148  0.07250923294345020
  0.07511973686170668  0.07778834178795088  0.08050818754306598  0.08334117031046812
  0.08633708729247941  0.08947823604590090  0.09272705271445546  0.09609996430075157
  0.09961367479030242  0.10328246422163972  0.10708673942146207  0.11102891919940197
  0.11514257487171561  0.11945666587262353  0.12402034046255930  0.12877538279697226
  0.13366318451589912  0.13868541257911185  0.14392997143581315  0.14949626042099937
  0.15533887332421173  0.16142416519592825  0.16779379677878573  0.17453346555432703
  0.18167820025882614  0.18921914712523069  0.19718646184722960  0.20556571409328542
  0.21437775070797843  0.22366584267674697  0.23362646672363588  0.24424914956289806
  0.25549824074245536  0.26738900683799693  0.28003585548438148  0.29353038174178409
  0.30810459735324980  0.32389648323451892  0.34079462073499722  0.35894251915929354
  0.37884085119471500  0.40077491797370207  0.42482039305765951  0.45128491907802631
  0.48088459135152539  0.51456817185341541  0.55335247705023460  0.59975463733494749
  0.65876098731043564  0.74798897349786497  0.86034119153680677  1.00000000000000000
 -0.00103014969596154  0.00403167349884191  0.00909191664820646  0.01414065028209471
  0.01932819284616746  0.02456427288556986  0.02989779424861429  0.03526634947645397
  0.04066362420276155  0.04603915647592033  0.05142395003934801  0.05686943695199285
  0.06242833755267772  0.06808635020170493  0.07377867781645926  0.07947755970750095
  0.08515488359348464  0.09083151291055711  0.09655851565273128  0.10232910311514080
  0.10814657588612787  0.11401139022518202  0.11994277836518155  0.12596043579005520
  0.13205306393249286  0.13818205100962608  0.14433635043465987  0.15055144455761529
  0.15684672424404944  0.16321061967214534  0.16962743456181370  0.17607397162241381
  0.18252872149954180  0.18904854614568023  0.19568175926818621  0.20239638641713681
  0.20920311472628997  0.21608185653172352  0.22307102618302119  0.23020295260500134
  0.23743775290522662  0.24472670325700591  0.25201064160536513  0.25929356601599135
  0.26666891953295763  0.27414555354867798  0.28167127487165011  0.28922568483835032
  0.29677752685710362  0.30441707028405718  0.31216597726483292  0.32008507638427935
  0.32811533143273258  0.33625061028357955  0.34454823743170565  0.35297056801663756
  0.36149690624275821  0.37016493639486892  0.37888062228014691  0.38779333688724471
  0.39672185862044490  0.40570222895610342  0.41479757425975849  0.42392719155002223
  0.43327601870416110  0.44273552377931097  0.45221723146105408  0.46187302696139765
  0.47196434620530103  0.48225881403004628  0.49301391333826505  0.50401476915233723
  0.51539175207685983  0.52687802362892888  0.53848192250598215  0.55041825793465604
  0.56281339962601185  0.57562281391308823  0.58874896336211435  0.60218704041483873
  0.61606170571799912  0.63059671554790520  0.64570504109496940  0.66126795736436561
  0.67745673684877150  0.69444219909492877  0.71217187912020086  0.73101382138595461
  0.75137682870448996  0.77343974617866840  0.79712416526718877  0.82325233712849588
  0.85282426747700424  0.88768680936249855  0.93375263832216748  1.00000000000000000
 -0.00234575442682096  0.00924845665213246  0.01925721378734652  0.02960742439301291
  0.04010941359601981  0.05056726858561716  0.06093856702624009  0.07164551392216569
  0.08233239896900502  0.09293455489968311  0.10342137738524286  0.11396306093782019
  0.12458081713082812  0.13507977225310761  0.14564485673512501  0.15628278915337493
  0.16683033888767482  0.17730480958056127  0.18797675105752959  0.19896363931643629
  0.20968274861584191  0.22053211897174882  0.23113856346382877  0.24193457977309765
  0.25257610012832604  0.26329455052114520  0.27386640228142689  0.28438365415318184
  0.29491213719627329  0.30557070593796759  0.31615353122486878  0.32649622258457567
  0.33673185083663476  0.34696707550810396  0.35726536240802614  0.36754255734907804
  0.37802370568357813  0.38868094367995137  0.39923778807888216  0.40985237061071167
  0.42024303864046020  0.43058540241042509  0.44099688489356165  0.45126920897206130
  0.46145828902447950  0.47171522061203441  0.48203354684083316  0.49287851938652183
  0.50351910418946044  0.51393204881653209  0.52456059341708305  0.53495159967916550
  0.54528203336433656  0.55553948172937428  0.56595433280919905  0.57646862066104809
  0.58710640801195801  0.59772751325904094  0.60835711264771508  0.61908472946022808
  0.62990223928027311  0.64067462616436999  0.65136608235127613  0.66223718988431535
  0.67299248173599258  0.68359904039186514  0.69402567253494152  0.70439603458095890
  0.71470296479786433  0.72481666030128244  0.73496998178545803  0.74539090585032031
  0.75596298666699213  0.76667188322207802  0.77735848391076245  0.78791354163820093
  0.79845841008895979  0.80913666798877393  0.82001198257654995  0.83079015037444237
  0.84139787099244945  0.85206471146187979  0.86250371364152623  0.87297101357886542
  0.88354581901787943  0.89408175782793486  0.90457380147263511  0.91502858519908148
  0.92562857029697676  0.93642406441056480  0.94696373813689605  0.95791347311016373
  0.96828658944282897  0.97901554958642090  0.98946427731394782  1.00000000000000000
 -0.01401635308670031  0.06286938065117188  0.10803018909610809  0.14333449901898571
  0.17337556515562771  0.19963162746809060  0.22318085981288657  0.24491937407672690
  0.26527980750715580  0.28440103533882272  0.30247773412201873  0.31952679111950999
  0.33557151078988767  0.35093485955749060  0.36589528406271710  0.38021134749441388
  0.39398722305894135  0.40760696770540983  0.42068826381031371  0.43333414113296936
  0.44554000032359542  0.45757524519828452  0.46923227070942808  0.48071905338408494
  0.49194999545667123  0.50291708619568487  0.51364973718127904  0.52423068976359666
  0.53466669725997817  0.54498236239977926  0.55514114757989474  0.56498978276296441
  0.57429886167650623  0.58341873488045037  0.59243306255911921  0.60129788380826665
  0.61009204107324577  0.61875120682174423  0.62733957601475399  0.63595301995008402
  0.64451368104388296  0.65292471716830125  0.66119947428896408  0.66945412932279069
  0.67760462500553009  0.68567468026159895  0.69355848557300404  0.70129804209029623
  0.70896047350821989  0.71652552092866539  0.72403970789439975  0.73136203520433007
  0.73852426181898456  0.74561285488098883  0.75265983566376371  0.75968073531739833
  0.76668776171511588  0.77367004890606328  0.78060596036334418  0.78740564620210574
  0.79417135543599171  0.80094176401718009  0.80766375039057248  0.81430895926593649
  0.82085224362090303  0.82732409009319496  0.83376382718080333  0.84014987196058688
  0.84648394396750171  0.85277889326541778  0.85902456828982854  0.86520305070322268
  0.87132804675003372  0.87741494548240417  0.88347627015996255  0.88947747921768694
  0.89540586984744552  0.90131946758520920  0.90721940110290034  0.91308618229483496
  0.91884408781170901  0.92450053527111253  0.93013087389974869  0.93575536292346317
  0.94131087618755804  0.94679173724123589  0.95223358402029401  0.95764442033328412
  0.96302996571871136  0.96838010156816501  0.97371433729819179  0.97903065663571109
  0.98433961052417485  0.98964329739733969  0.99484621939635198  1.00000000000000000
 -0.00228051858200669  0.00892929326526870  0.01928478029560053  0.02996023450771374
  0.04086192658179805  0.05109388956907911  0.06132742943274520  0.07136518399343086
  0.08173249935743034  0.09209129523719611  0.10250077546301350  0.11316719928571654
  0.12418283029221257  0.13476647171585596  0.14528713007865149  0.15569806619130958
  0.16616716856712427  0.17684792892765289  0.18720434549217377  0.19778245567239019
  0.20835229762720311  0.21898835428165220  0.22962972806520471  0.24018037488469948
  0.25085541774089087  0.26142495593807358  0.27200243463551715  0.28274721683524956
  0.29335407219471582  0.30382301675837992  0.31404771580377411  0.32428196498887824
  0.33460996002892290  0.34486126187401084  0.35505951648016748  0.36552772862864147
  0.37613169510723510  0.38677711793239716  0.39724902816375074  0.40801694165443919
  0.41863278573783719  0.42936252658007262  0.43982385045544958  0.45020098768759265
  0.46061811267298064  0.47107641791910154  0.48148922881979028  0.49178996772855205
  0.50208867935685952  0.51276986860364593  0.52338256272501549  0.53403407264465041
  0.54455676988506452  0.55532205669459223  0.56589424434968805  0.57630241099363777
  0.58675234600527593  0.59732597303663526  0.60780864934871437  0.61855605313639184
  0.62935504345800897  0.64037683251630229  0.65109927630056597  0.66179311975588651
  0.67230636703737734  0.68267267197899240  0.69322725600327750  0.70376326607677364
  0.71427938559749071  0.72499373467016470  0.73556978918817317  0.74621271887252050
  0.75658276491824161  0.76697114164141988  0.77746378299893215  0.78793493146528093
  0.79863987238092382  0.80922280787550849  0.81996904883301613  0.83073192490418535
  0.84132835090794822  0.85185326146905127  0.86252552323421028  0.87340691475676824
  0.88399748895299501  0.89445002470751900  0.90492875016433638  0.91553055959376706
  0.92592387217271210  0.93630665668102186  0.94688070634133070  0.95739771887749725
  0.96779956328244354  0.97820640172745288  0.98906272712838850  1.00000000000000000
 -0.00232814900824719  0.00908172711855206  0.01925341314986064  0.02985118676387194
  0.04032455639134808  0.05087918811563176  0.06150372722664872  0.07225930807914908
  0.08297568623070904  0.09363012202176790  0.10417479018037508  0.11463785839759068
  0.12519055110756919  0.13588567275818919  0.14652941876665876  0.15719220653229093
  0.16774104082046223  0.17831014429933614  0.18876474406941124  0.19931079674472724
  0.20978827781313450  0.22040466606458048  0.23086002359072835  0.24140919932975061
  0.25189186976072314  0.26241832870800619  0.27292973634397422  0.28337140923024179
  0.29391658582467550  0.30430878602609979  0.31501130190272975  0.32572955345950888
  0.33651608112975306  0.34707489652207302  0.35770171359722269  0.36835010503361854
  0.37876455022177968  0.38917570211738955  0.39933568808395603  0.40947775130492381
  0.41961308332778158  0.42984905262754658  0.43982728267210702  0.45007159190151730
  0.46009959051951232  0.47103933072044657  0.48150256908042000  0.49240380738036921
  0.50305605995101665  0.51396735073465538  0.52454256180292647  0.53500031739001563
  0.54554859777547593  0.55588452072273020  0.56620938373236418  0.57627201774069325
  0.58637491162060718  0.59666519340318580  0.60685793033955604  0.61744882967384784
  0.62796606084222584  0.63881035842819545  0.64947919004560284  0.65992761119080856
  0.67055709666404417  0.68113360041996995  0.69158791980753442  0.70181474634338070
  0.71216368299597543  0.72272663071527421  0.73343643418569615  0.74407371610886319
  0.75495008964457744  0.76577635619503959  0.77633572222238334  0.78700887677567410
  0.79762132173060485  0.80847493841011997  0.81914942235198962  0.82982723293524685
  0.84052832509004860  0.85132933694011348  0.86223824432599527  0.87302395136792343
  0.88343003193538017  0.89378814049200561  0.90435874474680156  0.91482321919845111
  0.92528920074767296  0.93581487963728049  0.94646297640541821  0.95736783386149382
  0.96793006290077299  0.97867719067918901  0.98927538872895993  1.00000000000000000
   6.6834569750697310E-008  -1.0000000000000000     
 F F F F F F F F F F F F F F F F F F F F F F F F F F F F F F F F F F F F F F F F F F F F F F F F F F F F F F F F F F F F F F F F F F F F F F F F F F F F F F F F F F F F F F F F F F F F F F F F F F F F F F F F F F F F F F F F F F F F F F F F F F F F F F F F
  <DiscreteSampler_grid>
  grouped_processes
  1 # 1 for a reference and 2 for a running grid.
  10 # Attribute 'min_bin_probing_points' of the grid.
  1 # Attribute 'grid_mode' of the grid. 1=='default',2=='initialization'
  0.0000000000000000 # Attribute 'small_contrib_threshold' of the grid.
  0.5000000000000000 # Attribute 'damping_power' of the grid.
 # binID   n_entries weight   weight_sqr   abs_weight
    10   10   1.639289391815300E+005   2.497100076055863E+011   1.639289391815300E+005
  </DiscreteSampler_grid>
