  0.00238556235986625  0.01623430080650474  0.02994869472387064  0.04206666272320120
  0.05388899454141784  0.06554934626274188  0.07702994702976991  0.08834586562161015
  0.09955991047718890  0.11062986737944284  0.12162604619598860  0.13266824004977876
  0.14345670070960292  0.15411796813307579  0.16474078461141062  0.17553513345662372
  0.18642290582341223  0.19715098965461242  0.20776920885901121  0.21826269425317016
  0.22880223722851234  0.23942714984699331  0.25015977006689555  0.26098263008181605
  0.27171972571026287  0.28241377069715190  0.29306809773695414  0.30365476111913159
  0.31415076837242434  0.32467290363073809  0.33522319514328386  0.34593866788765398
  0.35663869264239706  0.36726227145109547  0.37771598036933385  0.38804279746586062
  0.39840873945174737  0.40891336323133759  0.41939681756350466  0.42975754587764881
  0.43998388024205731  0.45021311971373157  0.46046751041983919  0.47074903963167430
  0.48111183687468650  0.49167115774259684  0.50234941300671920  0.51304903146192049
  0.52370032874792027  0.53418458844775751  0.54455409373368380  0.55478234555610362
  0.56492679655280964  0.57504649375072847  0.58528210763776856  0.59565873965532057
  0.60609800331069297  0.61657779822932957  0.62706187558267001  0.63749822351132490
  0.64786027541347679  0.65823024542198061  0.66867194039976174  0.67919824336443224
  0.68966940556936818  0.69997590181336333  0.71017262830406969  0.72034895196318294
  0.73053850539243881  0.74072232450617548  0.75096445870389983  0.76130322177605769
  0.77166861881881676  0.78196339019664873  0.79218875711347170  0.80241574057353882
  0.81267036592451136  0.82296358132963054  0.83327216157009099  0.84357510957802551
  0.85380838926174818  0.86393696609495629  0.87394423483000228  0.88389024503350477
  0.89384982161939852  0.90386473195141792  0.91386782738034544  0.92380482869791569
  0.93361274390658000  0.94332776667148277  0.95290386125154547  0.96224808187047051
  0.97126871012857396  0.97961397601605460  0.98769851457593183  1.00000000000000000
  0.00244681327936602  0.01617215513937617  0.02960142841365598  0.04171835923086244
  0.05336898632872510  0.06498020632190118  0.07633383262380880  0.08744865927983848
  0.09837756747089582  0.10927396047249031  0.12008522904366581  0.13104929955873920
  0.14212250035467253  0.15303830810460509  0.16376303872811251  0.17449001078265980
  0.18531348207295620  0.19605318681801653  0.20674508976062173  0.21744368259278896
  0.22820037809011959  0.23891165449178930  0.24964127246871967  0.26032579631920433
  0.27105608509595946  0.28162122296596120  0.29219625341319921  0.30282586213393325
  0.31338870563183735  0.32379343586608328  0.33419232023535117  0.34471642994785973
  0.35526383003604484  0.36568495802408257  0.37612912108555585  0.38673951298704151
  0.39752273079393330  0.40831656778111547  0.41901147833729790  0.42952659200921711
  0.43999189674637151  0.45049594599979209  0.46106063589385476  0.47163437180622025
  0.48225461799731817  0.49284338516527804  0.50334252933312829  0.51373717274955621
  0.52405625589404659  0.53430344435584898  0.54457266216806754  0.55482045077343267
  0.56501831953561632  0.57519378253363251  0.58544473799754360  0.59584637978750299
  0.60632602729179585  0.61676389828461653  0.62719129479656655  0.63759980363112800
  0.64797148737791643  0.65829457396340352  0.66862544263288914  0.67902230079280723
  0.68944554332916719  0.69976964871032032  0.70999409541782199  0.72017587608482714
  0.73035321814392828  0.74055838235648075  0.75073694296506910  0.76091514852268038
  0.77111834646725230  0.78135965520443040  0.79161378055548093  0.80182608268313749
  0.81203514502222518  0.82223118685609664  0.83241542182897754  0.84252606543671604
  0.85254308464793627  0.86252353752558863  0.87253508282670900  0.88261203141233491
  0.89269256891133208  0.90271529353641422  0.91266676004896075  0.92251480291296539
  0.93232629205247042  0.94204404309467171  0.95163555409132949  0.96098017635312749
  0.97005129466539097  0.97846730726191344  0.98679712505539419  1.00000000000000000
  0.00727581767873995  0.00880383651860178  0.00987218114256859  0.01089376776260483
  0.01192755516259018  0.01297638789710443  0.01405773554884801  0.01521104739674923
  0.01638187926573125  0.01755702995989977  0.01873767696596025  0.01995566553296880
  0.02118859002286749  0.02243120737866799  0.02368297185006019  0.02492580812740921
  0.02607273248852242  0.02707703353827686  0.02814073864478052  0.02934468733675564
  0.03059014877482361  0.03185705976701765  0.03315930216769898  0.03450628972109612
  0.03588399286150189  0.03727886938544613  0.03868317872219959  0.04011581077133659
  0.04160976128827483  0.04317449174709152  0.04479218218160390  0.04645117682618963
  0.04815120851147953  0.04990493493771068  0.05172321615119426  0.05361452622077838
  0.05557874732675041  0.05760140968594806  0.05966780775768488  0.06178555728208932
  0.06398028622319855  0.06627315749722812  0.06866275315289201  0.07114774918378733
  0.07372786174182999  0.07639636186527356  0.07915562340972279  0.08200920288233259
  0.08499029443862451  0.08810828227472239  0.09135963651390122  0.09474629860898957
  0.09827990650220550  0.10197657505352242  0.10579632803371640  0.10975280139071532
  0.11384001837984023  0.11808321372031107  0.12250487620116411  0.12714265829488605
  0.13199525998076964  0.13703972449526586  0.14231406478860373  0.14785425449488768
  0.15366745672188903  0.15985129391032998  0.16638115404312356  0.17322524695690431
  0.18032165667105532  0.18781610001034540  0.19580126466499112  0.20427226471354909
  0.21315397738882366  0.22243679976149644  0.23224551148236100  0.24277623570146031
  0.25405833733450517  0.26613425662894208  0.27899787935390707  0.29271617586627519
  0.30741608347398730  0.32325034433121902  0.34030486442638785  0.35868445989506920
  0.37877051717048110  0.40094542155671714  0.42532191481365955  0.45229546512156493
  0.48249872849337261  0.51712016974739028  0.55767544542634828  0.60689553265341267
  0.67273986643120287  0.77551559865085573  0.85312577405914980  1.00000000000000000
 -0.00100040958580337  0.00395961026549760  0.00907400104851256  0.01414873548628181
  0.01936828639501187  0.02464309935657071  0.02996276529525326  0.03528192142550066
  0.04064725942463141  0.04608097400039653  0.05151906450545668  0.05696672439751356
  0.06249741173848635  0.06813399324511561  0.07385559652339611  0.07961688556698505
  0.08537343327817053  0.09116423271762733  0.09700296780192894  0.10291566860396928
  0.10890079278099729  0.11492251098498986  0.12096055423082482  0.12704528740751447
  0.13322213366886895  0.13950028261918668  0.14584982614389388  0.15226681597299588
  0.15872208713398614  0.16517931908024205  0.17165562491379333  0.17814887396305748
  0.18465392820286111  0.19118908004536686  0.19776195236585106  0.20440261985751113
  0.21112498144561159  0.21795504609000266  0.22488712070635383  0.23179529835656859
  0.23864676700626170  0.24561196676776909  0.25266464779036618  0.25982534491204373
  0.26702000959250860  0.27428827249645932  0.28163903211232394  0.28908182168770508
  0.29668335342695895  0.30444916628608493  0.31225943850076926  0.32013323890836148
  0.32814542457337165  0.33627439394232034  0.34452147198140537  0.35287097801077955
  0.36135654217358382  0.36990933699198930  0.37854070867545830  0.38735271136363114
  0.39634368698307454  0.40546824012193039  0.41475175068153181  0.42422102089161545
  0.43396044849238158  0.44369307424961796  0.45353368310538855  0.46361781096238214
  0.47392589266679752  0.48437019405174725  0.49491555230194378  0.50579594329183619
  0.51705176363420902  0.52852171027988193  0.54017521342392028  0.55228930564694168
  0.56467250026486204  0.57719913035111403  0.58999764772587304  0.60324172899696626
  0.61700682597960943  0.63134126805486823  0.64627200079536462  0.66174144652028011
  0.67783844503131230  0.69477341846231222  0.71273112747148892  0.73165402125339540
  0.75183744374918493  0.77345240347541511  0.79688201972542549  0.82291335738214133
  0.85250881857276306  0.88728872779645107  0.93311553348251230  1.00000000000000000
 -0.00237994379848680  0.00932791273041938  0.01933853309718946  0.02987460637021270
  0.04029952959364532  0.05079699283627452  0.06125261103283728  0.07146445623327814
  0.08172693933693193  0.09213984011956913  0.10281944225820584  0.11353652180598617
  0.12417913506926427  0.13475812378386787  0.14538547211611941  0.15616449253151488
  0.16694874249808986  0.17754305233536347  0.18802231717164888  0.19845426214216980
  0.20902424734928662  0.21973623377027610  0.23026527926825915  0.24076536632281934
  0.25110641889356089  0.26164571809862647  0.27230584465858476  0.28316678569371262
  0.29392316726119389  0.30459601309779305  0.31521398280828039  0.32596538153929683
  0.33671448794364855  0.34735143819793773  0.35798309442278342  0.36870493570538093
  0.37941183621426694  0.39002444456747132  0.40051367329314402  0.41105811496106426
  0.42169550160656505  0.43234348328433209  0.44299302580623934  0.45360657536485266
  0.46424731126573948  0.47484589588504811  0.48545845855508840  0.49598223112530082
  0.50640757210319154  0.51679516403636305  0.52730206459375650  0.53784358445762059
  0.54836420110759110  0.55888096080840233  0.56948949206156441  0.58012418936411903
  0.59068946514453979  0.60133972736193853  0.61210067939604706  0.62278816558302330
  0.63347521735411605  0.64412572895149178  0.65479967155876828  0.66539799420829537
  0.67597758315687662  0.68659216456113892  0.69720518567505185  0.70778544492434370
  0.71837174698967987  0.72897881826822608  0.73966002615495019  0.75028460494855476
  0.76072978977194394  0.77105093496777777  0.78135750858655439  0.79177062384918362
  0.80210476162139144  0.81246634053903688  0.82304422156280188  0.83350984680798368
  0.84385043715602670  0.85431582024291364  0.86478301348601561  0.87525503822540507
  0.88549255574509023  0.89585852211249628  0.90647050576952881  0.91715143085521600
  0.92781590267985448  0.93845105381478078  0.94911074569847020  0.95956763168311821
  0.96975440038402394  0.97985907604199030  0.98992077926782907  1.00000000000000000
 -0.01422458691870523  0.06377900525862326  0.11004904291756376  0.14530025665359414
  0.17464612578395228  0.20031500348989359  0.22369314737962107  0.24540028291668048
  0.26582230002959262  0.28503540935626054  0.30267900182408902  0.31912181944859197
  0.33488928418270331  0.35000094308738394  0.36464106454346229  0.37896303838297674
  0.39304038011925063  0.40672150686123332  0.41978379357161166  0.43235443914069743
  0.44456216262525877  0.45654800467768947  0.46842322120155627  0.48008764546487137
  0.49135125457023165  0.50230662214460553  0.51304045837122214  0.52358181664399106
  0.53385303110618354  0.54389007325002348  0.55379198180290912  0.56359094749189553
  0.57325081444899750  0.58268912218046875  0.59192514215667225  0.60099429730665277
  0.60997578266468200  0.61883528771280583  0.62760583075818888  0.63631145774144648
  0.64492417994626483  0.65334926972521001  0.66161358719259056  0.66969091477711529
  0.67755060576014869  0.68528403088169376  0.69295237009733945  0.70052383994808898
  0.70807468337869151  0.71547590985222553  0.72276106247502070  0.73004880255764382
  0.73734865160643170  0.74453295022515076  0.75155194723266583  0.75849275525868443
  0.76543121077568110  0.77239691018948975  0.77932210444196215  0.78619795648872981
  0.79299570062277380  0.79972284461650467  0.80637373554502090  0.81294838011584136
  0.81947170430314020  0.82596559843264805  0.83242359316563486  0.83879386874064055
  0.84508773304927121  0.85137363807286615  0.85766041810441584  0.86390001464883204
  0.87006562774667040  0.87611714767709370  0.88208664911856605  0.88801349348998726
  0.89392833252416226  0.89982670636054418  0.90569520814643689  0.91154723452724618
  0.91737688681723739  0.92317557949702433  0.92893714928970306  0.93465191507308376
  0.94032607686979275  0.94595212265612150  0.95153249236076676  0.95705576201388975
  0.96253245321258463  0.96798583355056134  0.97341989639785109  0.97881546562691879
  0.98417195592940421  0.98948983752642561  0.99477193942912545  1.00000000000000000
 -0.00249285291476995  0.00961405326873121  0.01993897507669487  0.03035876578027944
  0.04077181265140698  0.05088067395504506  0.06108267487256257  0.07154621456048910
  0.08179213927346893  0.09216356245055370  0.10247231796123850  0.11305831568126980
  0.12378560988944942  0.13425521830433898  0.14470033457982956  0.15531034734496571
  0.16623479212414083  0.17634872718206812  0.18660989749894075  0.19710174008460932
  0.20752865907277199  0.21788253683562084  0.22831899180739929  0.23902453517577485
  0.24990233418382563  0.26048447163570221  0.27104381008396639  0.28161998368216523
  0.29227623259498631  0.30296516582009975  0.31357893294654915  0.32412583566997066
  0.33464496380409614  0.34524220412664780  0.35584175495647413  0.36649994414368836
  0.37721624651535191  0.38801776861274934  0.39882041355164283  0.40928883917415215
  0.41982902463323019  0.43012629522670442  0.44067492249220486  0.45125813150651944
  0.46190656895646126  0.47237176372679096  0.48300060978392434  0.49335378345979808
  0.50387267494845811  0.51408897712895774  0.52456089840555464  0.53511767288271583
  0.54570284998814689  0.55611863189701616  0.56660443829923979  0.57723029737254705
  0.58796744370481535  0.59852469627189864  0.60886598402695069  0.61922530750514271
  0.62979237229997131  0.64053718938220339  0.65124911640896022  0.66180393122829684
  0.67244776727482092  0.68314974853548704  0.69372428011641429  0.70413908288391514
  0.71470911021839012  0.72537009597321489  0.73576629104614222  0.74616355635885356
  0.75666559475794415  0.76745579163789757  0.77791877156288369  0.78855803091274324
  0.79912185171847550  0.81003061180381375  0.82071105938738631  0.83146209772753055
  0.84193465520184696  0.85260722796265431  0.86310678233751181  0.87355160569985779
  0.88408081283606743  0.89445527736102859  0.90499307654371441  0.91539166036431896
  0.92616547373371294  0.93700964674724352  0.94760000955679546  0.95809259703601624
  0.96856246356085707  0.97898349492227288  0.98945738672375338  1.00000000000000000
 -0.00229296432686450  0.00921343075926786  0.01889916561552636  0.02951108442711125
  0.03979990835659376  0.05057703957569185  0.06151732792261846  0.07183379374324435
  0.08240666435602706  0.09278013088724039  0.10323870499354454  0.11350020816868996
  0.12368489930983843  0.13412476467462506  0.14450931136400189  0.15500222424486029
  0.16530492711882433  0.17582184273699999  0.18644169969240945  0.19694558478703689
  0.20736661965925027  0.21787768018995976  0.22837972505168208  0.23873474379842319
  0.24897793371618895  0.25931529514096302  0.26975354901248300  0.28024193173746148
  0.29074315817879881  0.30121343637602610  0.31172723224636240  0.32221248273333847
  0.33272198320621710  0.34322639357829443  0.35374608585130729  0.36433251965845820
  0.37495032914300586  0.38554076173938917  0.39611630781464235  0.40670048603159342
  0.41735542516738833  0.42802234504766978  0.43857271415580618  0.44898863959225738
  0.45933479684459305  0.46975989210166891  0.48031126115164957  0.49092235581382160
  0.50151381638892512  0.51205512795304609  0.52255917923929018  0.53310834259071183
  0.54364216857051995  0.55419101646105529  0.56478955739152015  0.57543693004828611
  0.58620620532677492  0.59687089338587751  0.60761606106707222  0.61833967132108725
  0.62912675318690559  0.63986859099670124  0.65062340220415482  0.66135387089992481
  0.67202223739529821  0.68260943851679667  0.69329384762484036  0.70379318097663823
  0.71416531342236855  0.72445549893007488  0.73493027391984422  0.74556902740760944
  0.75611248471981363  0.76680373661482593  0.77739005678485207  0.78816943560969932
  0.79877373228318327  0.80941653140649195  0.82016224807123084  0.83069540978149015
  0.84116738112281275  0.85165783413785068  0.86237080893305995  0.87309817664746858
  0.88355712541669074  0.89396878668590674  0.90448006153556748  0.91505514732368687
  0.92569188730967755  0.93623952797450904  0.94703672739893374  0.95799391826211699
  0.96836877664445020  0.97908545809387648  0.98944958327564947  1.00000000000000000
   6.6738732173436911E-008  -1.0000000000000000     
 F F F F F F F F F F F F F F F F F F F F F F F F F F F F F F F F F F F F F F F F F F F F F F F F F F F F F F F F F F F F F F F F F F F F F F F F F F F F F F F F F F F F F F F F F F F F F F F F F F F F F F F F F F F F F F F F F F F F F F F F F F F F F F F F
  <DiscreteSampler_grid>
  grouped_processes
  1 # 1 for a reference and 2 for a running grid.
  10 # Attribute 'min_bin_probing_points' of the grid.
  1 # Attribute 'grid_mode' of the grid. 1=='default',2=='initialization'
  0.0000000000000000 # Attribute 'small_contrib_threshold' of the grid.
  0.5000000000000000 # Attribute 'damping_power' of the grid.
 # binID   n_entries weight   weight_sqr   abs_weight
    10   10   5.197891383697437E+004   2.363353610517940E+010   5.197891383697437E+004
  </DiscreteSampler_grid>
