  0.00249970232185738  0.01605404857780018  0.02988089914285724  0.04193052614032040
  0.05360327536455592  0.06499496214572394  0.07634183742582450  0.08751907484019308
  0.09872568144243045  0.10977955069181496  0.12075740734127721  0.13175540480000128
  0.14271973785509501  0.15349452026023258  0.16418574433700683  0.17493631070861304
  0.18572090879842551  0.19635127807888669  0.20704521554701336  0.21795149394673077
  0.22904306632128824  0.24010613386313190  0.25100273137191820  0.26185780124151486
  0.27249432116411143  0.28311814764802806  0.29385358612996815  0.30475449872170041
  0.31561983231763963  0.32628270356385469  0.33689394169219566  0.34749106290704618
  0.35807360355004325  0.36866019063541028  0.37931001385935603  0.39003296269203225
  0.40077694270141639  0.41144964093270031  0.42196727282907176  0.43226904243280062
  0.44259201131432235  0.45302235315415612  0.46344421273180453  0.47375819801854602
  0.48406779299583019  0.49458917276838765  0.50523020784598804  0.51593177746358876
  0.52659122532653224  0.53708010985922172  0.54744589222986573  0.55774128241080645
  0.56817299790290909  0.57870932428738497  0.58934082189462556  0.59992813175791526
  0.61056144583999283  0.62125890105448023  0.63172520883596472  0.64195930383259081
  0.65213567415105722  0.66241405517186314  0.67268640884700470  0.68292807033072267
  0.69324771460395185  0.70375909319468444  0.71426017448442669  0.72483708871978103
  0.73537441815217719  0.74593496547743487  0.75633643265649464  0.76658129945630082
  0.77677674327704060  0.78692694989066503  0.79711745694464287  0.80726549365708178
  0.81740077806126532  0.82750440158783267  0.83760206867307407  0.84781668850334158
  0.85811586718611432  0.86843065021524490  0.87866689549934618  0.88888640240033390
  0.89907249821825197  0.90910449735629018  0.91899665496434513  0.92882120790733547
  0.93855810807868989  0.94814213685281823  0.95761313590142283  0.96686807414418308
  0.97586684375273913  0.98423377673946844  0.99231414802048568  1.00000000000000000
  0.00221110752029991  0.01659617475513257  0.03039180966214922  0.04216638578327611
  0.05377247630629126  0.06506141130116129  0.07636523222197478  0.08753601110970909
  0.09873268459573677  0.10972791305796054  0.12070857574589787  0.13167613000863693
  0.14256907012162093  0.15336885979502449  0.16417955570826234  0.17519569557274778
  0.18619018378529822  0.19716181627373536  0.20796558400826953  0.21857842519300413
  0.22906645084687266  0.23945812304942077  0.24988634940001073  0.26034639734150078
  0.27092014822145871  0.28170529552937423  0.29251673161536057  0.30316706496751328
  0.31366894089554492  0.32403758818073097  0.33432531656276249  0.34457547308949832
  0.35496549991665521  0.36552560467796436  0.37619021735797420  0.38676734585466749
  0.39732880334625204  0.40793811647340428  0.41857134269092539  0.42924367469815511
  0.43984361125044702  0.45047194004700286  0.46105984606316597  0.47162992927874203
  0.48219351519302933  0.49267490923469298  0.50314424083758025  0.51348155635641668
  0.52385705313824382  0.53428436965757975  0.54471700021106462  0.55511931910664969
  0.56545309187584802  0.57587003533874703  0.58633948460226304  0.59679463116762388
  0.60728517192914833  0.61768282386840145  0.62793513722422967  0.63814712726002365
  0.64833863256370139  0.65852085929154125  0.66873061024926894  0.67897805705537440
  0.68916532616458981  0.69924140139996060  0.70927054473739004  0.71941159257147524
  0.72960290274982553  0.73976546002282106  0.74996059871164844  0.76015925052995426
  0.77038871272131526  0.78057301705472126  0.79072419669293348  0.80085610733017099
  0.81094894447331645  0.82101342053503901  0.83100409164662059  0.84081411282804341
  0.85055020627778366  0.86034238732890433  0.87022141665347363  0.88005540480154365
  0.88984619938270282  0.89969787588608907  0.90968349614930033  0.91963088561251660
  0.92939967063175200  0.93915232751630295  0.94888568886383262  0.95847274959523165
  0.96769976630821686  0.97646980538641670  0.98468024397928633  1.00000000000000000
  0.00784568814357597  0.00932729635024655  0.01048585039689766  0.01156189070205589
  0.01263865735225001  0.01375725597119591  0.01490985718556702  0.01609088671744899
  0.01727946142125486  0.01847474280746287  0.01967753216706523  0.02093191118027602
  0.02224908474074451  0.02354184966576731  0.02475950163084405  0.02586914584710028
  0.02688455728044360  0.02796961948483928  0.02917789619167330  0.03043125395362898
  0.03168645802288655  0.03295641787289662  0.03425788084709241  0.03559337432088548
  0.03696052885371204  0.03835856804215599  0.03978601713044769  0.04126585411724485
  0.04281366039282981  0.04441259991044711  0.04605210869587961  0.04772535119423420
  0.04943742123433594  0.05120141548308371  0.05302339566298654  0.05490707901382007
  0.05685238857215719  0.05886581093007943  0.06094913601189334  0.06309863389195079
  0.06531341350145270  0.06762442040322131  0.07004800146027074  0.07257055629478699
  0.07518237571083473  0.07787956313719901  0.08069710201606628  0.08361464402044536
  0.08661528438187387  0.08970365711616864  0.09291872207566144  0.09629497862300483
  0.09982016967653624  0.10348346017480106  0.10728457506867790  0.11124200691664454
  0.11536258326992346  0.11967628122116113  0.12419227328031460  0.12890932256786047
  0.13377930398266991  0.13883278138020555  0.14413539188656965  0.14971783029707750
  0.15558495010331996  0.16173294863441942  0.16818245525129183  0.17485975400443457
  0.18185377496996510  0.18927359124775617  0.19719363145231716  0.20547110621195472
  0.21416509199222775  0.22341757406976923  0.23336008008614084  0.24397750465055934
  0.25517025561816981  0.26713264176524326  0.27985179556244882  0.29355004917816219
  0.30826849267381234  0.32412829607619870  0.34119935961762388  0.35960965017983232
  0.37956481775431178  0.40135860159882186  0.42523502392969720  0.45167930019093666
  0.48157755103298205  0.51553994976896989  0.55455276983775825  0.60155419762147178
  0.66236418539848485  0.75391882585963976  0.84532505948033776  1.00000000000000000
 -0.00103949763618528  0.00398938835074955  0.00927896533249047  0.01451367981914372
  0.01976676070042353  0.02506575089072453  0.03042921398636609  0.03586584753794880
  0.04140017342643768  0.04697601118260900  0.05257844595440633  0.05819748032571485
  0.06379343927872592  0.06936379109250308  0.07496302991820807  0.08063166840749317
  0.08634205901023492  0.09208004528633758  0.09784335747444466  0.10362563666180606
  0.10946674033106034  0.11537581520280188  0.12135823810802196  0.12743736613938683
  0.13360068470766934  0.13981494887671242  0.14605554287709052  0.15234148162966482
  0.15870296309426501  0.16514827482285052  0.17163912074024826  0.17820485766545399
  0.18480298181633215  0.19145585398069889  0.19816954525617539  0.20492615414548113
  0.21177885608296612  0.21870442517700220  0.22565457933502206  0.23272116708585719
  0.23982049008685033  0.24698176319669948  0.25419288438808540  0.26143464611784090
  0.26882373732242831  0.27623656461456186  0.28373239927578348  0.29134077742460845
  0.29901832946805740  0.30675718924537398  0.31460775072610947  0.32254939793877480
  0.33057758902516993  0.33873822640183787  0.34710379844439915  0.35555805767277959
  0.36406384603156755  0.37257967195773822  0.38106620686949838  0.38964871736287154
  0.39847582901782402  0.40749953996669835  0.41661485504905477  0.42577479035059179
  0.43506148434137093  0.44468432830979376  0.45462796938994238  0.46484368514175561
  0.47526814945416890  0.48597321424686374  0.49690775172341139  0.50804956922319999
  0.51934236612484352  0.53074568383002463  0.54236769527380169  0.55427167411123612
  0.56659875086972478  0.57936810227621294  0.59247612774781711  0.60589363900215021
  0.61968297536203931  0.63417492974191392  0.64904959276025675  0.66414700498010748
  0.67999190362018014  0.69651351818918206  0.71399471532051273  0.73272419887684170
  0.75259599540973787  0.77397978080227203  0.79743255159654713  0.82338206248686208
  0.85263746890457748  0.88735347363773187  0.93313003526154592  1.00000000000000000
 -0.00222495200418001  0.00894708718963650  0.01907448133929102  0.02947284557901738
  0.04017706280184946  0.05046921776189309  0.06094530467182443  0.07135785698230543
  0.08184306698072417  0.09217339066656560  0.10258851935407694  0.11316756823462665
  0.12406841709609624  0.13464902444535476  0.14509752803846787  0.15563356019971974
  0.16634132646477409  0.17675760445128563  0.18733806051612328  0.19774571421010867
  0.20818605024947617  0.21848097205001782  0.22890778991975091  0.23952266128833216
  0.25010253423316564  0.26088446844557439  0.27174520340348479  0.28241798699962528
  0.29293610770176887  0.30299815310733258  0.31312838698426004  0.32334124310269341
  0.33352344612596779  0.34381146845761001  0.35427520537661999  0.36489712863982154
  0.37554745256929123  0.38605696997780869  0.39671004024195311  0.40736442893637786
  0.41801614702213719  0.42861395132042407  0.43922416169012363  0.44980082803925470
  0.46039257819464069  0.47109374404868615  0.48177109283600117  0.49234862035951021
  0.50284082101230188  0.51335612299318290  0.52403548505591080  0.53477289795850125
  0.54542239395707948  0.55595528685965601  0.56650538247747984  0.57708022165402362
  0.58770009430468717  0.59832171614972929  0.60910590168530920  0.61993766345286927
  0.63054148402738885  0.64109209711516746  0.65164007197490159  0.66235584795417679
  0.67294158284893724  0.68334395861101982  0.69386975095692960  0.70441125021207540
  0.71506026648475007  0.72551617591979101  0.73610087737682350  0.74679640459067231
  0.75748210673265159  0.76818424908823946  0.77889296571044009  0.78953215325551729
  0.80014901338500577  0.81080454730483231  0.82170300992730694  0.83248648758980981
  0.84294982615527703  0.85337819499076151  0.86376497130642238  0.87393458934272916
  0.88436235925136830  0.89457129829134474  0.90540346703793406  0.91579403544043680
  0.92659370045923528  0.93733957070193619  0.94771989744004759  0.95803198907659626
  0.96835790543051758  0.97895699666307001  0.98934929206377387  1.00000000000000000
 -0.01434960800711344  0.06424511437845877  0.11024583435712149  0.14513523134143805
  0.17403806044965403  0.19964275359175593  0.22338590215003581  0.24533231136040518
  0.26558036741128699  0.28430170138855837  0.30177836211611297  0.31852313325640930
  0.33479027072197359  0.35065002810359991  0.36585225912036423  0.38044958226566750
  0.39448369011362594  0.40802597977712368  0.42099116909807449  0.43341549980233196
  0.44553652531489163  0.45739537761293420  0.46907503880827417  0.48056494901577262
  0.49180857027767738  0.50277344285094738  0.51341987863929928  0.52385135486821421
  0.53407525177516579  0.54425666424053010  0.55430527323753354  0.56418580281116781
  0.57382497171872149  0.58329732770744136  0.59256140762822107  0.60178346831799567
  0.61083437020720721  0.61974625617657186  0.62862766722721775  0.63730015709014698
  0.64590585626576724  0.65428866155263921  0.66253704630079091  0.67073072160709124
  0.67886080125387394  0.68692879048969191  0.69487124463452965  0.70270302078083480
  0.71039599220436578  0.71789079847308679  0.72526266583670873  0.73255417298144943
  0.73975317499048721  0.74693831489352713  0.75409263039997299  0.76117412164225817
  0.76817117523993117  0.77511545277991278  0.78203562486481126  0.78890281372743054
  0.79567003141199855  0.80230276979205595  0.80887155877086625  0.81535916095482175
  0.82180454364044475  0.82822024127557548  0.83458156636678893  0.84085638251760408
  0.84706688199090019  0.85322204374370425  0.85930672200427549  0.86535642169104499
  0.87138103961727154  0.87735447791439736  0.88327864153961022  0.88917026157924905
  0.89503029625048591  0.90086352779441703  0.90663098635104755  0.91228574104452875
  0.91790994899816070  0.92359168281291626  0.92929615623071005  0.93496634019832203
  0.94058569435234496  0.94614810247165249  0.95166208648890327  0.95715155455253187
  0.96261729969493737  0.96805459065177779  0.97346770027807505  0.97883071866376248
  0.98412462240883603  0.98938743651555527  0.99464435607632251  1.00000000000000000
 -0.00229160834647539  0.00912638197936481  0.01921761035886210  0.02989880766288990
  0.04044272372549919  0.05088438274962826  0.06130152441582003  0.07183355130863607
  0.08214079283167679  0.09258838698805009  0.10304343580699787  0.11377832123234509
  0.12444660170009107  0.13505052391831462  0.14562767721932762  0.15602544512195710
  0.16647200332486459  0.17701695751452148  0.18755163905256478  0.19814407723380850
  0.20863909491889190  0.21934628856837890  0.22985037666134542  0.24041055248915666
  0.25094058426243282  0.26142691219974323  0.27202899101982925  0.28265989588893120
  0.29348879755117890  0.30420685108065521  0.31484571030267322  0.32557481420140799
  0.33608568267464617  0.34657869063719632  0.35701953886104043  0.36758911775258185
  0.37821546162878883  0.38877724220774496  0.39923795756275421  0.40980937024395764
  0.42022982083816762  0.43069557805435171  0.44123736298491467  0.45178765726853531
  0.46222209970833616  0.47265952994278526  0.48331806293649493  0.49402831927660151
  0.50456266127725546  0.51511032187762151  0.52573397703008207  0.53641365009799047
  0.54711774801258561  0.55778848278446547  0.56849451952104413  0.57915905961522651
  0.58966029521183538  0.59998474794498236  0.61032265292800014  0.62067134290793313
  0.63136134030468360  0.64157646528122303  0.65210849127530068  0.66259914479381798
  0.67320909247924554  0.68396531765469870  0.69459741346435722  0.70526571052199827
  0.71581759211203799  0.72640751784974134  0.73695824867460979  0.74741866810799629
  0.75784689578248909  0.76811739763027087  0.77853789335348711  0.78900941449176298
  0.79977742041849886  0.81032063134792653  0.82079503112405539  0.83112651367204704
  0.84193075641244619  0.85247137559984976  0.86299513978544495  0.87336813953452408
  0.88407380658522627  0.89465573904696616  0.90513693863085465  0.91514862111129769
  0.92588109477869662  0.93642033426593974  0.94700908634407166  0.95775012135083337
  0.96811368180283752  0.97880282239545180  0.98915850296835139  1.00000000000000000
 -0.00228918249333745  0.00896567308642015  0.01903153017627210  0.02942125946586092
  0.03997104211541538  0.05060578441819007  0.06118202601357591  0.07177430603481416
  0.08234329015439930  0.09281889416158502  0.10325971898471538  0.11386707170256243
  0.12447333438847868  0.13511950835269534  0.14562324941336455  0.15618209314078124
  0.16672034656992077  0.17726365111776565  0.18800609159787035  0.19879521546442458
  0.20958456108831011  0.22032486248208186  0.23102828187141228  0.24168357239275157
  0.25242711961250835  0.26318705771842577  0.27387070132948188  0.28447537319420141
  0.29502715057258799  0.30564580030891281  0.31622845835923796  0.32670524605268186
  0.33718549123254432  0.34769519936711141  0.35809192886455105  0.36845402639358904
  0.37881499837335381  0.38912265817810965  0.39944070063627168  0.40954881500832924
  0.41980089486735217  0.43008044727406797  0.44059193944813135  0.45132833901864416
  0.46206201866786650  0.47289163566384507  0.48344505407434601  0.49395401830606256
  0.50441758244869928  0.51489925010448889  0.52542017345299152  0.53572035331767398
  0.54609629547755612  0.55644746514816257  0.56695178836582916  0.57740912069438455
  0.58797154273546548  0.59855727188100594  0.60905781968678574  0.61980046020545854
  0.63019519904062515  0.64070758023174179  0.65113413176470358  0.66165637723022264
  0.67209571396757894  0.68226245321126933  0.69275346785732828  0.70336986918736832
  0.71427471022677225  0.72501539249721692  0.73580019278228326  0.74648980981096413
  0.75719485497489047  0.76769745893082442  0.77826635793701904  0.78888135264629311
  0.79960458810608304  0.81020277261246376  0.82069734341987410  0.83133084444975758
  0.84194957854496622  0.85258942236461932  0.86310300574574417  0.87365827884024061
  0.88427950160785551  0.89481837413059162  0.90504487780070708  0.91514599877873981
  0.92538768351174261  0.93573553750205907  0.94640227502406926  0.95675939082552441
  0.96769634098198254  0.97830964028513900  0.98911019705369108  1.00000000000000000
   6.6598008659207972E-008  -1.0000000000000000     
 F F F F F F F F F F F F F F F F F F F F F F F F F F F F F F F F F F F F F F F F F F F F F F F F F F F F F F F F F F F F F F F F F F F F F F F F F F F F F F F F F F F F F F F F F F F F F F F F F F F F F F F F F F F F F F F F F F F F F F F F F F F F F F F F
  <DiscreteSampler_grid>
  grouped_processes
  1 # 1 for a reference and 2 for a running grid.
  10 # Attribute 'min_bin_probing_points' of the grid.
  1 # Attribute 'grid_mode' of the grid. 1=='default',2=='initialization'
  0.0000000000000000 # Attribute 'small_contrib_threshold' of the grid.
  0.5000000000000000 # Attribute 'damping_power' of the grid.
 # binID   n_entries weight   weight_sqr   abs_weight
    10   10   4.048652764220299E+004   6.513552546707306E+009   4.048652764220299E+004
  </DiscreteSampler_grid>
