  0.00226123581344589  0.01668945975584605  0.03072334908396007  0.04275749341999456
  0.05449500876334652  0.06588847623386619  0.07716041014414847  0.08832127826766907
  0.09967138023198077  0.11090395452862920  0.12214767086253035  0.13321699309535789
  0.14440630628512041  0.15519644225707577  0.16613796670014752  0.17700754136394645
  0.18803095230339761  0.19890368239705764  0.20978847160706890  0.22068355278426058
  0.23146340072298058  0.24209816871036924  0.25294088852779395  0.26369487459271718
  0.27448921085872335  0.28513512302340444  0.29574466343862044  0.30636996909309783
  0.31705323892138049  0.32773063682098913  0.33848188725040751  0.34903119453958220
  0.35968807119110252  0.37031511915932575  0.38103472766197582  0.39170461972752740
  0.40227254083251646  0.41262746045866638  0.42313049238606071  0.43364462576355206
  0.44412828897792395  0.45454511121593827  0.46515298957910600  0.47596840290381487
  0.48665639847822562  0.49710093099960140  0.50783267024755219  0.51840950172889921
  0.52869057944545816  0.53889810992382070  0.54923922877695852  0.55970069476569029
  0.57010779241650700  0.58049325946307706  0.59085024217498994  0.60120608397660624
  0.61157070090876875  0.62211113623119818  0.63267925104313971  0.64318291400046790
  0.65359599368767096  0.66395681085665892  0.67434598188128070  0.68468315337998176
  0.69511446420398371  0.70560938116070848  0.71617635083425601  0.72676232321064949
  0.73723142037760470  0.74756224481226774  0.75794198283726499  0.76826520039759527
  0.77861716270005066  0.78882523163634644  0.79915572941188828  0.80961236117481306
  0.82007542161798563  0.83055535522938295  0.84105214189611732  0.85135582562338086
  0.86156304002981265  0.87166650905487375  0.88183627601459347  0.89202869762320081
  0.90200257168580356  0.91172795729945411  0.92145405333532382  0.93096404341564798
  0.94053257129071366  0.94990229032474649  0.95918480335450729  0.96843001263280271
  0.97728902994673417  0.98545019866398131  0.99350690824477694  1.00000000000000000
  0.00243257128386930  0.01635670346263690  0.02992756322635026  0.04217798574941007
  0.05401041254449152  0.06555878331487858  0.07691208851951438  0.08789580895946571
  0.09870963534011223  0.10966057793857775  0.12068995639053076  0.13157823502622434
  0.14228010380392778  0.15299673822585985  0.16384393911166098  0.17482114514797889
  0.18583720297407902  0.19675458397041085  0.20755079616844532  0.21831440475377020
  0.22911747067072710  0.23999433950755567  0.25085605063613137  0.26161220207289260
  0.27228256565491699  0.28289645635037103  0.29340070546011476  0.30383502245484323
  0.31426330814868220  0.32485028274107625  0.33540994252161960  0.34585723617275915
  0.35631641453084401  0.36683434683263649  0.37745837666404192  0.38814851353780799
  0.39892467131452602  0.40984764880736241  0.42075369059040707  0.43157439448987983
  0.44231587911265091  0.45301890679476081  0.46373016278604706  0.47443260141462168
  0.48507338860959154  0.49564295265623609  0.50603842728463777  0.51633579893162285
  0.52674312022503900  0.53733369675082532  0.54799266119471635  0.55858342808781669
  0.56920180420211741  0.57992782619098093  0.59061903740496124  0.60124191663148507
  0.61172897603330156  0.62215597024972624  0.63254731690341104  0.64293101821345700
  0.65335656577513312  0.66379696361529206  0.67426852070043775  0.68475252456470159
  0.69525998093464025  0.70581102826152642  0.71631281807342140  0.72673803375466284
  0.73708799523706403  0.74745004316964903  0.75780341042638100  0.76812271368911289
  0.77839308471466973  0.78871532830169000  0.79911225880885550  0.80952943449644388
  0.81993904591385947  0.83028423992913425  0.84067853880041321  0.85109549753627356
  0.86116480041329169  0.87099847852798840  0.88092626641158578  0.89089971592008665
  0.90079069254789623  0.91055569524138935  0.92034823970696644  0.93022105550765377
  0.94007643069975511  0.94976268107186179  0.95927500216821515  0.96842598487780129
  0.97705011397954122  0.98521179920444979  0.99350178422138657  1.00000000000000000
  0.00854771833238701  0.00982264537455837  0.01079230584611173  0.01178400691281117
  0.01283779668557542  0.01395359694303928  0.01511283380627027  0.01628259980320155
  0.01744256825285669  0.01864756892736948  0.01987486423162024  0.02112486186623981
  0.02248666412748858  0.02383415668900368  0.02499105371393245  0.02603611571942219
  0.02706239641133399  0.02815883247984540  0.02936072608880463  0.03060562877374658
  0.03186692939266368  0.03315266555472687  0.03446437585918707  0.03580873095518188
  0.03719643387373974  0.03862364656366713  0.04008642030110101  0.04158664802622829
  0.04312552096587269  0.04470457533094761  0.04632898980578111  0.04800974842503333
  0.04974414065285630  0.05152594657200590  0.05336038452374114  0.05525565889209644
  0.05722608949140390  0.05927511999999322  0.06139421401563321  0.06358055783024584
  0.06585343967115684  0.06822465133489139  0.07067962510033955  0.07318297486701451
  0.07574235721321669  0.07838129491763739  0.08114105027622145  0.08402008151269980
  0.08701574303773031  0.09013263541290313  0.09338358436630972  0.09675527623753979
  0.10025939724555158  0.10388594512437287  0.10764778180986062  0.11153493739505041
  0.11561068445496289  0.11990562213203672  0.12444783737317588  0.12917324593344554
  0.13410835331173165  0.13928730678466686  0.14469380042285968  0.15034924224692289
  0.15625493526637471  0.16247757384618780  0.16899042744832155  0.17580694739128966
  0.18302337323146395  0.19061556733783958  0.19860812398930666  0.20699764347965863
  0.21594458616735662  0.22541286615643630  0.23539687179793017  0.24598813762590888
  0.25736746608366284  0.26954366537269014  0.28246435439293777  0.29628091048253891
  0.31112085246229709  0.32706053454346135  0.34422501392577592  0.36282369801620218
  0.38303267515602485  0.40518340037081091  0.42968275900221092  0.45708904971010156
  0.48782270286610041  0.52288456988673448  0.56393677896968541  0.61361686456686992
  0.68166467220427895  0.77818432786813085  0.85002764858812319  1.00000000000000000
 -0.00104060476266542  0.00402755036768517  0.00930537067935503  0.01457759663182598
  0.01990273598983514  0.02525568155900640  0.03062695729877250  0.03598977588017484
  0.04139459175757505  0.04687575628822826  0.05238331832256106  0.05791215158186019
  0.06348569791035824  0.06913184147820105  0.07483965062807256  0.08060492492442482
  0.08642199019538002  0.09231652047584214  0.09824277036191635  0.10417098952329269
  0.11014335424728014  0.11616186182652996  0.12224620477797399  0.12840099564394375
  0.13459450365039297  0.14083318359806049  0.14714028715168950  0.15352204614232523
  0.15995298784529172  0.16639954647763128  0.17286238443690435  0.17936632307151945
  0.18591457820192758  0.19253471442585984  0.19925728281444594  0.20605099230121621
  0.21290455372498698  0.21981792288236723  0.22680574483544316  0.23384154539960073
  0.24101802016839249  0.24816629813419944  0.25519632930535319  0.26218988306071683
  0.26927465120769023  0.27649945419543648  0.28386674316735772  0.29134218270909967
  0.29888520501740312  0.30643752160556026  0.31424510622687868  0.32226956702017912
  0.33039797022631640  0.33852550113897645  0.34670864987418964  0.35504397372222368
  0.36354724777655911  0.37218434830756686  0.38085831252693392  0.38964880789884854
  0.39853349083266804  0.40747356920586342  0.41644114444765662  0.42554474283796634
  0.43493090549214652  0.44469341190358880  0.45467058599885535  0.46474476152100186
  0.47488481114755060  0.48516664340141447  0.49570735226339746  0.50651438148782679
  0.51759580468454303  0.52888444541630852  0.54050260098396763  0.55247875146338077
  0.56485168432554311  0.57755362935258736  0.59067297697973442  0.60423331526520152
  0.61827329433348999  0.63276737872397881  0.64768927822075506  0.66312130231150934
  0.67904895744341631  0.69577402503928298  0.71353233231751656  0.73246778998562223
  0.75273682752206439  0.77467727259494934  0.79833081294799368  0.82393183402688919
  0.85296475790053672  0.88768140083573444  0.93346155499437511  1.00000000000000000
 -0.00238314766528407  0.00915469433745511  0.01956167575153675  0.03005488234729910
  0.04087893649851171  0.05123484440340215  0.06164354876529027  0.07199658068033259
  0.08226508732161045  0.09266569819171426  0.10303518610145164  0.11359272149336409
  0.12425196413219375  0.13467624195256567  0.14522936334085043  0.15584832230574888
  0.16650983655659837  0.17696189627023609  0.18730174413218664  0.19769585965611383
  0.20820294791140140  0.21859786246882143  0.22907633980044140  0.23952802124244849
  0.24997443751069265  0.26037942961318028  0.27082776811570008  0.28148633908985665
  0.29227460971413677  0.30292948718984197  0.31354617653782607  0.32415227595779350
  0.33487254265884353  0.34563284526034782  0.35634292465658307  0.36680848354324724
  0.37731353578471571  0.38784959948681086  0.39837242565325548  0.40891773851246632
  0.41948866113564098  0.43061515284754048  0.44138594529680242  0.45202111457129557
  0.46263025831246468  0.47319642799556638  0.48376353146032092  0.49443383016485115
  0.50493968338377782  0.51530492286070995  0.52571717627550207  0.53620313724289104
  0.54659897148769709  0.55699914200799294  0.56752873609864773  0.57810644738810613
  0.58857256479220910  0.59897251913598182  0.60956445875742304  0.62020303256384757
  0.63094606714969370  0.64162450724487419  0.65221627138151850  0.66273646514347262
  0.67315613818089692  0.68348971880773801  0.69391733400751598  0.70460375783185814
  0.71520799745836572  0.72604737693953891  0.73642952791694427  0.74687843678419075
  0.75708056239436106  0.76759467202585241  0.77799821130275681  0.78857691147524422
  0.79905433765889045  0.80984551476621203  0.82047699296979926  0.83119603400566966
  0.84169615144307874  0.85209786831796741  0.86246159737152361  0.87302674139761860
  0.88349628528948332  0.89399121396291248  0.90450772376065691  0.91522374623735703
  0.92587371273376684  0.93662729798435485  0.94746056338745466  0.95827348292262648
  0.96871229963798500  0.97911154518250498  0.98952103155597071  1.00000000000000000
 -0.01430639880062381  0.06396951297212998  0.10917009962764257  0.14403451108858467
  0.17410846434202151  0.20070011127488910  0.22464738905705806  0.24675513523635903
  0.26740166768212381  0.28648798667861353  0.30436320936627559  0.32134170595490341
  0.33757126314449337  0.35308069098320310  0.36789217355276838  0.38210413440172186
  0.39591676106395024  0.40932983332882150  0.42226146440354817  0.43479225323015097
  0.44721537698692732  0.45923229841250346  0.47090744583254462  0.48228167289482055
  0.49350149658538278  0.50445531773982488  0.51509673956854851  0.52557308961756111
  0.53575681483897653  0.54590444893771017  0.55596579884480735  0.56580848556559304
  0.57538951315555453  0.58487884354310160  0.59433754331795718  0.60358532099076145
  0.61253101594735870  0.62133575781773120  0.62997928948530946  0.63856543514574637
  0.64704907183258631  0.65537830750633086  0.66348768360221189  0.67142310139008188
  0.67926375455935817  0.68705358766233393  0.69483308396168575  0.70257724716562164
  0.71027537928641882  0.71792219338449181  0.72543403067364876  0.73284178537103306
  0.74011668837483868  0.74725495165021760  0.75429096172033683  0.76125216016595654
  0.76820727071736628  0.77514306272485434  0.78203746882635783  0.78885241140070783
  0.79560440783614461  0.80231661281424138  0.80898617305317755  0.81558614660173889
  0.82209009742022010  0.82851663771253869  0.83483155865797276  0.84111406951687828
  0.84740546778876735  0.85364797198509246  0.85985042732808836  0.86602662135410580
  0.87217076575029506  0.87826183888603471  0.88426120209398984  0.89018864372931050
  0.89610470592577984  0.90205990635935440  0.90803600060625211  0.91395653776724051
  0.91974422473329975  0.92541747426377252  0.93103396275582828  0.93659497484902532
  0.94205693724900563  0.94746366731358256  0.95286236080073516  0.95822620163217131
  0.96357305431238804  0.96885797728532630  0.97411374501454984  0.97933920596541324
  0.98453100313858044  0.98970737838386769  0.99489793773028024  1.00000000000000000
 -0.00237825992285745  0.00931095674790645  0.01956395306439688  0.03024866534868030
  0.04081117840432373  0.05142530192572606  0.06199801106101131  0.07259687581518071
  0.08316152987452637  0.09373727375171688  0.10415464461545121  0.11452607566517489
  0.12494776562853628  0.13541686891782401  0.14596694684320161  0.15651993537944905
  0.16709677871331094  0.17753248799893404  0.18780942102596193  0.19801035529505898
  0.20839135834221872  0.21893194704575081  0.22936763844508290  0.24002492013343193
  0.25076722725876532  0.26155776068917774  0.27215535514830053  0.28279193351323584
  0.29343649395788901  0.30403174384914872  0.31462122955350647  0.32526564204380864
  0.33593532577706575  0.34667621250308017  0.35743385788401350  0.36811988044740901
  0.37871036538151226  0.38923630260107672  0.39972781897531223  0.41022503893420997
  0.42074460758241372  0.43133177252022664  0.44194384229171363  0.45245272927023134
  0.46295207374693303  0.47341581547926920  0.48413952677038452  0.49496540308816006
  0.50562784788308690  0.51613336426519818  0.52680556712860860  0.53750772324939322
  0.54804559596221525  0.55842511879996781  0.56894406801749020  0.57965570275416689
  0.59037140145809430  0.60098453851208522  0.61151807753383525  0.62211889334425186
  0.63277293395717893  0.64355078827656198  0.65429905580657588  0.66498121223502360
  0.67551589723003613  0.68594917584623094  0.69642926980697417  0.70689010010045661
  0.71733730966472031  0.72775698260030008  0.73830320565707230  0.74890122222027655
  0.75934575433350515  0.76982129803528054  0.78035147001441274  0.79106428711629828
  0.80176338804457836  0.81236876231974586  0.82291138386454898  0.83337461625989917
  0.84403934181906493  0.85441281818141690  0.86454062678705323  0.87472129872973692
  0.88491560994123986  0.89504138594864802  0.90505169670793639  0.91512730921544172
  0.92594926892367346  0.93666904352332814  0.94708302087827378  0.95754854986532401
  0.96804733400127385  0.97874940605000937  0.98943802029660777  1.00000000000000000
 -0.00227199396306228  0.00907889656123597  0.01922531759993684  0.02965405551547383
  0.04009299717171300  0.05042856050599368  0.06098783713846630  0.07148311180964545
  0.08179966042966494  0.09217081984489839  0.10231192561686775  0.11263866577003299
  0.12291249511859446  0.13350338422632166  0.14405734646562171  0.15462065666157201
  0.16511462500463284  0.17585996828852773  0.18660248832088971  0.19703358243094760
  0.20745160081183101  0.21799401181915334  0.22858997924808253  0.23900722084313389
  0.24938552931524827  0.25980664992466823  0.27025653655671422  0.28062503138018341
  0.29109940431005565  0.30167391138954069  0.31228413965173696  0.32280017504462344
  0.33330842486055273  0.34382691558139927  0.35433645340120673  0.36495731592833447
  0.37550725177572813  0.38605283948923735  0.39665028820473536  0.40726198360847671
  0.41796682672260121  0.42863246689370355  0.43939974209225457  0.45008978492952367
  0.46087308376860919  0.47172406409157613  0.48264581886301222  0.49348122875313721
  0.50398858647818312  0.51449578032539667  0.52507162856820999  0.53572493064189741
  0.54648969285722548  0.55718368969878185  0.56800061471365881  0.57858089878872376
  0.58922541338893375  0.59982876171312371  0.61052296450929100  0.62118180916106691
  0.63188341503898293  0.64264261854926608  0.65315741773860270  0.66358466082207179
  0.67391789499520849  0.68425567909856655  0.69456564377949903  0.70477887644583637
  0.71525134336209883  0.72578660312843557  0.73629358718701321  0.74674822377542027
  0.75730410893742506  0.76775716950537731  0.77840321461918671  0.78892706707862981
  0.79938740760544325  0.80989070975600619  0.82034904446690293  0.83081674951928342
  0.84146772004182502  0.85188117776094685  0.86223554032737093  0.87232687096524109
  0.88298355352850733  0.89356674996895347  0.90419301051015466  0.91472511952807734
  0.92528539907396112  0.93608513914076208  0.94670764973629118  0.95750998848131141
  0.96805887675542490  0.97872718160155758  0.98937373081066859  1.00000000000000000
   6.6707593334080961E-008  -1.0000000000000000     
 F F F F F F F F F F F F F F F F F F F F F F F F F F F F F F F F F F F F F F F F F F F F F F F F F F F F F F F F F F F F F F F F F F F F F F F F F F F F F F F F F F F F F F F F F F F F F F F F F F F F F F F F F F F F F F F F F F F F F F F F F F F F F F F F
  <DiscreteSampler_grid>
  grouped_processes
  1 # 1 for a reference and 2 for a running grid.
  10 # Attribute 'min_bin_probing_points' of the grid.
  1 # Attribute 'grid_mode' of the grid. 1=='default',2=='initialization'
  0.0000000000000000 # Attribute 'small_contrib_threshold' of the grid.
  0.5000000000000000 # Attribute 'damping_power' of the grid.
 # binID   n_entries weight   weight_sqr   abs_weight
    10   10   1.680530697605016E+004   1.458627610738290E+009   1.680530697605016E+004
  </DiscreteSampler_grid>
