  0.00253334204105230  0.01652045732978345  0.03051210455252207  0.04337677226860131
  0.05548419886710317  0.06720228131004009  0.07830149261236544  0.08927736259230794
  0.10035960721466015  0.11152536406708469  0.12268084150948048  0.13400404145908809
  0.14542030266584643  0.15682878741393064  0.16793964247518944  0.17905337281836339
  0.19025597045146134  0.20151081486667100  0.21276191363020597  0.22397367327878009
  0.23518723084188869  0.24623789038868626  0.25715363936920327  0.26772683273906034
  0.27821531647081144  0.28837742964033530  0.29874987339145120  0.30950111912978939
  0.32041419088581247  0.33107652998917414  0.34157180080931498  0.35222007943970252
  0.36301741179771069  0.37375004566387976  0.38446572645981358  0.39523162099720816
  0.40609347852217237  0.41700332198187667  0.42747856641275300  0.43811926224640074
  0.44880920585139217  0.45962594005035357  0.46981991522368061  0.48008083925247147
  0.49026016500238895  0.50063058359452939  0.51082769579823784  0.52103852831843434
  0.53131453532869266  0.54162702491169945  0.55197869491208673  0.56251429936561148
  0.57314516153123685  0.58374107834756872  0.59437768544344505  0.60498704186301910
  0.61556795530986130  0.62597243856084006  0.63637429645092169  0.64675803224525841
  0.65710193421661345  0.66745848354996618  0.67779835558169776  0.68815799111082232
  0.69867720870537497  0.70923773741828355  0.71948282998510726  0.72948246902396152
  0.73949090737930046  0.74969281877972027  0.75997763128449169  0.77042008121102190
  0.78111895433772938  0.79192644991332595  0.80250971931496617  0.81298872237148267
  0.82344054761915164  0.83388099555902873  0.84418537571877705  0.85419584259495895
  0.86425421669788460  0.87437203997137447  0.88466112355416426  0.89487060133988794
  0.90494189277477832  0.91480679054100900  0.92452650689897597  0.93405305005390904
  0.94347496773080108  0.95278024676885431  0.96182026075816285  0.97052417312591410
  0.97881569451391404  0.98619912892951755  0.99348178622737304  1.00000000000000000
  0.00264110472201348  0.01598499079258303  0.02942923539007791  0.04186517664414086
  0.05379215579531110  0.06565141075698452  0.07729018647629633  0.08879742466632953
  0.09985594950376540  0.11065329284151763  0.12136549567497205  0.13257709749535634
  0.14392618303455001  0.15519681896150272  0.16622002399072769  0.17715172268442900
  0.18788721103753966  0.19849409201711735  0.20897891611965175  0.21937407331625769
  0.22981107314729007  0.24023610335082063  0.25083524191198847  0.26162692650415137
  0.27275342925917379  0.28406859939430007  0.29516003381080758  0.30597307910131044
  0.31664133970880065  0.32719695408745120  0.33770428975134525  0.34793439827793676
  0.35815991454320467  0.36833268368901967  0.37858457130306217  0.38890564482156453
  0.39941672541014972  0.41010043793214773  0.42086939680250474  0.43155293789667204
  0.44189308164190561  0.45205177261432555  0.46224339824291816  0.47277624565930126
  0.48329859619183196  0.49356582164621121  0.50376763143683989  0.51422969429280629
  0.52480960145469868  0.53533291220659385  0.54588091267204331  0.55651814711628578
  0.56686387152235107  0.57694719013941709  0.58702756553446511  0.59722888003276076
  0.60754961006133756  0.61790351055933412  0.62817448670668008  0.63832350905270230
  0.64839991482957537  0.65839342771077780  0.66823261025777270  0.67793409355866396
  0.68776026788929057  0.69788883698343118  0.70820285658104931  0.71854327431546960
  0.72878357392144821  0.73896339525920685  0.74918525933179514  0.75944289739316717
  0.76965405828709776  0.77973285462394226  0.78987800746175163  0.80017951210095484
  0.81054336105389935  0.82088976678338210  0.83115607698217808  0.84139034753537212
  0.85158024863336845  0.86165520555451991  0.87155544252998751  0.88131447515294625
  0.89108528342586146  0.90100084056733787  0.91102047418482879  0.92099315440031637
  0.93083984567027134  0.94051509494571195  0.95004771311228153  0.95940727892613720
  0.96848430861744528  0.97707776585451533  0.98508114604189401  1.00000000000000000
 -0.01240020702875814  0.03776463542311767  0.08157107587034956  0.11391704532926085
  0.13292323352748348  0.14569436567825031  0.15800072105747925  0.16996635982072816
  0.18184302112703962  0.19349378228386366  0.20523513014111552  0.21731658961627531
  0.22892323107090756  0.23993787971200278  0.25073438133658732  0.26176373927438096
  0.27323551659777606  0.28452070605874707  0.29571826179884997  0.30733164099489457
  0.31872310758994044  0.32961519250952381  0.34044434900362952  0.35101799461734234
  0.36127155430115621  0.37168025199640320  0.38230610658550584  0.39270215745951692
  0.40263748762306206  0.41249427254672333  0.42245603145348937  0.43247211965453769
  0.44231182488208870  0.45206167012363840  0.46172453479690517  0.47142007986101458
  0.48115301765200152  0.49083271921287958  0.50031893877510181  0.50971362814334287
  0.51914627243763356  0.52875084055947907  0.53842374324506537  0.54796218055331924
  0.55731596067083400  0.56635386603002935  0.57525857381048506  0.58420603159210494
  0.59316896205636227  0.60217965958132835  0.61116932450579475  0.62003912505099623
  0.62885286933440565  0.63761772155372687  0.64651499554104108  0.65559223360575103
  0.66472259624861252  0.67372825952360771  0.68250950303948421  0.69115351181137952
  0.69972309008087241  0.70830644584590685  0.71709696210034435  0.72601133000019324
  0.73486082447853596  0.74378239221528508  0.75275225921424838  0.76152247168090537
  0.77015643798640776  0.77853999315190048  0.78704004597150445  0.79536407174577717
  0.80377456326367225  0.81228236451484259  0.82089029724125140  0.82961766945453042
  0.83851187584319220  0.84753400186908001  0.85650447244753425  0.86530133645091345
  0.87407116197157597  0.88276342139004627  0.89136365319636313  0.89988350763017366
  0.90818916884021161  0.91654668928805916  0.92485961460060184  0.93306547928470884
  0.94123467085992818  0.94943916957935104  0.95772423467413237  0.96611571446625910
  0.97458806120243269  0.98306960016206268  0.99153122668486249  1.00000000000000000
 -0.00242923067955373  0.00958130484191073  0.01962686377978633  0.03009528625630582
  0.04047298949967129  0.05076454946930158  0.06102796066322361  0.07096774808337618
  0.08101679019532057  0.09127849296025618  0.10227530093319709  0.11333609619526980
  0.12437712838432345  0.13506504593546950  0.14551083036272067  0.15625680238074194
  0.16714005484372366  0.17803074713698955  0.18875438607687289  0.19933544720027230
  0.21003041333793560  0.22070088649879852  0.23128807685531283  0.24175694135898557
  0.25217659320867680  0.26289020249276224  0.27361661147196498  0.28436224540321836
  0.29519652390873491  0.30624409650061546  0.31713700096420960  0.32758977186068416
  0.33775855447006981  0.34761261380790431  0.35747038290298278  0.36723971605035333
  0.37693294254022741  0.38690320110925441  0.39714645277520899  0.40770480648799146
  0.41820170293379844  0.42857144570833655  0.43879433371138710  0.44898386049382849
  0.45930968110879761  0.47001668321305812  0.48098094344610970  0.49202729499283226
  0.50300517339551665  0.51388348258589944  0.52473937391692560  0.53556241482795197
  0.54629641204044432  0.55712679340373972  0.56791921256913813  0.57875480027124027
  0.58933599962323358  0.59968209802564576  0.60992313229059691  0.62005092840813447
  0.63021404905679512  0.64068167475679083  0.65130070017032993  0.66216836043137250
  0.67300593840963452  0.68365359909671464  0.69412355297220529  0.70443585196142167
  0.71484497303327599  0.72527027550242495  0.73584394204243320  0.74636691797224941
  0.75670641006165151  0.76698679602358855  0.77749523844283386  0.78837998790885422
  0.79920699782931259  0.80985789560151367  0.82035751875358631  0.83078048272154859
  0.84109478273858751  0.85151548344855943  0.86211179885042899  0.87273840921097579
  0.88364391798505149  0.89443999787632467  0.90522520696449971  0.91574787463392260
  0.92638353467108525  0.93680975713295289  0.94700848640422863  0.95713165859905536
  0.96753103819278619  0.97810000559113397  0.98898377285162564  1.00000000000000000
 -0.00160972706845627  0.00605821353192727  0.01324011219277198  0.02058458662001919
  0.02817722162475158  0.03586752689591718  0.04359121500062022  0.05131945647365496
  0.05910521471341978  0.06693292172127742  0.07475524596233639  0.08251343967882369
  0.09016931094314570  0.09776085025887771  0.10536738685952526  0.11303397799467689
  0.12071773449979531  0.12849492930886899  0.13637871143077412  0.14428797592899462
  0.15226276619759960  0.16024514038072474  0.16823944500878105  0.17611171429178751
  0.18384887940969602  0.19159361738647257  0.19946602572558192  0.20746460344025044
  0.21543617763997464  0.22342944872490828  0.23146364202767258  0.23970915106152860
  0.24793423477881862  0.25615081598941686  0.26418310396416383  0.27227249094752415
  0.28024430994969346  0.28832751269743878  0.29652560792038990  0.30475160846076432
  0.31312251649556438  0.32168610585288121  0.33037615145702715  0.33908269361875781
  0.34783258817341739  0.35642149881618845  0.36499866387609409  0.37371475785477365
  0.38259424498052047  0.39159612215078959  0.40053357233287551  0.40946449892454628
  0.41851479868706454  0.42786092337214510  0.43747120127935879  0.44694010628655861
  0.45627890542889049  0.46574265655562330  0.47554748078527204  0.48561940117873414
  0.49565662819481371  0.50555540903233731  0.51559228933865464  0.52594094375040645
  0.53633799666937165  0.54654611099587869  0.55669944620623713  0.56726943935694141
  0.57830469864521361  0.58927668779655018  0.60002629861295653  0.61099164074286660
  0.62231684194412162  0.63369968307944791  0.64530941936552155  0.65752475436837599
  0.66995482131080941  0.68231626207052720  0.69472548586951655  0.70717771221052117
  0.71963173481642173  0.73245613725861403  0.74656647737697845  0.76114045844846945
  0.77601961845781775  0.79127910569664617  0.80695681431345545  0.82317576901706790
  0.84022975352870544  0.85834656533640841  0.87743367246563286  0.89729943658167022
  0.91846600432250936  0.94158203586042499  0.96831185480620563  1.00000000000000000
 -0.00231698943704082  0.00936264475801265  0.01913107115487536  0.02976603859912101
  0.04062770694348546  0.05149948594528250  0.06201722998965769  0.07223210075689832
  0.08220909978284471  0.09235710881322279  0.10270472887815381  0.11293350877030496
  0.12296661182856064  0.13287358294152976  0.14313819498083685  0.15329517878727134
  0.16365890808837777  0.17423955549331949  0.18505727136909261  0.19551721165782304
  0.20566395796575809  0.21607451029980729  0.22694868161494469  0.23793629550586953
  0.24847575679710235  0.25875765946415330  0.26899440302629402  0.27932785539423416
  0.28975205230843043  0.30026873833694467  0.31058315810526388  0.32099243109855469
  0.33132433575173875  0.34154167262822377  0.35180585733270325  0.36248980877078696
  0.37319155802295101  0.38378378183437101  0.39428702201255966  0.40508130093311007
  0.41611331123871192  0.42688634562440209  0.43777034822968003  0.44818517061458735
  0.45864897144249128  0.46933596062901833  0.47989887443791607  0.49076725029852797
  0.50151106132407319  0.51231377357506669  0.52275516796132016  0.53349725401357240
  0.54442100654969194  0.55536327357872139  0.56575841587732989  0.57614009507670827
  0.58663935170272397  0.59691858461584735  0.60735731739124232  0.61783221842809410
  0.62857880352961382  0.63922524878093534  0.64974270840776760  0.66044972605285690
  0.67121652175816870  0.68237950646712642  0.69305976341560926  0.70369446039527561
  0.71411132471098737  0.72457365124258211  0.73495706760804369  0.74567931461047443
  0.75659564539990687  0.76744140746457845  0.77764037482682924  0.78749815968743764
  0.79757636469486559  0.80822480534709229  0.81910765801895236  0.82998047703424827
  0.84050587712871738  0.85087948072536868  0.86107597620320564  0.87147337789004076
  0.88217922933466675  0.89292561897947820  0.90345684351226885  0.91427095991829033
  0.92507002762970136  0.93610734658915473  0.94694619618869769  0.95806231089163030
  0.96846316447077951  0.97906476577078660  0.98951987751745130  1.00000000000000000
 -0.02901274320683038  0.15668653181255021  0.21868977621955576  0.25903902164092368
  0.28992374673808569  0.31594007057680479  0.33878819606604998  0.35913786751221544
  0.37777832467894773  0.39476399296429115  0.41006321343214225  0.42449042647590463
  0.43824779423741012  0.45113700129821027  0.46343582914660864  0.47549442350002663
  0.48706291323426082  0.49826844248696472  0.50906666962157410  0.51936588595949718
  0.52906377327639498  0.53843357733357211  0.54770800630691996  0.55680943713077002
  0.56559202373939532  0.57400005985010316  0.58228704244843066  0.59047288706329359
  0.59854732438537261  0.60642639039828905  0.61411741607741877  0.62175323762818180
  0.62925582002102209  0.63660062431575204  0.64382987772159816  0.65099206094596584
  0.65809101019068139  0.66513217344507536  0.67200341847393052  0.67873368182686422
  0.68529360322926380  0.69174733820695233  0.69811086214230600  0.70458150374736972
  0.71096027641142479  0.71711613350994230  0.72310023339914509  0.72911217308544884
  0.73503761931692146  0.74094898413974808  0.74684124082289793  0.75273630763323529
  0.75862151211100814  0.76456173103198277  0.77055423344164020  0.77659599675407109
  0.78265247803752169  0.78858581319772314  0.79435730202278865  0.80001666872992394
  0.80562707156553237  0.81122191983262915  0.81673050114759260  0.82218638749552098
  0.82762460296003493  0.83302946429162683  0.83839046274569429  0.84378117615693060
  0.84924100951379722  0.85483733788600091  0.86044505932739890  0.86596830423041760
  0.87143383985289735  0.87690553358124446  0.88243556929158606  0.88793841696076581
  0.89340655161885851  0.89880149341211724  0.90412479163161219  0.90939951881543268
  0.91468564412026532  0.92006577943981960  0.92557080100745481  0.93117471701029042
  0.93680324953042526  0.94241530052986555  0.94797819049667187  0.95348228212689645
  0.95894774626692503  0.96445401973365152  0.97008937626300040  0.97585196007624886
  0.98174762516549363  0.98769956033240192  0.99388331908392036  1.00000000000000000
 -0.00253449542372231  0.00991455612113375  0.02023794568933670  0.03090635285695855
  0.04111428311698378  0.05171098048581305  0.06262100180549780  0.07311393938303386
  0.08351715922155872  0.09418300944926905  0.10484913654892786  0.11533679244147103
  0.12565429513333815  0.13627960874474010  0.14699236996650647  0.15752026024569973
  0.16823267635996639  0.17908795009247913  0.18996330909803222  0.20063052187494398
  0.21134058706707826  0.22219129632710044  0.23302806109694274  0.24367908642097183
  0.25431336531413745  0.26500348671899560  0.27561380924100087  0.28594644726872209
  0.29621469942922468  0.30677084682874534  0.31748274337670912  0.32805552667242777
  0.33843226266558551  0.34875472438238753  0.35890960082591217  0.36900217512214556
  0.37931715008307604  0.38973534880966143  0.39998280502528549  0.40995079236274384
  0.42002322943892184  0.43049589588810616  0.44094475463609256  0.45135790895215933
  0.46178281163657003  0.47234343129899925  0.48304526372679213  0.49374068687701589
  0.50427299904641698  0.51473524684420557  0.52525781531693971  0.53617971412109511
  0.54710176916137854  0.55759131283028684  0.56779251641095374  0.57788358849086296
  0.58827847327318961  0.59851103977122477  0.60875532107783048  0.61910787463549455
  0.62932638304238797  0.63959833355537143  0.64977270978313151  0.66027020805469805
  0.67071563108417898  0.68110792021461075  0.69182557464569305  0.70271896235595988
  0.71368923957650898  0.72462108150614724  0.73555206149102192  0.74687487287901222
  0.75789565215122512  0.76912998390462306  0.77975683722523426  0.79024186744303693
  0.80044086277375193  0.81068042290713482  0.82116160970215735  0.83170939931774501
  0.84241865748629385  0.85268285072412553  0.86303364055822251  0.87332176962615771
  0.88401841325867980  0.89486926392004451  0.90553520573597024  0.91626855089292281
  0.92693402906327083  0.93738501843098943  0.94749242964053870  0.95768788591582088
  0.96824841230154879  0.97885371432366608  0.98939366266414086  1.00000000000000000
   5.3650264461348974E-009  -1.0000000000000000     
 F F F F F F F F F F F F F F F F F F F F F F F F F F F F F F F F F F F F F F F F F F F F F F F F F F F F F F F F F F F F F F F F F F F F F F F F F F F F F F F F F F F F F F F F F F F F F F F F F F F F F F F F F F F F F F F F F F F F F F F F F F F F F F F F
  <DiscreteSampler_grid>
  grouped_processes
  1 # 1 for a reference and 2 for a running grid.
  10 # Attribute 'min_bin_probing_points' of the grid.
  1 # Attribute 'grid_mode' of the grid. 1=='default',2=='initialization'
  0.0000000000000000 # Attribute 'small_contrib_threshold' of the grid.
  0.5000000000000000 # Attribute 'damping_power' of the grid.
 # binID   n_entries weight   weight_sqr   abs_weight
    10   10   1.962702623712733E+002   1.111767698699274E+005   1.962702623712733E+002
  </DiscreteSampler_grid>
