  0.00256423246929249  0.01582421952273622  0.02956579080840429  0.04201483090686351
  0.05363786611552666  0.06496289332267839  0.07621266734789552  0.08738861511426736
  0.09834234334586123  0.10920422977306979  0.12007634296437708  0.13097279767687772
  0.14190683609951557  0.15273558585262292  0.16351421344527020  0.17439313110535820
  0.18523342222307651  0.19608033007841363  0.20682185824302757  0.21758986477357486
  0.22829713785778752  0.23901253924173294  0.24986735715484207  0.26080338473853004
  0.27167607354611478  0.28233604182277489  0.29290368287251239  0.30332365815146600
  0.31354571661883318  0.32376830223864161  0.33414122770740051  0.34467903058438015
  0.35533077615604108  0.36594146447147752  0.37653944279864937  0.38710260610987129
  0.39766552107663594  0.40826828557831796  0.41890622213121620  0.42956718047824877
  0.44025180724767815  0.45093084285953855  0.46148452909674642  0.47204391663952122
  0.48265581278029784  0.49339392773846014  0.50413380846663902  0.51475221214622013
  0.52524283928678361  0.53572233220437182  0.54630809518739110  0.55702059401136927
  0.56756615496631624  0.57778722312001984  0.58800312155879975  0.59829849288260750
  0.60864534406376480  0.61900020112096177  0.62944145865961099  0.64005318513702036
  0.65071807034666629  0.66125787488737842  0.67166310170853438  0.68197657750509311
  0.69226045269275860  0.70255177691783810  0.71276363924908015  0.72292872948646192
  0.73313567038972671  0.74336005266882565  0.75359785827522563  0.76383049369549905
  0.77404676917898241  0.78436952492879886  0.79468096570567115  0.80505258885455100
  0.81536358782543061  0.82554087020339750  0.83563934978797150  0.84565857312834825
  0.85563217247151324  0.86544540959074268  0.87517454572946241  0.88501922398891708
  0.89489809482972893  0.90481102710888206  0.91466447933625927  0.92448140022328584
  0.93429395326335296  0.94397798677917444  0.95348124142495638  0.96284391460550178
  0.97184071807854755  0.98014406776928864  0.98841434580488108  1.00000000000000000
  0.00231441240857645  0.01646325430168932  0.03033780985033561  0.04241913455517815
  0.05421958252222554  0.06564260794957343  0.07685424822488315  0.08783271179763301
  0.09893389800375856  0.11001446946135528  0.12115996889146939  0.13219092359603093
  0.14310799628109822  0.15400661899161658  0.16501453523196508  0.17606101130353058
  0.18709422494717445  0.19764520069269087  0.20798940712822220  0.21854697943833137
  0.22920330089064306  0.23978730295636319  0.25036631018192479  0.26117723193534470
  0.27202303639416481  0.28282661570307077  0.29356954130549306  0.30418017155287136
  0.31481005170157439  0.32550667393059879  0.33621238321011920  0.34666898406409702
  0.35721475020409515  0.36776762894601245  0.37839849403697162  0.38904634942528049
  0.39980782723735003  0.41061120402244189  0.42135452297576170  0.43209727593606251
  0.44286981760126959  0.45347206784326627  0.46401210401068382  0.47455143720857090
  0.48510753769885823  0.49563064908002413  0.50620296182541435  0.51682240959309289
  0.52730002411009058  0.53762337303116914  0.54800572732784347  0.55838402305981794
  0.56855386284571874  0.57862779541124831  0.58884589615739513  0.59914862932195545
  0.60936030564994181  0.61961245987535596  0.63001129827332647  0.64061829092706846
  0.65120045125344961  0.66167505151100081  0.67205142881904600  0.68240887275286610
  0.69276416836148880  0.70315190459854782  0.71365051143372438  0.72425779796781586
  0.73486098166031932  0.74540079303848872  0.75589846051640874  0.76640438268598976
  0.77686921950968479  0.78725409221762521  0.79757909009257466  0.80788328201514048
  0.81815933673404162  0.82838719341349232  0.83861759320800588  0.84893545549701421
  0.85928607052934869  0.86952008392244806  0.87963938076612769  0.88969556873258560
  0.89976717691604058  0.90980628855651935  0.91978705809911721  0.92967090750459225
  0.93945646699886964  0.94912314585591495  0.95864644324334070  0.96776718189865751
  0.97649600409979731  0.98459386089627277  0.99355397629392495  1.00000000000000000
  0.00553422139464253  0.00679588552378793  0.00804756433977072  0.00922802687971061
  0.01036860945043083  0.01151472525733056  0.01268719773981420  0.01392160179825393
  0.01517631641464987  0.01643347091881022  0.01769407040780350  0.01896783958476342
  0.02027000308044473  0.02161689939882262  0.02299525943076834  0.02430733987029070
  0.02542331390673438  0.02650082607262684  0.02751557862748267  0.02866718599343385
  0.02994114257835504  0.03119903716818467  0.03248653808427896  0.03380332966072176
  0.03514864380574169  0.03653107395376787  0.03794055870043594  0.03937544727897289
  0.04083704687796146  0.04234965617426623  0.04392502125633478  0.04556107567165633
  0.04726100095334120  0.04902719082618340  0.05084925980048600  0.05272384005606762
  0.05466100576061771  0.05665948445038035  0.05871846524625687  0.06085632549004905
  0.06308554526803334  0.06539300932692096  0.06777964645287889  0.07025711437247159
  0.07283153161356802  0.07550254138765666  0.07826654092647226  0.08111599928794187
  0.08403929202050671  0.08708518791614205  0.09028502318636208  0.09362751055601089
  0.09710586107057277  0.10072311580773263  0.10448562791266251  0.10840039126134245
  0.11249585849961224  0.11679766779575963  0.12127636844731494  0.12592917647303814
  0.13080925949470235  0.13593449043069944  0.14130546616473755  0.14690707914617004
  0.15275188393693451  0.15886235597131779  0.16523901583817316  0.17191840469010192
  0.17893630828332580  0.18634202548836207  0.19416991141985657  0.20249086308322375
  0.21132541124864704  0.22069763466830333  0.23063550135523997  0.24114641725167379
  0.25224797412585848  0.26409661474566853  0.27688290389139486  0.29062811248434200
  0.30534219054874046  0.32103944619306468  0.33790947990583114  0.35620008575965950
  0.37598826705243044  0.39753525389035965  0.42138100545459362  0.44812367092535021
  0.47823003080723919  0.51245903421917527  0.55217471016835995  0.59969840599944835
  0.66041299099983242  0.75565424191290520  0.86248978284542155  1.00000000000000000
 -0.00106100922693031  0.00405493053536891  0.00935485470562787  0.01462423333603139
  0.01993341294645741  0.02525096250604989  0.03059098614469131  0.03595448917630593
  0.04136358528755207  0.04677878662013395  0.05219243963793543  0.05762677932753683
  0.06311370810895364  0.06865433590632120  0.07423479070193660  0.07985825740949380
  0.08554586253891031  0.09127611203543835  0.09703599772820436  0.10284343329794739
  0.10874586383159617  0.11471809038666363  0.12072149904208412  0.12682582570242623
  0.13307041747072473  0.13935062641420023  0.14559855569256494  0.15186124093128939
  0.15817833340940005  0.16455280190767402  0.17097418941746548  0.17746289972973714
  0.18403129760281331  0.19058926132504922  0.19713306167777128  0.20369597739952647
  0.21037945355400284  0.21719244036733096  0.22407953659128252  0.23099360667870747
  0.23794147369578555  0.24495770588812549  0.25207989663102737  0.25931296334699278
  0.26663690407545898  0.27399028661744840  0.28144242146570514  0.28895309400110997
  0.29658065264256933  0.30444192473140969  0.31232500005251979  0.32018535283461325
  0.32812612548350950  0.33625816319178881  0.34444405657127303  0.35274544922217432
  0.36115314667562926  0.36960040997921390  0.37824067214748908  0.38701994052682265
  0.39606487107910660  0.40529151571592531  0.41465868594567468  0.42416589662169013
  0.43378885005861195  0.44356905696346821  0.45348047268209751  0.46365466219070517
  0.47396175654816869  0.48434856879206711  0.49480450538665510  0.50564886860425673
  0.51672538914537425  0.52820915039796057  0.53980986000275821  0.55190487036733238
  0.56422004160418793  0.57700973494156371  0.59016050923058982  0.60392843579345135
  0.61771077656744178  0.63214076365233762  0.64716556318602692  0.66270081230774280
  0.67881372851924437  0.69568023153423508  0.71349319677751410  0.73241199577579996
  0.75246065470123935  0.77396213803347902  0.79733057350119096  0.82327803018333567
  0.85279496730812987  0.88756006926660025  0.93356667295960960  1.00000000000000000
 -0.00229527378508515  0.00921534875258955  0.01874910261115811  0.02949671080574558
  0.03975112404683120  0.05007863439008136  0.06025300995810907  0.07083546925626037
  0.08162190034242023  0.09214834114648139  0.10262247212888810  0.11316508788220385
  0.12379966436311070  0.13423529210528895  0.14476806050924229  0.15525491841404940
  0.16584469263288681  0.17642865760230164  0.18706553109857280  0.19761338200316553
  0.20810919620470295  0.21862564959691808  0.22915749635028410  0.23977265161982605
  0.25054450446392806  0.26115875332413557  0.27181538597887933  0.28232610763693161
  0.29304811953424070  0.30372927204017097  0.31448121437731547  0.32528751909079306
  0.33599853169668598  0.34683715075998889  0.35770271447301977  0.36857994936859756
  0.37941423359523507  0.38998514583664812  0.40060787804657549  0.41102792548174683
  0.42150862582410398  0.43213758815389430  0.44273592601565420  0.45327851048842716
  0.46377594751350754  0.47431147804235319  0.48470223880376068  0.49498260404323141
  0.50533507726016746  0.51582591279666812  0.52624843846214453  0.53674134424463427
  0.54707892232910438  0.55762577156001591  0.56816637385028956  0.57885016597115735
  0.58953629588288592  0.60004990563867100  0.61066461910349956  0.62138717943698274
  0.63205443834965314  0.64273366179884839  0.65320471815000003  0.66391575949661208
  0.67423849603241282  0.68451855872908896  0.69462152107710395  0.70462075846697880
  0.71505602067418594  0.72556133611092122  0.73615591392700996  0.74687578627889406
  0.75741881068892947  0.76807160584881251  0.77873925959945478  0.78934089116129647
  0.80020756988895414  0.81095091900058947  0.82177434149851203  0.83251686075387066
  0.84316069549963368  0.85383954750756574  0.86433041916330011  0.87491656388016226
  0.88548653334894634  0.89604139856608644  0.90630947906446102  0.91660363284112178
  0.92692087795437828  0.93717481534713942  0.94764743483240765  0.95767649148261191
  0.96831847877856447  0.97856298315364731  0.98938091084802715  1.00000000000000000
 -0.01408428127659521  0.06333434508633137  0.10939356992336399  0.14441420876869210
  0.17423831840685144  0.20068957046418054  0.22465041873956526  0.24652666015490446
  0.26665028665710416  0.28543864876946468  0.30332430611197192  0.32042341290946563
  0.33671821215523573  0.35230806077048371  0.36722940694353329  0.38150954710612522
  0.39529646391203732  0.40852514876384316  0.42158905641780081  0.43432959826070233
  0.44660489563974165  0.45845995296528219  0.47021259506773871  0.48187382460928951
  0.49305598863327615  0.50408794533512236  0.51480000017001681  0.52528004183950661
  0.53553224453733983  0.54560003024593262  0.55547320237401576  0.56514954598072575
  0.57473563170327724  0.58416090674546506  0.59346500635757948  0.60254938346469256
  0.61151738479702000  0.62034743727144970  0.62913236021702346  0.63786381558395111
  0.64647198589291455  0.65480007684617381  0.66297830628501619  0.67105135164208207
  0.67904795680980512  0.68692626223886299  0.69468068602669286  0.70224269137278816
  0.70977031499590637  0.71727138046369121  0.72471746700041939  0.73195134593490219
  0.73914834112542305  0.74628122551883802  0.75342304452434949  0.76051091968496076
  0.76751015188230198  0.77436367212496948  0.78115788103613615  0.78787256175377240
  0.79454621229359679  0.80120923177751191  0.80783730826341338  0.81435214605185491
  0.82072803896175306  0.82703766450226768  0.83330542760123605  0.83948771875092043
  0.84557092868288952  0.85161120251983680  0.85765306722082657  0.86367510962053262
  0.86963961656236555  0.87564116834987271  0.88167895606458568  0.88765825245425745
  0.89357831865208570  0.89948825473418870  0.90540463090356427  0.91131553015822520
  0.91718494608611989  0.92295947119308941  0.92866065559587019  0.93437305762280387
  0.94007903284793271  0.94570643704513235  0.95126528106893726  0.95677789007251390
  0.96226626715773489  0.96775297844877495  0.97321734645558500  0.97864050393547208
  0.98401588748089130  0.98934661112687217  0.99466945318028654  1.00000000000000000
 -0.00235171476877269  0.00925898722159665  0.01933707302224140  0.03012746442137574
  0.04085734749261317  0.05159076499371945  0.06226906855317250  0.07296820825654522
  0.08355751540406410  0.09378920959324101  0.10426667242994449  0.11476043878503352
  0.12558440482704408  0.13618565338110000  0.14682996112786384  0.15746724776764234
  0.16793455422340345  0.17874887607920645  0.18925121746447318  0.19932449387720544
  0.20948246795819153  0.21983272050839556  0.23035208930042914  0.24057141063284068
  0.25086448376100123  0.26156764433256857  0.27230282584633764  0.28279755087612418
  0.29357730197644460  0.30451107971368097  0.31548479821087111  0.32613699621616626
  0.33671432091388059  0.34735364199034408  0.35769720860244775  0.36840536842406990
  0.37889042236055853  0.38937329507839563  0.39971229609136494  0.41011217561635593
  0.42042544776397883  0.43044171816408100  0.44055368560287161  0.45092329921924379
  0.46117913687193324  0.47153527887411978  0.48190932216492505  0.49246201251536170
  0.50291390407133696  0.51334535769783285  0.52390278246724420  0.53461920492783666
  0.54529781277130562  0.55608247371418318  0.56684506302843574  0.57771761675413691
  0.58845144835065366  0.59907929603443444  0.60959871447017833  0.62021179562945539
  0.63066578006617813  0.64132188858462058  0.65188543089084183  0.66246429662699091
  0.67318024100217733  0.68378043854717208  0.69436034911895994  0.70484111570468300
  0.71540961047548757  0.72623506277367544  0.73688933769394471  0.74764451979963920
  0.75829947798112807  0.76917359758153891  0.77987536125996715  0.79036135905911098
  0.80078852748976181  0.81113439983681934  0.82145963209137296  0.83187062419976054
  0.84240450801356692  0.85307825358638745  0.86347909190197902  0.87380269774782937
  0.88435486396951501  0.89495645677451319  0.90545956878098688  0.91575171269630129
  0.92637220716363677  0.93694249177443623  0.94744682135230929  0.95769439772761988
  0.96815139714544052  0.97864849523798159  0.98939900750949672  1.00000000000000000
 -0.00244378534450539  0.00940811114232688  0.01968090764852480  0.03025906495286527
  0.04085291349736345  0.05127132482966534  0.06196425903827801  0.07255768877670549
  0.08317141738510792  0.09384592917183709  0.10435674680967341  0.11500573931761479
  0.12545867452992537  0.13601790852413065  0.14648471275058556  0.15700788000079352
  0.16751795954496268  0.17815980470570103  0.18878131194017314  0.19931279716737690
  0.20982851857812104  0.22042091740941211  0.23093361399270201  0.24161662282902943
  0.25199635758050137  0.26216194547229721  0.27242093521223187  0.28248739551433155
  0.29259365467743725  0.30275303831561734  0.31285550929409739  0.32321556133357832
  0.33361916536797526  0.34405826445827892  0.35462238942958946  0.36511270601314755
  0.37563743974862457  0.38609478998942098  0.39656461495155132  0.40720454388425004
  0.41794525905909174  0.42865760805141012  0.43929963578490250  0.44997253346375027
  0.46068774829148673  0.47127778293874945  0.48187356791261243  0.49252435882062606
  0.50319108190402750  0.51385738198999142  0.52452683311390647  0.53521236200156852
  0.54575736643218309  0.55646694471495672  0.56714113851017622  0.57774341726667966
  0.58818250252952720  0.59869790216227481  0.60936325239252132  0.62006242585511118
  0.63064518108698198  0.64122704044506018  0.65175956713067895  0.66240179102953611
  0.67311292458642702  0.68384206030945138  0.69448771069825888  0.70521393534099286
  0.71579299410107255  0.72624786213260306  0.73673336567222791  0.74727543381860340
  0.75765451632398850  0.76782441574996030  0.77813606026024418  0.78855033634253291
  0.79921165404626160  0.80961818497547244  0.81995333915190716  0.83051568494308736
  0.84109689964833201  0.85190348872114530  0.86241378963581850  0.87300369651343979
  0.88355411781082260  0.89420150944298549  0.90459443309769383  0.91502077605736454
  0.92532509743438440  0.93580144054703673  0.94646499180716082  0.95727563390193593
  0.96803254328917121  0.97860371463094276  0.98937272523240749  1.00000000000000000
   6.6676940307283995E-008  -1.0000000000000000     
 F F F F F F F F F F F F F F F F F F F F F F F F F F F F F F F F F F F F F F F F F F F F F F F F F F F F F F F F F F F F F F F F F F F F F F F F F F F F F F F F F F F F F F F F F F F F F F F F F F F F F F F F F F F F F F F F F F F F F F F F F F F F F F F F
  <DiscreteSampler_grid>
  grouped_processes
  1 # 1 for a reference and 2 for a running grid.
  10 # Attribute 'min_bin_probing_points' of the grid.
  1 # Attribute 'grid_mode' of the grid. 1=='default',2=='initialization'
  0.0000000000000000 # Attribute 'small_contrib_threshold' of the grid.
  0.5000000000000000 # Attribute 'damping_power' of the grid.
 # binID   n_entries weight   weight_sqr   abs_weight
    10   10   1.772087375506039E+004   1.474688003259717E+009   1.772087375506039E+004
  </DiscreteSampler_grid>
