  0.00233017906084622  0.01644310716869415  0.03051442005425913  0.04284583857804816
  0.05455631151555333  0.06591085527086438  0.07722469650140347  0.08842868173373776
  0.09949399742614323  0.11040589899608763  0.12136436294709937  0.13226958385012233
  0.14319898695745870  0.15406521115688740  0.16495636084525636  0.17578665638560401
  0.18657572406302217  0.19735249101663141  0.20804451615379679  0.21871241899481325
  0.22941484858899147  0.24020333813552122  0.25102971779426742  0.26172875110080834
  0.27238506370458915  0.28298957294489296  0.29358495586232464  0.30419940118279554
  0.31483531229306816  0.32551813694595322  0.33614015669057712  0.34667248674587364
  0.35717900581832662  0.36777865995882597  0.37849524550824770  0.38924230963681367
  0.39991880747111636  0.41051604549087922  0.42107392543277172  0.43154245593667168
  0.44191051362799538  0.45223276053815842  0.46258410123533855  0.47302765071077307
  0.48349848543729224  0.49397893533226334  0.50440755197057119  0.51492347097732205
  0.52538986040304614  0.53586314570586147  0.54621896062899156  0.55653542694291347
  0.56685696090078153  0.57725595746967695  0.58768883989897069  0.59810966665551846
  0.60849715191781695  0.61888622828431261  0.62940102527843722  0.63984090874190613
  0.65008389203200867  0.66021894884507393  0.67042963338910244  0.68079518799340855
  0.69116737389623817  0.70149264317494631  0.71183175984064417  0.72216253583677359
  0.73258143720675439  0.74303265568997701  0.75343863447098480  0.76369267305399358
  0.77389724658384329  0.78416439444250352  0.79453109498839802  0.80489661849825866
  0.81528026442533641  0.82567980474768410  0.83592257715366913  0.84591127743576922
  0.85572892419912661  0.86561380078660943  0.87552612496413107  0.88543936034324200
  0.89542978825380504  0.90544727542071346  0.91535832326524025  0.92501218099367921
  0.93451600478544394  0.94402192292606979  0.95347878134603847  0.96273036881165486
  0.97163145530165451  0.97985745295054261  0.98816709394451263  1.00000000000000000
  0.00224845516081816  0.01679673814345811  0.03081760542598660  0.04285225684916175
  0.05450057604257512  0.06593700526549223  0.07737920311282667  0.08858727166956235
  0.09978579648586827  0.11087808223077630  0.12181618140534657  0.13265067959291801
  0.14339172983697895  0.15426481606079198  0.16509750650962413  0.17610538627217287
  0.18704980251177197  0.19786652740772656  0.20847219086795757  0.21906505635429049
  0.22969675325955891  0.24042173189922231  0.25116705633463576  0.26178327640142213
  0.27225323776345001  0.28275165097333349  0.29335231206232171  0.30399512588319150
  0.31463205527271082  0.32533445502790792  0.33606716724419849  0.34666339694341575
  0.35731728870492147  0.36796521449129976  0.37866358429739860  0.38925262097521773
  0.39970277848259872  0.41009364054465675  0.42054658206805934  0.43104162807957752
  0.44158408242190994  0.45194359210678847  0.46229224634366101  0.47268202957965250
  0.48314037602381354  0.49368165278941506  0.50419347716085150  0.51471484146259150
  0.52518850167414421  0.53560248490199958  0.54608711653282693  0.55658029993692293
  0.56694620921819672  0.57720158272372180  0.58748915296584014  0.59793041571400951
  0.60826416203664835  0.61843034223373194  0.62863447236607894  0.63899297263015220
  0.64942879623040040  0.65982828936328453  0.67023473565645686  0.68070825722237160
  0.69116736441923421  0.70152399056870418  0.71177773750265561  0.72199438386344361
  0.73222396999647665  0.74250547037480896  0.75283392947457450  0.76320789990559357
  0.77353690960870403  0.78378182094118476  0.79398366793373043  0.80420211121194085
  0.81439796896403716  0.82454156969505965  0.83467230417991345  0.84484162757096171
  0.85495118773997725  0.86498484463299452  0.87496932646552916  0.88493274688466295
  0.89492182183232816  0.90484050613042788  0.91469490252233376  0.92445015534109709
  0.93414383587009742  0.94368100871534044  0.95305758716809863  0.96228459906115149
  0.97130183779901147  0.97970469584004238  0.98779507993714888  1.00000000000000000
  0.00881782973663900  0.01075708571529309  0.01193886148755736  0.01299545221038489
  0.01407307773837142  0.01519165288914772  0.01635169120408152  0.01755068291676096
  0.01871670616845904  0.01990698317399281  0.02112717570496427  0.02238754413047516
  0.02368216155548306  0.02495408184194447  0.02603773321041043  0.02696838856262538
  0.02803143417280181  0.02923216609074598  0.03046345060632708  0.03172035886993824
  0.03300314390186587  0.03430502013659225  0.03563155735857195  0.03698678880989690
  0.03837130592098421  0.03978324631250074  0.04122734147040083  0.04270710650708542
  0.04423163788750385  0.04581226753348614  0.04744703896146881  0.04913716810685441
  0.05088571951017497  0.05269004785630779  0.05455146162470272  0.05647194676497784
  0.05845754337566875  0.06051267933801738  0.06262637013025957  0.06480910384671767
  0.06707379885946763  0.06944284144178343  0.07191471837813804  0.07447511298636457
  0.07712777575064703  0.07987104222056260  0.08270866142197990  0.08565680036014456
  0.08872231172227009  0.09189848063524861  0.09518788581111874  0.09858530864541573
  0.10210678893768269  0.10579391312433511  0.10967147718825210  0.11373647324094933
  0.11796142367171505  0.12233782025844783  0.12685322889007422  0.13153196293488564
  0.13640596597947602  0.14152600751713751  0.14686679293980032  0.15244736969223333
  0.15827620684073104  0.16441172286889655  0.17084159919053493  0.17761555998475917
  0.18473740909115988  0.19221523758485426  0.20009225682150636  0.20847375673568974
  0.21740389647664929  0.22685190806992420  0.23681002745184554  0.24738417453409497
  0.25859551100671085  0.27060922112661673  0.28342284592676775  0.29716570088121330
  0.31190872138704290  0.32785274282493415  0.34506014683484698  0.36366153886946040
  0.38374660000300376  0.40571349976982052  0.42995335261402917  0.45675146774552711
  0.48664507045456190  0.52055499351799672  0.56012642803167390  0.60824033394500299
  0.67127729035543837  0.77025526248642351  0.85836395333948157  1.00000000000000000
 -0.00104403246326710  0.00399746858555432  0.00930285920679075  0.01458756692155576
  0.01991444275840551  0.02527788975764932  0.03069573222274862  0.03616728759039305
  0.04163784960116190  0.04711629819045552  0.05261648174890638  0.05817310035215810
  0.06380015664369751  0.06949626675500274  0.07522757022800432  0.08100224132906740
  0.08681725449663838  0.09265358157409756  0.09852788283669885  0.10444607405689983
  0.11042593696061052  0.11649534222647659  0.12262711802455813  0.12878712052245325
  0.13498324995124164  0.14118655569089497  0.14739730350495145  0.15371564309883917
  0.16010295473325820  0.16650732785802966  0.17295563175679457  0.17942775873101971
  0.18594997854875775  0.19255282728906412  0.19919453983139018  0.20586214519178828
  0.21258350257099443  0.21938650127005230  0.22632657090872749  0.23337956317474848
  0.24048503029758833  0.24763498630617778  0.25480764824255159  0.26203898801616821
  0.26928433733433488  0.27661675813068237  0.28410966370882862  0.29174122126291319
  0.29929296396456539  0.30692285673624053  0.31467971328310962  0.32257333820714118
  0.33059605760001959  0.33867076533286927  0.34683928011597670  0.35507633797636162
  0.36347220030775068  0.37205127127829418  0.38078160862783411  0.38965844732703681
  0.39855884530349051  0.40750141204298945  0.41668899389041725  0.42609611141042819
  0.43557319169014824  0.44516416674237758  0.45490785988808835  0.46491559603288357
  0.47506276642975453  0.48555212219398697  0.49634871852433721  0.50736696282902549
  0.51860276943425754  0.53007015180076134  0.54178261835017638  0.55370357418473981
  0.56606058892778210  0.57886565154247860  0.59208045841591417  0.60576144329949300
  0.61965555132527250  0.63400635085986301  0.64873256939934842  0.66406144935701805
  0.68014960738684282  0.69706372335496980  0.71478073661972319  0.73349576203418987
  0.75341112197905002  0.77480607905616272  0.79798242531992902  0.82380211366387457
  0.85330359714898285  0.88780468124608658  0.93354108503922018  1.00000000000000000
 -0.00228891099890667  0.00907123165278344  0.01916425208735882  0.02980936351280233
  0.04050738142452291  0.05108323706012031  0.06187645101082559  0.07277352695314718
  0.08359040502941129  0.09410566897851437  0.10468880399859934  0.11512919733565137
  0.12556862052625811  0.13591093338971941  0.14653864038377198  0.15704221898392115
  0.16762738000911359  0.17829526857244923  0.18905640931712295  0.19972013233961014
  0.21040826848123687  0.22111577819304168  0.23177754731519762  0.24223108239392654
  0.25276425529479496  0.26307777748902689  0.27343287203538852  0.28379295986180642
  0.29438396031377306  0.30508792860854000  0.31563082216382310  0.32609675428168899
  0.33654860937843606  0.34706101528468236  0.35759989200275788  0.36823090800267133
  0.37876341381664946  0.38912822143423431  0.39958716815285300  0.41000082902641194
  0.42031074461233242  0.43036658858992849  0.44051901729551651  0.45116210316943056
  0.46173530604065222  0.47230448956078297  0.48249842637872703  0.49347168024303445
  0.50394721493149897  0.51430163318545985  0.52470742572921469  0.53526973228867647
  0.54581903720500247  0.55639093270142537  0.56689499525186493  0.57755753244322328
  0.58783647359815472  0.59808523371337685  0.60842194036744757  0.61891882125605746
  0.62938861691615144  0.63964114287855667  0.65004363199790094  0.66054436696144669
  0.67104214051936539  0.68147188333953479  0.69200213308917480  0.70264361829873778
  0.71314995916046620  0.72371369145647546  0.73416225189206519  0.74471343658007128
  0.75531854984050140  0.76585782756780285  0.77641833407210981  0.78693121346913875
  0.79738479505742066  0.80797309607927026  0.81848577016050827  0.82908770724072633
  0.83958227479639180  0.85009704687794063  0.86078415166244915  0.87142180770476119
  0.88214355075613782  0.89284892975501640  0.90347932470282988  0.91426767257484665
  0.92504820835586155  0.93580717965372062  0.94637366250413246  0.95701792672196617
  0.96772810249951058  0.97849667300321541  0.98925143575889873  1.00000000000000000
 -0.01436265921631123  0.06419217394472850  0.11054674720382690  0.14535271582427400
  0.17456868407440232  0.20033384701226301  0.22351490147597258  0.24457201531623629
  0.26441811513338009  0.28336823156371238  0.30113965169822809  0.31799197553547426
  0.33438777270708636  0.34981008067198854  0.36486346285898985  0.37946340902737458
  0.39337076148012162  0.40687453026506737  0.41989497712520368  0.43262780722813554
  0.44514549750615334  0.45746773560245879  0.46940244218923921  0.48098283489424204
  0.49225986006143047  0.50325385400509970  0.51396239352012485  0.52441581879982391
  0.53460119263096728  0.54460864766796480  0.55442857060717710  0.56411284919624172
  0.57365517641861308  0.58299789580109662  0.59219803433602147  0.60126155615212495
  0.61021315052716585  0.61899699108266282  0.62767233585553373  0.63626256475824761
  0.64481528248383502  0.65329108231194188  0.66162721278825187  0.66986585319630332
  0.67791843297374454  0.68589063412033524  0.69368938865010676  0.70140665230001797
  0.70903947740479067  0.71643708514823878  0.72377988368340740  0.73105139017424015
  0.73825985785236614  0.74538060558194374  0.75242972849832912  0.75936536463838755
  0.76625003943198977  0.77310799180429601  0.77996495278808731  0.78679347010442702
  0.79359517299905935  0.80034673515640875  0.80705373661804858  0.81364032885717508
  0.82014268963033565  0.82660950248732934  0.83305316298062371  0.83947437035677919
  0.84582957265066283  0.85208180796341604  0.85825798649765950  0.86438801332662507
  0.87050912591623464  0.87662228242488172  0.88270050071364659  0.88872288222503570
  0.89466554185375313  0.90052321425740534  0.90633030077455035  0.91212018889036461
  0.91788127564866206  0.92360077318772205  0.92930873852767759  0.93502411646959083
  0.94071380512473157  0.94632581280945316  0.95185818086866125  0.95732538717753812
  0.96277435862315808  0.96819199043587945  0.97359425136859978  0.97896822211325552
  0.98426249642557928  0.98952781746765484  0.99476519116455531  1.00000000000000000
 -0.00228408290624199  0.00910550932493174  0.01876987138650159  0.02958285125823029
  0.04004026677114521  0.05051205978364525  0.06099450445123800  0.07148272704741679
  0.08213542172658059  0.09271769742695898  0.10359412032004897  0.11391937779679763
  0.12450128607933074  0.13523585654477813  0.14590813840069577  0.15641634338555127
  0.16685944724985916  0.17752095031109380  0.18818158693471201  0.19877382226555015
  0.20918821238256627  0.21974748431643812  0.23016644368118211  0.24080096984053675
  0.25139921432730505  0.26189544067006837  0.27237447678585996  0.28283260089431916
  0.29359197898099038  0.30421024034239780  0.31487593415719545  0.32565737549377932
  0.33630820994169641  0.34684882118307042  0.35726435197407946  0.36760615350042453
  0.37815965925956213  0.38862856957404002  0.39925477838479401  0.40949644197299478
  0.41985511619243510  0.43024667606551531  0.44063655284211123  0.45112204153612578
  0.46156080628511481  0.47239819564004637  0.48291688126799964  0.49340435655425974
  0.50385470799657683  0.51412873124443692  0.52473839303576852  0.53526130537346495
  0.54585807531335895  0.55633708024426343  0.56687603136747644  0.57763978414391237
  0.58828557046909236  0.59870947322450763  0.60935368197544948  0.61977996093928966
  0.63065337105683339  0.64135942478711550  0.65215621945364910  0.66266489734031297
  0.67318431178876925  0.68378414668562093  0.69434874582260675  0.70486256999997599
  0.71555710560244135  0.72622293622270573  0.73665582514701544  0.74707803144439655
  0.75761721726738618  0.76839955439590779  0.77905893813471350  0.78983497607552366
  0.80066908719704177  0.81149759041609004  0.82213589674836773  0.83253245397123632
  0.84292589320440559  0.85303156713715667  0.86330091913434881  0.87349532423669574
  0.88402376328855947  0.89446675163840050  0.90487629888467458  0.91532511505275538
  0.92583001018947131  0.93655709656087049  0.94709457464693625  0.95796044243830691
  0.96849889890224272  0.97912386417076447  0.98966630611750428  1.00000000000000000
 -0.00227878300563736  0.00902990111918061  0.01904371326645557  0.02960536324793349
  0.04004669896157532  0.05037532064371050  0.06105265903026910  0.07170158701458303
  0.08215809799229254  0.09234207179160121  0.10269412322155766  0.11330226998598232
  0.12409327912900794  0.13475669694529133  0.14535059014313148  0.15591942850724258
  0.16645851383719065  0.17707454580758356  0.18761165276012157  0.19815663745789833
  0.20862551360699633  0.21923722572835549  0.22983767059381449  0.24040183039375324
  0.25075183212470809  0.26115591469630978  0.27162786755875429  0.28216158395003943
  0.29269514054237394  0.30339198617945556  0.31410082196493544  0.32469202565406302
  0.33536125520916532  0.34594331886513896  0.35662518876250360  0.36702049767292233
  0.37752819358355516  0.38823884856742946  0.39904956999143743  0.40974768832424158
  0.42025205526359338  0.43068985031626161  0.44115831763647029  0.45161656605826778
  0.46200782619472380  0.47247555727076807  0.48293795026141101  0.49338967915346849
  0.50386465582171724  0.51431004615737819  0.52483298146297441  0.53527028657676112
  0.54587134294353590  0.55631159686277032  0.56688661333286605  0.57747641786375226
  0.58830311582860750  0.59933335601860716  0.60999510980597549  0.62076132334752154
  0.63108199489010919  0.64166829345462251  0.65235093008393030  0.66270610096314553
  0.67306356620974228  0.68332734301839504  0.69413933116435433  0.70512597195755389
  0.71588360105264848  0.72677029559816186  0.73744299640054867  0.74813419101372058
  0.75859335661387317  0.76925103592695165  0.78001070419053820  0.79059819159769928
  0.80092515051098201  0.81123687611480266  0.82168579769943273  0.83206897254278611
  0.84240574969339366  0.85289907395902087  0.86355188088046109  0.87416936588978023
  0.88465178068895400  0.89521956943040626  0.90599820509971662  0.91668784119249147
  0.92737767498052615  0.93783395035514250  0.94830002316604767  0.95878879616288104
  0.96917550595664337  0.97952215399245390  0.98972607623839337  1.00000000000000000
   6.6544062431918673E-008  -1.0000000000000000     
 F F F F F F F F F F F F F F F F F F F F F F F F F F F F F F F F F F F F F F F F F F F F F F F F F F F F F F F F F F F F F F F F F F F F F F F F F F F F F F F F F F F F F F F F F F F F F F F F F F F F F F F F F F F F F F F F F F F F F F F F F F F F F F F F
  <DiscreteSampler_grid>
  grouped_processes
  1 # 1 for a reference and 2 for a running grid.
  10 # Attribute 'min_bin_probing_points' of the grid.
  1 # Attribute 'grid_mode' of the grid. 1=='default',2=='initialization'
  0.0000000000000000 # Attribute 'small_contrib_threshold' of the grid.
  0.5000000000000000 # Attribute 'damping_power' of the grid.
 # binID   n_entries weight   weight_sqr   abs_weight
    10   10   1.262575379792921E+004   5.839378598794459E+008   1.262575379792921E+004
  </DiscreteSampler_grid>
