  0.00255971019531277  0.01581537400730736  0.02908687762793604  0.04125576174513690
  0.05278686856326606  0.06421125259632751  0.07555622681367180  0.08686364196176281
  0.09797880565874255  0.10907521970257744  0.11988089347447599  0.13078334444948800
  0.14164461724086241  0.15249994032030692  0.16331610534778651  0.17414949910317451
  0.18510473168991298  0.19612271408348284  0.20709549183978893  0.21787440616745357
  0.22857553991579008  0.23929726120276468  0.25004369967811524  0.26063229772878249
  0.27116512836049689  0.28175004103272394  0.29229627007721315  0.30281021725437302
  0.31336734215929618  0.32400067998014970  0.33455773102423858  0.34510836659859195
  0.35571041266293341  0.36628272320352762  0.37674178924439472  0.38716044378611303
  0.39767943253391186  0.40829859028100418  0.41883617396898970  0.42925609297098688
  0.43964421160198514  0.45009783051343311  0.46058658224795979  0.47094434084158515
  0.48121890508380255  0.49155679740900271  0.50203639092728725  0.51259877125329856
  0.52308479487858073  0.53345054411114223  0.54387906134165642  0.55443394534700852
  0.56503960308418211  0.57558974881576253  0.58612495054690561  0.59672422780968237
  0.60721596095473152  0.61742927598501418  0.62753678221299880  0.63766563342009563
  0.64784137463807934  0.65800418435977026  0.66818672666671841  0.67852367428979476
  0.68894348529036231  0.69940031778131506  0.70981001147172818  0.72025207169910821
  0.73077495185351526  0.74138426996323858  0.75201140542272593  0.76254636227726469
  0.77295973212792135  0.78324149420467781  0.79347589322826995  0.80374359864767397
  0.81403810882758199  0.82431562703444450  0.83451882855702997  0.84464089408188037
  0.85467653012909073  0.86470945798672016  0.87476210045866210  0.88484973229180330
  0.89492430892491182  0.90491562826135186  0.91481887931300943  0.92459530935671153
  0.93427778167133824  0.94388304384714605  0.95343454458763455  0.96283642790704160
  0.97186175807444908  0.98017510243942585  0.98846538932785588  1.00000000000000000
  0.00231748616455790  0.01638160457679361  0.03012348371570636  0.04215318321007819
  0.05358654060404168  0.06469585652125702  0.07585077275164118  0.08689350224228536
  0.09791164649215030  0.10884624146629868  0.11984965660908808  0.13079923177622110
  0.14162648067523934  0.15236400479824758  0.16303418205374956  0.17374273336508533
  0.18449976252899358  0.19532812541050162  0.20619310478194050  0.21704107870165462
  0.22776119361648492  0.23835965828996239  0.24895419939095337  0.25960707163351604
  0.27018920248669981  0.28047211078191975  0.29059101118671432  0.30084452621572233
  0.31119828380704428  0.32157114506222684  0.33190750996617358  0.34239750682256942
  0.35299078343595142  0.36360418161166091  0.37421126298762769  0.38486565980217574
  0.39553464054129434  0.40614862318462419  0.41668355929219958  0.42711739214360783
  0.43750073565210318  0.44786938573038831  0.45834829067538618  0.46895947562013363
  0.47964529481949403  0.49028857539400322  0.50085721460141641  0.51139758875334540
  0.52189889805720513  0.53231159138655082  0.54269186062245078  0.55310346935297783
  0.56357212598574891  0.57403961344309906  0.58445967580067082  0.59488752693020741
  0.60533739216458904  0.61576489663979339  0.62606833433483744  0.63618509408769686
  0.64626164165909161  0.65644781890777915  0.66679235594332553  0.67718399924285055
  0.68756496939696732  0.69805816671882848  0.70863448842087218  0.71915345659960705
  0.72952740228848301  0.73984033680290218  0.75021767680499440  0.76063753718886340
  0.77110868016387346  0.78157743617977582  0.79197986511949026  0.80229808154577031
  0.81263825241153831  0.82282766352982506  0.83290940468432761  0.84299916718931223
  0.85296099826154059  0.86281716317157586  0.87253696080567544  0.88237975660477075
  0.89237467174824625  0.90232090392052910  0.91216030834189454  0.92197775212389232
  0.93174641515484935  0.94144199732299938  0.95089358319543682  0.96018208677697470
  0.96920071520855133  0.97779583945167736  0.98585777102919203  1.00000000000000000
  0.00658656913726112  0.00760394727382303  0.00836341788742079  0.00914841741723109
  0.00988012769029786  0.01053163725474117  0.01134690957102982  0.01243649933674495
  0.01360230157427585  0.01478734650758812  0.01604177789485383  0.01727192381109154
  0.01851525438419308  0.01980009601752304  0.02113270236335035  0.02250671684022860
  0.02389617798190409  0.02520038794843606  0.02626406920427628  0.02726890725396794
  0.02846445251177829  0.02974107411720453  0.03103734344748253  0.03234423297742953
  0.03367285433646623  0.03503071766430749  0.03642761369542352  0.03786508569211137
  0.03933540229232717  0.04085321402743184  0.04243299519158089  0.04405680819955599
  0.04572108857401962  0.04742369397044455  0.04918701026300547  0.05102525287943324
  0.05294467648309981  0.05493287202599990  0.05698883885215768  0.05911770336097127
  0.06132058560810169  0.06359594559559950  0.06595599953026242  0.06838450245697246
  0.07088693192879855  0.07349956317274299  0.07624300160703538  0.07909756538720077
  0.08205387748407846  0.08513327560390239  0.08834703507742102  0.09169557797739054
  0.09515902735041587  0.09877772081356320  0.10253874394226804  0.10646500624059850
  0.11050686994196314  0.11468388238520254  0.11903836429789963  0.12359356933994835
  0.12839040991968573  0.13344441775594845  0.13875126588927877  0.14430189920163558
  0.15011622720365717  0.15621330701968328  0.16259601959668155  0.16927394221238443
  0.17632528612938647  0.18370444865867547  0.19140754754742773  0.19952475120472166
  0.20827826107770683  0.21772227324606544  0.22775931884225353  0.23837113349460945
  0.24967675517551532  0.26172146769501209  0.27449737044983058  0.28810389971760769
  0.30269372667867556  0.31847163059855360  0.33559549401629812  0.35430364227885719
  0.37475226181478688  0.39699873397655122  0.42130923185373831  0.44816991252656574
  0.47851381918444164  0.51360356575199972  0.55464319487169489  0.60403986688652711
  0.66722936733728044  0.76597834133968146  0.86273985847281964  1.00000000000000000
 -0.00100693186859039  0.00386303585685831  0.00919324568103329  0.01450448892730789
  0.01984195048641248  0.02527857393079223  0.03076155086637034  0.03627148763218371
  0.04172693081182241  0.04715896349267412  0.05265776171552097  0.05825458894568766
  0.06390236937092923  0.06952322876053851  0.07512572927992768  0.08073951250820569
  0.08639009994273295  0.09208462848833172  0.09780536671857569  0.10359800689502917
  0.10950811876660858  0.11548425150700667  0.12150263925146858  0.12757933017356582
  0.13375568352297176  0.14000518789579441  0.14630892082350530  0.15267428235648622
  0.15902608625379758  0.16540150951973617  0.17185131645656773  0.17831840351199171
  0.18485864312545058  0.19146986989456644  0.19814818575442969  0.20482998089163434
  0.21149788994465496  0.21813863272758413  0.22487614850938087  0.23173470447824485
  0.23868081169273872  0.24565329835398822  0.25260451335015521  0.25963436106890053
  0.26680737649141895  0.27421420579803873  0.28180958969131809  0.28941686793935600
  0.29701578403267959  0.30463652405795433  0.31238179838655161  0.32030253451124696
  0.32840695135675552  0.33658200935496274  0.34477292485257682  0.35306119374660788
  0.36143064900997218  0.36989427168610234  0.37850787625982246  0.38728747545786857
  0.39618909498102978  0.40538238511797864  0.41469690978323692  0.42416965272143636
  0.43378240113014438  0.44359654755625749  0.45362992831255816  0.46381629540417668
  0.47408016020199656  0.48441338495030756  0.49497147342436287  0.50589384548360561
  0.51715111281580695  0.52871304832207178  0.54044702059355276  0.55240430854266465
  0.56467653823976638  0.57730069165833908  0.59026884672501534  0.60370867461820743
  0.61774046077022060  0.63234055087264629  0.64737783979560359  0.66304328496316356
  0.67957509964102980  0.69675886043901181  0.71459629499168842  0.73374159939762174
  0.75436378381934377  0.77587264143879731  0.79853523388234093  0.82362290744175182
  0.85274614081665256  0.88772021413717717  0.93353703962800916  1.00000000000000000
 -0.00215502742219033  0.00873854073291578  0.01862174341678316  0.02915799634523512
  0.03971667676601093  0.05020351842952805  0.06081762452168629  0.07139206932812249
  0.08205982147320673  0.09286921109874945  0.10359592239859260  0.11418463237302692
  0.12463971580879599  0.13514446725893259  0.14577191828253624  0.15638412918935621
  0.16702686220937218  0.17767207831989604  0.18833840350416770  0.19896925485843528
  0.20961375356423842  0.22007519096108707  0.23059712682381800  0.24128509042770543
  0.25194823297757873  0.26270085177343416  0.27332426924108033  0.28404128717293481
  0.29474628484590482  0.30532970351173733  0.31588074147110679  0.32634997176866548
  0.33690540946457320  0.34738781570657618  0.35781074382031508  0.36820979294432554
  0.37889363893027395  0.38957818602841621  0.40027703424807681  0.41090481729602152
  0.42144843607999410  0.43204307513503870  0.44274987082393552  0.45359630809941143
  0.46422211496554161  0.47467457897175191  0.48519764959294587  0.49587869610433660
  0.50649067800390268  0.51688067791912173  0.52717196942865230  0.53749471501414792
  0.54784315884264700  0.55823127835088004  0.56857484191208685  0.57922905712579487
  0.58977051025613580  0.60041143230384586  0.61094230808090610  0.62132313991939980
  0.63165115862484555  0.64200356933658120  0.65237377290697196  0.66276752781002590
  0.67319713826170202  0.68346036726965975  0.69374828170879366  0.70390454073996178
  0.71441982812526394  0.72496207758508691  0.73555177459265675  0.74609051620878064
  0.75645597290885214  0.76700718217971997  0.77764519610487948  0.78837070414919430
  0.79906617170662719  0.80977256929829022  0.82040538022754117  0.83110403404680966
  0.84188666269713064  0.85273917852292647  0.86300841963360142  0.87333064350020828
  0.88364777981378984  0.89397044646489143  0.90418866063693293  0.91439585232486875
  0.92483644824475075  0.93550353479645287  0.94603176490095964  0.95676452076468499
  0.96742143184228602  0.97821459408432399  0.98908550016093466  1.00000000000000000
 -0.01422011091939500  0.06349895333968736  0.10884404388726308  0.14428244112909216
  0.17413435122383478  0.20030511333309292  0.22356148049857802  0.24493310322168277
  0.26521960815420914  0.28445828482458102  0.30241477566202124  0.31916727181574128
  0.33506008849350133  0.35045847063689906  0.36528471537674151  0.37955302632384541
  0.39339647769206953  0.40695588433984531  0.42023011651168668  0.43297194171224446
  0.44534648117582387  0.45743509646694225  0.46924131027932808  0.48056754040986011
  0.49161991958018036  0.50246137371541011  0.51316463560906278  0.52373504856323727
  0.53422093066966592  0.54455803559501648  0.55466379811834710  0.56460736541966194
  0.57443064258430521  0.58410508332864963  0.59355069978037767  0.60279769520909587
  0.61177188111475911  0.62059386648032677  0.62924422833948634  0.63774693585516851
  0.64610725698690064  0.65433380880189518  0.66242427371104817  0.67045237120659051
  0.67850981391671084  0.68642822313996810  0.69416994903887530  0.70176983326263265
  0.70934675711072004  0.71684756897890944  0.72425648545164834  0.73147706427475234
  0.73859549774154798  0.74565843197155335  0.75273247920694797  0.75980082071522870
  0.76682213707388480  0.77377083652757905  0.78060514174234674  0.78730442708385640
  0.79397088004557070  0.80065384302709597  0.80733201401893551  0.81392321496993880
  0.82040311670560340  0.82680100022757730  0.83314372848606477  0.83947728386190168
  0.84576015153998496  0.85202233251614545  0.85825034756986440  0.86442656994260736
  0.87055771893775213  0.87667305255494887  0.88274657393996148  0.88874995413706992
  0.89470292772201410  0.90060937736980495  0.90647438435149341  0.91227475650519341
  0.91803519279792278  0.92380520765328222  0.92959217924856097  0.93535145915588780
  0.94102045470043361  0.94659883384700760  0.95212610391050900  0.95763511081570341
  0.96311478966160413  0.96853939097614516  0.97392484379051614  0.97924938310672927
  0.98450898861823199  0.98971132837771303  0.99486802972156752  1.00000000000000000
 -0.00223569075137004  0.00888999103317492  0.01891540103084050  0.02969721429702408
  0.04021699767216329  0.05092682156254857  0.06129306975807675  0.07218502212663516
  0.08297437817635614  0.09375052874368918  0.10429036402334491  0.11471434760261914
  0.12526695103593385  0.13579183773297032  0.14633077887227325  0.15671284539225683
  0.16710873961825715  0.17764046977307646  0.18836958962882214  0.19914920561949548
  0.20982916239001928  0.22023924032268299  0.23072359614601684  0.24108076189847477
  0.25127969649921061  0.26146663034824041  0.27171647218847156  0.28248604264869692
  0.29313892445431866  0.30372193931960695  0.31423793156082752  0.32496046702305387
  0.33564182761807221  0.34636565286008608  0.35720850305534940  0.36795310411017534
  0.37858879409457841  0.38909646668295345  0.39987931382762987  0.41060755915780955
  0.42121297885215869  0.43185606063149568  0.44247122621468654  0.45316404918625269
  0.46373239808498751  0.47427607794663179  0.48469829192337510  0.49525580559972243
  0.50546001376526939  0.51577757760255727  0.52615692878870646  0.53674605168293699
  0.54715479967455316  0.55753695314880036  0.56798516291424550  0.57846712839268977
  0.58892154566107568  0.59945319238130335  0.61009883373275997  0.62082504840359365
  0.63149856718305564  0.64204651109337407  0.65260704175626705  0.66325771538961320
  0.67404237549524026  0.68469772272788598  0.69524680308783682  0.70578699330876693
  0.71630800168198827  0.72672916178333880  0.73707885644510074  0.74756276947039135
  0.75833796559954558  0.76896210883671634  0.77947088573086931  0.78988914937440247
  0.80043765053649796  0.81107458781612141  0.82171180250051024  0.83237457263742964
  0.84296365004692442  0.85343300335239236  0.86404497545641767  0.87457359538255885
  0.88505927473863555  0.89555440515344065  0.90600552299779891  0.91637513127602743
  0.92668057419833050  0.93676475439763240  0.94741690634416043  0.95799607329175440
  0.96865356433772887  0.97933679889555725  0.98969860878193139  1.00000000000000000
 -0.00242062207705206  0.00948161839172735  0.01970595316409637  0.03041747657638563
  0.04086213121972230  0.05128878513207108  0.06181205850288395  0.07245999203850925
  0.08291256222218069  0.09323512368907132  0.10339355362142594  0.11358243307621155
  0.12396197673258520  0.13423180646574498  0.14465072970748907  0.15498713919163906
  0.16528379486601760  0.17593547009590307  0.18644810334630196  0.19703732666656734
  0.20752400939770335  0.21819772768714876  0.22894802186405139  0.23911143468701065
  0.24957598543965198  0.25993890789591434  0.27018088546582231  0.28047095127869792
  0.29081288010069206  0.30146296680812651  0.31223753396196285  0.32306776746564148
  0.33398369328052480  0.34474948244143416  0.35525393765468605  0.36581857939099682
  0.37617300182291680  0.38678919265728567  0.39721606486674299  0.40789467554033282
  0.41854697441222471  0.42919935158681688  0.43981289431705428  0.45023607168837854
  0.46063937820361350  0.47137560178876892  0.48189589545619571  0.49272192529860126
  0.50335665976935329  0.51419636601477070  0.52502420999165134  0.53552866935128618
  0.54630661684746107  0.55712182236359309  0.56786124263226412  0.57847193732507418
  0.58888101612845301  0.59946686483684464  0.61002037123315456  0.62070088662794498
  0.63141297637452420  0.64186472909690739  0.65245557424539691  0.66263672057034051
  0.67300353830452253  0.68344825479963867  0.69408434558059406  0.70476019603516582
  0.71532207333243003  0.72608199005297513  0.73658108362346797  0.74698349127476826
  0.75750907268461565  0.76797864800739568  0.77849882389933578  0.78919636184642694
  0.79941438249015384  0.80976895758951284  0.82013231581129176  0.83065472639774840
  0.84083425733100137  0.85092175761404232  0.86124319789746251  0.87201611681425262
  0.88250729215876389  0.89320405858055452  0.90393122796695657  0.91458011238142933
  0.92518369069314554  0.93568769498556503  0.94647889675882002  0.95720605222607424
  0.96795707687403476  0.97855466460741414  0.98921764167515158  1.00000000000000000
   6.6737481454099480E-008  -1.0000000000000000     
 F F F F F F F F F F F F F F F F F F F F F F F F F F F F F F F F F F F F F F F F F F F F F F F F F F F F F F F F F F F F F F F F F F F F F F F F F F F F F F F F F F F F F F F F F F F F F F F F F F F F F F F F F F F F F F F F F F F F F F F F F F F F F F F F
  <DiscreteSampler_grid>
  grouped_processes
  1 # 1 for a reference and 2 for a running grid.
  10 # Attribute 'min_bin_probing_points' of the grid.
  1 # Attribute 'grid_mode' of the grid. 1=='default',2=='initialization'
  0.0000000000000000 # Attribute 'small_contrib_threshold' of the grid.
  0.5000000000000000 # Attribute 'damping_power' of the grid.
 # binID   n_entries weight   weight_sqr   abs_weight
    10   10   1.169034212594333E+004   3.446958539487053E+008   1.169034212594333E+004
  </DiscreteSampler_grid>
