  0.00268493011652048  0.01572590202993761  0.02938715067955489  0.04191246401245017
  0.05421295154693563  0.06638456776127183  0.07804742018050015  0.09001052879995095
  0.10182091820857769  0.11278214017768293  0.12317762759089340  0.13380789155703832
  0.14465990036478590  0.15561385867710706  0.16646828313412768  0.17739592144121066
  0.18820407926168431  0.19874730205429469  0.20912207184883347  0.21937864600274296
  0.22975013855621154  0.24045106291057319  0.25145661874679942  0.26270530854027568
  0.27392631160739978  0.28501906020284495  0.29596256464840065  0.30654182975850525
  0.31709495018805772  0.32768773583233468  0.33824618559334474  0.34866800926942632
  0.35895486891374073  0.36922992612791028  0.37955936212016012  0.38987375701063343
  0.40032646361142776  0.41078265735791869  0.42147260921351282  0.43211241469685702
  0.44242882489273838  0.45265688103579388  0.46287566815211123  0.47301105571221314
  0.48305670906817555  0.49310341625174126  0.50323261332277713  0.51345042082843884
  0.52370590991636434  0.53410807097563684  0.54455291670711103  0.55502737638752608
  0.56557816970262964  0.57614760810262078  0.58668814028817229  0.59680522124222479
  0.60691781540943135  0.61699539609595633  0.62729541250006360  0.63772113593920288
  0.64854200490892333  0.65964021700722297  0.67051229491877340  0.68117872710064487
  0.69211117107210651  0.70313330494815418  0.71389937444048679  0.72424919045336533
  0.73438258619673580  0.74468917052084216  0.75498023197358244  0.76521717828229896
  0.77540871345342488  0.78579668144283787  0.79613107615793199  0.80626407985421700
  0.81651537559308740  0.82709819547223862  0.83763010488438516  0.84780622229836400
  0.85792302594550962  0.86808263079438486  0.87845593953633716  0.88888611210537771
  0.89917570427101690  0.90925368463215495  0.91904430149532890  0.92859499023832470
  0.93795154503784417  0.94718446650996191  0.95639622914303912  0.96564495429973141
  0.97481185772366485  0.98359485420150639  0.99198079073022183  1.00000000000000000
  0.00308956508140467  0.01447524052116754  0.02685505384178405  0.03889971079840575
  0.05062272709850121  0.06235394310772473  0.07395752099188953  0.08554443665010254
  0.09693691850939196  0.10827767754298459  0.11957314496800581  0.13084818034132259
  0.14186929880472968  0.15279300267693169  0.16377198491826570  0.17479596561073191
  0.18580628470607921  0.19671301841252636  0.20754597954009490  0.21814311299180925
  0.22863318877912447  0.23905612626938044  0.24944645760671033  0.25958863329585991
  0.26947761898262068  0.27953386296119875  0.29006429293749830  0.30091435261405797
  0.31178878931731158  0.32224785577575960  0.33238158440420840  0.34234094101310453
  0.35206141133249935  0.36166103225216373  0.37135889601588301  0.38145450526038865
  0.39177687183832721  0.40204460562059180  0.41218865599704241  0.42250729109516078
  0.43320802769602146  0.44432099514652035  0.45551870757416563  0.46608980012704759
  0.47607075156100215  0.48592555601887355  0.49567725342859925  0.50568392946912399
  0.51607431869008547  0.52701401206344334  0.53824505193631411  0.54926057785992699
  0.56015242526837539  0.57092343108099242  0.58171745997263868  0.59256777270300276
  0.60338845687019749  0.61418260720203333  0.62475471942784666  0.63520120001388569
  0.64549044856693849  0.65589856499132537  0.66653378245007711  0.67739185173639327
  0.68821583515620643  0.69886708432897504  0.70941607556478958  0.72017304197594945
  0.73102827669241199  0.74175051916979506  0.75258128652469569  0.76355080406585285
  0.77435372607419706  0.78483688284070818  0.79519170214135371  0.80554612869850006
  0.81573009448512324  0.82569395597648365  0.83567271373798191  0.84580052953387919
  0.85601327530814331  0.86616558929601051  0.87621700364434274  0.88609972197464937
  0.89590225873764562  0.90564718753729645  0.91539561878673947  0.92539063271148247
  0.93562587417559051  0.94591817637321229  0.95597294108455799  0.96547586623896076
  0.97444205866935174  0.98294278126622414  0.99147655372034305  1.00000000000000000
 -0.02017862916062805  0.05868013232324493  0.10696768991491772  0.13021595529870206
  0.14127021716694121  0.15121771489255151  0.16089542122915471  0.17099298403371493
  0.18080743683548678  0.19056594756015982  0.20047939701996412  0.21031132433811642
  0.22015310126569215  0.23015632968614161  0.23996454491348904  0.24966449840390742
  0.25962234966060305  0.27000779291363525  0.28036781547184225  0.29019660229390731
  0.29989198288545005  0.30987469245094224  0.31979722234295749  0.32947591852833735
  0.33902509444155532  0.34855099549792706  0.35797616041545860  0.36737468463405704
  0.37699005574108752  0.38717229702252687  0.39730068659057011  0.40691138426896328
  0.41628744530905659  0.42562552108305324  0.43520210363800810  0.44520673249961712
  0.45529186449648634  0.46490296544141863  0.47403148537369255  0.48295097159892841
  0.49195608789810064  0.50112349934768929  0.51037836004198756  0.51965836173619218
  0.52881057300938472  0.53781897533052303  0.54700035053907370  0.55627599348054912
  0.56576970372172253  0.57537699265194020  0.58483769238203231  0.59411842800456682
  0.60349904502463037  0.61306752995952041  0.62275732101242143  0.63238914012325143
  0.64225134382696081  0.65178348572388889  0.66117908984242413  0.67032728694562549
  0.67918321137563120  0.68781351288147896  0.69632837151562954  0.70480037368405135
  0.71345459150117752  0.72246596537697494  0.73163250396238422  0.74098751102978289
  0.75082322396432277  0.76054955929591639  0.76991856707090456  0.77911660630456003
  0.78820107924039984  0.79738918336840992  0.80663106063731149  0.81581908895275157
  0.82494165165150668  0.83404587546811926  0.84318717310015234  0.85240609030446735
  0.86163717955333474  0.87106893232558480  0.88039149306063103  0.88961291578689639
  0.89862638590072974  0.90753308296761337  0.91652711179373914  0.92540878724003528
  0.93442382299856153  0.94367633016712460  0.95289074235322024  0.96208771609395749
  0.97129871484253194  0.98061621110934094  0.99016239374941906  1.00000000000000000
 -0.00223403399509797  0.00883292270793386  0.01870014341138299  0.02900606756237456
  0.03971618209909376  0.05048838530787105  0.06138276168979258  0.07187044549576506
  0.08243068138692865  0.09311998377394937  0.10381162645534450  0.11413593246211309
  0.12441749672213460  0.13496765357715307  0.14562404023200368  0.15570695503575688
  0.16595478196648270  0.17638726900913648  0.18697296597619362  0.19763992706071182
  0.20835223805052111  0.21955267462981767  0.23062195141519015  0.24156446241875687
  0.25237974683083853  0.26313917171890649  0.27370844295863300  0.28392595452540254
  0.29419137793187877  0.30458909686524299  0.31495025850398667  0.32500442738901264
  0.33512328218199855  0.34553007824696291  0.35607400368227210  0.36666716836584140
  0.37738172671530207  0.38795210169688860  0.39831643893248042  0.40825619765661519
  0.41845122243100319  0.42896512399384523  0.43955819293663068  0.45036039345446577
  0.46137091924778989  0.47299493100072793  0.48424748357991265  0.49538529331132941
  0.50631314568387720  0.51759703658214984  0.52837749084006080  0.53911515768392604
  0.54985635680509748  0.56056265390638993  0.57100521985039432  0.58106167625674165
  0.59139448728045696  0.60174305210564127  0.61202351847115755  0.62248261471951605
  0.63319112481270656  0.64398605514619389  0.65426941182759479  0.66443563270428196
  0.67440348786746940  0.68417389326971245  0.69411833840795423  0.70432063542525158
  0.71477139516241850  0.72524363981807782  0.73577074510086560  0.74639590313357329
  0.75698254443639246  0.76759094480278001  0.77836453048450815  0.78881312438830087
  0.79912897333236832  0.80947063558944776  0.82001481542875176  0.83091465531382636
  0.84134208517715525  0.85134596216488023  0.86106019508884246  0.87067831937444884
  0.88091695525708102  0.89124665649808832  0.90185522859013012  0.91242655784642546
  0.92316865646002833  0.93393298325649465  0.94485966603677629  0.95604688175484787
  0.96743995169926189  0.97834456963330896  0.98928888910158308  1.00000000000000000
 -0.00188734175979242  0.00656702386537579  0.01407976743345567  0.02190958032304069
  0.02995704887423128  0.03815536742554674  0.04645362552474178  0.05477615466178882
  0.06302139583714504  0.07108809638978877  0.07910565011698217  0.08705143393677656
  0.09481128041808989  0.10271433985422559  0.11058037345067773  0.11876665511011074
  0.12710981083509437  0.13557340289645645  0.14411808177804092  0.15239627331333316
  0.16057379060603091  0.16879980152473689  0.17710894737591981  0.18546636466972577
  0.19377845301328769  0.20192208050606519  0.21011807522296969  0.21814462412130939
  0.22601986957124118  0.23387572540362139  0.24188014086119694  0.25003280019529250
  0.25847163435817100  0.26705019616591608  0.27592539379956843  0.28495266979725997
  0.29375499791570697  0.30238959533673138  0.31102440568792722  0.31963729016087883
  0.32818406120435389  0.33664650502744631  0.34529242390821291  0.35416155857200726
  0.36319070271917764  0.37220289979898408  0.38108905956390449  0.38990900724583122
  0.39887147868322020  0.40844276981223887  0.41794305602138648  0.42740824413747813
  0.43691427330138316  0.44662923049807080  0.45647065131100306  0.46605702118348580
  0.47566510285421859  0.48521024916615729  0.49443197686093854  0.50372175596762081
  0.51325451047656956  0.52315762366146423  0.53325569512684479  0.54358860456366875
  0.55404643003731879  0.56442001956014309  0.57465717017162554  0.58503604380641072
  0.59553476938338268  0.60645919162806183  0.61750400217507362  0.62911146793083750
  0.64036313525294863  0.65170135073333613  0.66296782900479823  0.67451374098206096
  0.68602888414757068  0.69781034247185758  0.70974396334847278  0.72271624399155410
  0.73606376165903031  0.74981457427236775  0.76313728361257993  0.77718785647280930
  0.79178960007850085  0.80675743387633081  0.82228024636593000  0.83848751798493248
  0.85537222593062490  0.87318705454236256  0.89093659994589713  0.90977874909030987
  0.92940839628076921  0.95040526680484960  0.97429604653719359  1.00000000000000000
 -0.00269275912603336  0.01037928011989982  0.02092237223178968  0.03142594863979865
  0.04178823024172545  0.05271503561971100  0.06370352379314054  0.07441569257302623
  0.08505465437134661  0.09604828062056495  0.10684434919206547  0.11730610155175542
  0.12777134377025548  0.13834356470048279  0.14898561136460078  0.15925008793999448
  0.16940237890708504  0.17967841257607239  0.18996299637049260  0.20016312796870600
  0.21014718445200320  0.22020048123233277  0.23056413894269268  0.24092590386888407
  0.25117338244209525  0.26125078242862798  0.27124368805248444  0.28141064055273912
  0.29196187077633123  0.30304776194292449  0.31417203491851453  0.32518132866351257
  0.33622876952153796  0.34719570023576907  0.35792952731665739  0.36850376556833764
  0.37907488791035676  0.38951497866954715  0.39981129811369759  0.40975773351220013
  0.41992682062183101  0.43035848620707212  0.44102320540798501  0.45178883615505333
  0.46253060822953346  0.47342714634794636  0.48387033572246246  0.49404418190573302
  0.50419553530118444  0.51422365188226138  0.52443711237648183  0.53461997313176490
  0.54509000244978434  0.55573948472284140  0.56694745322598683  0.57861146542058528
  0.59001331921495304  0.60098547635721722  0.61143659908311698  0.62191078660334920
  0.63226324723320670  0.64288345578846240  0.65325198750168556  0.66385748088182073
  0.67438584060788853  0.68525515397247905  0.69614643467089021  0.70678539264008611
  0.71724534636902637  0.72786141585809994  0.73891359135869605  0.74988804077951932
  0.76037701782212341  0.77077204688887779  0.78120874136336138  0.79178687805485504
  0.80218879312100333  0.81235592361199005  0.82249243228975799  0.83273857283934416
  0.84311637686704199  0.85350736360849133  0.86375081635960937  0.87403285214783510
  0.88472011459921784  0.89570137372872716  0.90664603931790100  0.91722468047824712
  0.92755948046447501  0.93788146185325394  0.94807206699257363  0.95830400544332861
  0.96888804568012932  0.97915604396041955  0.98961597615022301  1.00000000000000000
 -0.01928926447021740  0.12947970699274788  0.18942998421284549  0.22779105167199992
  0.25880621174189328  0.28585744974146932  0.30907548112877892  0.32903906933963123
  0.34719700488934208  0.36447502904781198  0.38069764179080140  0.39615609765081938
  0.41102001649198933  0.42476520064817552  0.43771606494796722  0.44986187393593291
  0.46136475285865930  0.47205884410795373  0.48267821121235471  0.49320472647883623
  0.50339461385030071  0.51319963293466198  0.52301595449808680  0.53239296439219241
  0.54181510493386775  0.55115085975334654  0.56043828903940907  0.56935978588230729
  0.57783691490760603  0.58619399697900643  0.59409306029818054  0.60197696487247920
  0.60950759884517536  0.61693550201798475  0.62442537985732183  0.63184844306448551
  0.63920573718204288  0.64620064907553154  0.65339410322158886  0.66020951455534360
  0.66684361114596680  0.67345222308609820  0.68003508694559966  0.68670654832382128
  0.69346128439067234  0.70014730361600819  0.70680405837223725  0.71341239182196414
  0.71995827716843430  0.72647318269418226  0.73291721772481921  0.73921935350784407
  0.74548830351290052  0.75180465906167926  0.75826182150091792  0.76469965625167868
  0.77104886423454733  0.77709757011916236  0.78304257438801561  0.78884325585412263
  0.79451401169068758  0.80015115393678637  0.80590133214363580  0.81173319604300742
  0.81747393695675286  0.82317218126909852  0.82883892369623335  0.83455579655368595
  0.84031143629168870  0.84603225032416018  0.85157944049954293  0.85715605429711483
  0.86268961525989851  0.86834184601323283  0.87410097456873292  0.87995003722157494
  0.88586592481981130  0.89184748781058631  0.89785955213328705  0.90382281305770762
  0.90983305832979122  0.91572711211300573  0.92165862338219684  0.92747766332807080
  0.93333556715176658  0.93918306552671460  0.94511641736287344  0.95113171489014769
  0.95715244441477143  0.96315028052176510  0.96915714068109460  0.97525628519552154
  0.98150274337696564  0.98774020326256096  0.99390570226280639  1.00000000000000000
 -0.00235487437555720  0.00978372501926305  0.01977389711301772  0.03075836921697649
  0.04142360583021317  0.05229503852318277  0.06308862207674722  0.07407753800783277
  0.08508852406191837  0.09624539042059596  0.10729516690891334  0.11805766397344483
  0.12854859144177147  0.13917110284220441  0.14970000514427428  0.16002551446839652
  0.17023282318727592  0.18030668257108648  0.19055152874207246  0.20115839107507288
  0.21194154896897649  0.22237488542302694  0.23265989344683477  0.24315514882477748
  0.25402694008497101  0.26498765429981957  0.27577178558050397  0.28601569804293880
  0.29630549624470975  0.30662956393522023  0.31717044562347241  0.32806407263569548
  0.33881393839635304  0.34926226530590981  0.35925462961993704  0.36901870695831657
  0.37895425216390355  0.38892563880196768  0.39921146892104370  0.40979135230707359
  0.42055811640894447  0.43136238927330195  0.44199524130618806  0.45216547079846664
  0.46247458003965475  0.47294857964299081  0.48349106761491756  0.49422398313089166
  0.50466162393027447  0.51489135172380096  0.52499358198630697  0.53506931231611488
  0.54492873453681656  0.55427432960718870  0.56387934604059775  0.57372208112423961
  0.58371128229086433  0.59361121779756931  0.60360635882417912  0.61410731319225331
  0.62487964208989111  0.63602547594897030  0.64695480273382444  0.65781374520175628
  0.66889159869831927  0.68009301451799675  0.69089547571639454  0.70124149338421737
  0.71145269809794731  0.72214353915411433  0.73303672291176247  0.74385263282293546
  0.75455627732428154  0.76523418787606479  0.77599116675675528  0.78681980969881771
  0.79749846359840537  0.80791572520272537  0.81789358334945073  0.82768978925819270
  0.83767509524201567  0.84770525926362250  0.85802675096227288  0.86891506310020872
  0.88011547467848339  0.89146542352808678  0.90290702078573326  0.91453618063261022
  0.92576662440778545  0.93655530252480301  0.94709880404778513  0.95753317094738821
  0.96767319518221906  0.97815696481545511  0.98888197296565128  1.00000000000000000
   1.0650626285050484E-008  -1.0000000000000000     
 F F F F F F F F F F F F F F F F F F F F F F F F F F F F F F F F F F F F F F F F F F F F F F F F F F F F F F F F F F F F F F F F F F F F F F F F F F F F F F F F F F F F F F F F F F F F F F F F F F F F F F F F F F F F F F F F F F F F F F F F F F F F F F F F
  <DiscreteSampler_grid>
  grouped_processes
  1 # 1 for a reference and 2 for a running grid.
  10 # Attribute 'min_bin_probing_points' of the grid.
  1 # Attribute 'grid_mode' of the grid. 1=='default',2=='initialization'
  0.0000000000000000 # Attribute 'small_contrib_threshold' of the grid.
  0.5000000000000000 # Attribute 'damping_power' of the grid.
 # binID   n_entries weight   weight_sqr   abs_weight
    10   10   2.416097448461135E+002   2.712209084159711E+005   2.416097448461135E+002
  </DiscreteSampler_grid>
