  0.00251649728711182  0.01602228074284347  0.02936701249041961  0.04162770633929083
  0.05328603992011963  0.06471485187700356  0.07605545134492851  0.08729447692059975
  0.09830812018787380  0.10907139343641460  0.11988910259727004  0.13080341126674958
  0.14186573623935664  0.15290722909734925  0.16383407219326535  0.17460528605655093
  0.18526817913740357  0.19605184830874853  0.20690426059079847  0.21749440181144936
  0.22784814738498502  0.23836123936056217  0.24881346073927055  0.25908512135001543
  0.26935213025296240  0.27979917621171063  0.29044303318523562  0.30103142007986478
  0.31162579979248722  0.32219443127426800  0.33271131924607894  0.34320286056870886
  0.35381756502563683  0.36453456685533309  0.37533157020075941  0.38611905424948528
  0.39683413399407114  0.40738334349941374  0.41784581976961455  0.42828704848869620
  0.43873342170174662  0.44918745687965889  0.45965693690099740  0.47010212591293593
  0.48048561153746822  0.49091245015780405  0.50142101160933295  0.51196076670699575
  0.52249080373919576  0.53306800584074521  0.54362733171403110  0.55405991096447527
  0.56431164997123984  0.57440107229756721  0.58442749968311236  0.59459616269314775
  0.60486178340903995  0.61516665543307314  0.62550271884268727  0.63601701246949327
  0.64668953699538123  0.65733312382391740  0.66787047842169545  0.67832345464664845
  0.68878121457694141  0.69920557704657837  0.70956687649530892  0.71983667492031200
  0.73006609793023958  0.74030052988681438  0.75057710419509394  0.76092308372314510
  0.77130241646441489  0.78170076748408668  0.79209900536275790  0.80251203902001045
  0.81289053780974230  0.82316951878277500  0.83328452241726136  0.84329243386220809
  0.85329843492664670  0.86336534561326150  0.87352448611506672  0.88371128596466153
  0.89392580878456829  0.90410738634972809  0.91421364547311224  0.92416556417189111
  0.93397761464231288  0.94372869506868795  0.95345335855573088  0.96298265926243243
  0.97203875556232155  0.98027319983295980  0.98849082666263122  1.00000000000000000
  0.00236877013744968  0.01639674753373904  0.03005348251551512  0.04233059647507197
  0.05402410779687285  0.06554038530771684  0.07709924409688840  0.08859492312585515
  0.09989517288162784  0.11122221891759498  0.12254608621644561  0.13398296194332371
  0.14523064534157396  0.15620255788680754  0.16706685727640772  0.17818844690235261
  0.18928770782443827  0.20029966306404265  0.21117907157785298  0.22214763921198297
  0.23315345841982629  0.24406583945427088  0.25494007052505557  0.26575362093966359
  0.27656113182949477  0.28715163561261009  0.29783897025314987  0.30848351317967915
  0.31917227194829900  0.32983098264307292  0.34040046871949198  0.35100460109609527
  0.36156301729590623  0.37201625169982344  0.38240419720286623  0.39288345503603989
  0.40356751580169870  0.41442726832313109  0.42521664633724671  0.43591285505192151
  0.44652422636612038  0.45706378348425664  0.46768367547353329  0.47822364634630438
  0.48874435114862030  0.49916039915727861  0.50965218940081403  0.51999156717165496
  0.53035546499190966  0.54057832708454312  0.55101547457459099  0.56149393836472117
  0.57204285084746431  0.58264833261292293  0.59320859916143120  0.60375278429224799
  0.61424346005988428  0.62477850636290200  0.63534532569669921  0.64588074410614071
  0.65634945002416212  0.66690598829004744  0.67730907158855735  0.68794087844628971
  0.69817956233486245  0.70860711747704375  0.71900557491010697  0.72960166513199221
  0.74000298307207013  0.75036070584227010  0.76053928948691263  0.77080311342603536
  0.78108983322508441  0.79157548644503362  0.80214068821434181  0.81260786214067182
  0.82290495416148091  0.83296080299951503  0.84302936533232875  0.85314200800619200
  0.86329983943481703  0.87334701049081043  0.88344154249040308  0.89361638084248241
  0.90369648555561588  0.91378865206664983  0.92364076215496371  0.93344860721077805
  0.94313793252519118  0.95264310293392140  0.96195514351711797  0.97081024291942775
  0.97958118442035935  0.98752385538083676  0.99310800001547750  1.00000000000000000
  0.00453558272998306  0.00646265372367472  0.00805794610175128  0.00928261653792072
  0.01037371377039042  0.01147906038141246  0.01261508502464459  0.01376601920423517
  0.01492689991658244  0.01610428888001279  0.01728981551139543  0.01847457916523272
  0.01971756051464400  0.02105460390419290  0.02233594889961891  0.02360660630724653
  0.02486267671921870  0.02602238028033605  0.02700652291963503  0.02808374506098364
  0.02938314038573106  0.03065686861713149  0.03194249999052401  0.03325455401454000
  0.03460213057648815  0.03599278171651419  0.03742196453043012  0.03887787850021221
  0.04035508013902850  0.04187471504838554  0.04344816054561992  0.04506928093561163
  0.04673851502302470  0.04847101695196614  0.05027245332251723  0.05213802062607949
  0.05406517582215525  0.05604566763856076  0.05809948462563913  0.06024639030614664
  0.06246446812104828  0.06476439152605246  0.06712765113372809  0.06957189887324813
  0.07210528401894777  0.07474560144861836  0.07749700334989058  0.08032359981700367
  0.08323425316788247  0.08627078506365446  0.08943559657464548  0.09272868934125290
  0.09614233727045088  0.09970051568864587  0.10338958839565995  0.10723524383084541
  0.11127256558484322  0.11549350129659616  0.11987498025684540  0.12440798668598096
  0.12914005905374418  0.13411810540007899  0.13934791438518124  0.14483145790518689
  0.15055183419534168  0.15658368699938338  0.16294868029526363  0.16973647656289295
  0.17688933086509026  0.18439975586833415  0.19219946574158814  0.20044144721936044
  0.20918918141013826  0.21848597354531329  0.22826565234078453  0.23861142331059432
  0.24968885823499093  0.26150391239278303  0.27406639779647402  0.28746972617284011
  0.30198999233106760  0.31774873871873849  0.33479646909257071  0.35319390287707941
  0.37303311071707634  0.39457457074960262  0.41829258249320772  0.44483146301602416
  0.47482094446690654  0.50894609842000804  0.54858797102449885  0.59595830367936209
  0.65587392203632333  0.74427303713034476  0.86301848516864199  1.00000000000000000
 -0.00101336798126777  0.00394363989724396  0.00921216543501896  0.01443291325245117
  0.01975200103641638  0.02519792857222873  0.03066682198031927  0.03614843313032999
  0.04169875255708420  0.04732646720501841  0.05299150875018816  0.05864960102734027
  0.06429897621529219  0.06995667633047470  0.07564692177782482  0.08136386631430277
  0.08712412682501898  0.09296443627948972  0.09891045200282125  0.10490528073577567
  0.11091127745255773  0.11694707993883191  0.12305817477971323  0.12924534430970896
  0.13545195243806718  0.14162505801319347  0.14774025679951411  0.15389103458442080
  0.16012915390537083  0.16643905493127642  0.17280279871565718  0.17918818883849677
  0.18562037063113704  0.19210833702911165  0.19867113207964202  0.20532510387268049
  0.21204581163413083  0.21885727915852232  0.22572476906599664  0.23268802237473354
  0.23968090468832420  0.24670404133164925  0.25375039747265299  0.26092072846849751
  0.26825272296508562  0.27574765083961766  0.28332651020736782  0.29093819742648169
  0.29854655373321193  0.30628621250192656  0.31410042015884343  0.32204310970480232
  0.33013797699323144  0.33838429061664382  0.34668463802640964  0.35505865244331730
  0.36351273949549334  0.37214154625125517  0.38097142763075720  0.38997049545321855
  0.39908171745251292  0.40824928246806080  0.41746538555531193  0.42676612010180837
  0.43620149730234903  0.44590367859503199  0.45592671673465390  0.46622103350853156
  0.47679779501497749  0.48755832667649096  0.49840667343064748  0.50934139137836598
  0.52047656452342439  0.53186716542545287  0.54347698434644665  0.55535925927218277
  0.56765636247190421  0.58032692127191199  0.59325638620102461  0.60641239596885677
  0.61989547736767880  0.63386594070867897  0.64826041089978326  0.66351405960604959
  0.67953130513501847  0.69640617817155814  0.71405226769184904  0.73272974221884035
  0.75246315999598301  0.77376946190243445  0.79709983139995555  0.82307164393157184
  0.85248692226151512  0.88725536527958782  0.93317468671546144  1.00000000000000000
 -0.00234723090360035  0.00923254975071058  0.01934941241875824  0.02979685578529410
  0.04042053434271582  0.05105184888735393  0.06129666840251962  0.07176649488594550
  0.08195785547618561  0.09258909226929241  0.10340919779081295  0.11416142591887880
  0.12499162509943819  0.13550258129719309  0.14615739835306935  0.15665973189910565
  0.16729006668208060  0.17796951931184282  0.18849840416140184  0.19917171633733763
  0.20977019230865906  0.22039625688514577  0.23082720873804516  0.24115114710157867
  0.25155543990543172  0.26204258224628163  0.27263699223332138  0.28334388449016634
  0.29414103380679940  0.30506193229961048  0.31578310451493202  0.32644125305099991
  0.33701285706725748  0.34772653784870422  0.35830993815396395  0.36870117213025910
  0.37895814201222466  0.38914065759707006  0.39944752131489419  0.40990861083624075
  0.42044447438413146  0.43098283707857460  0.44156531573748964  0.45226687099437635
  0.46310619445414675  0.47367415375570510  0.48447450073564691  0.49518925684893778
  0.50600275026137453  0.51659809661057854  0.52715964215422206  0.53770615398148058
  0.54825537488724763  0.55869866434028270  0.56914218606086553  0.57947041769077290
  0.58995434206923236  0.60027556094727430  0.61079916589191618  0.62136597629088430
  0.63199909127251486  0.64271516576934840  0.65328645098667204  0.66370340142320183
  0.67415631697157630  0.68471608547179574  0.69541423331962904  0.70600033858039957
  0.71662856607422654  0.72724483653030481  0.73798056966090475  0.74859436359207410
  0.75902786761557861  0.76939067377838499  0.77989094128492420  0.79029697405909616
  0.80068147537197076  0.81101223578186443  0.82152094957674693  0.83206638116575538
  0.84269891286353604  0.85330414151677059  0.86376139756641102  0.87423284092146014
  0.88469116776981871  0.89530689058895652  0.90566496864571178  0.91618852313502741
  0.92664363833570806  0.93701839718180469  0.94742454232935613  0.95788620897403676
  0.96825856699338131  0.97887495614505748  0.98943893624659318  1.00000000000000000
 -0.01408045777797726  0.06301047196753939  0.10918203271831979  0.14435203743975961
  0.17370394734014447  0.19981483315193585  0.22360106647528652  0.24535122451292796
  0.26552500495790532  0.28461424078297837  0.30270166305391660  0.31973588959677768
  0.33581497138528404  0.35119254436549940  0.36600082512373178  0.38039435840852404
  0.39435761594732610  0.40800959501565154  0.42126730516516875  0.43417367393145373
  0.44648131491182774  0.45835215500615928  0.46985097205812265  0.48112409717114024
  0.49215514572447311  0.50298644053271135  0.51364971933308512  0.52415634669246869
  0.53452282640965276  0.54473842395665806  0.55478818680781838  0.56462148661965850
  0.57427710537660959  0.58379607440176207  0.59314211235223702  0.60229707167004765
  0.61123098021010625  0.62000562022847983  0.62866299601648923  0.63724984820199537
  0.64576640703716992  0.65418986490332598  0.66250270072998951  0.67072417273616836
  0.67874918642516757  0.68665542487267273  0.69441702036082820  0.70211325223823984
  0.70972996372275987  0.71725602896343355  0.72464921191571796  0.73194004435664306
  0.73909470135939981  0.74620334485245177  0.75329026710236946  0.76033956730003172
  0.76733893817985499  0.77431348064322814  0.78128849108826914  0.78821494654113256
  0.79509720134818063  0.80190139095393276  0.80860729214036386  0.81518773077558560
  0.82168526274286757  0.82809801038514308  0.83444048862358644  0.84070843767708714
  0.84692391462270877  0.85312894278082596  0.85932598063347776  0.86547513010894228
  0.87155638397732393  0.87759792081606225  0.88359338610256266  0.88953084254189918
  0.89540390096136480  0.90118553417638736  0.90694111173363245  0.91272303419550005
  0.91845157957735202  0.92407491475037018  0.92964229303220580  0.93517353679119253
  0.94068658207927636  0.94618506438257677  0.95165389213989660  0.95710920364930641
  0.96256560274606728  0.96799567578693413  0.97337479395830973  0.97869381944352063
  0.98398675280642511  0.98930794920166065  0.99464907048200779  1.00000000000000000
 -0.00233000042718596  0.00914016065388533  0.01921116272865897  0.02981482420222335
  0.04038067599658438  0.05096685435143813  0.06175216827805470  0.07249877422816720
  0.08317119694071405  0.09356185675313193  0.10407574660977630  0.11441029777229299
  0.12483422692923171  0.13525806631881093  0.14573424193369627  0.15639031561763575
  0.16687046024870941  0.17735773280882633  0.18778657847748492  0.19843059871769714
  0.20907404539253266  0.21959763771316618  0.23001655679079830  0.24033330928556615
  0.25080321462720540  0.26104253284027212  0.27129773760742887  0.28173170847421319
  0.29216373579569527  0.30259689582863680  0.31295021195883066  0.32342058917836936
  0.33386021486818362  0.34412643926945202  0.35442432921998090  0.36503749789143936
  0.37578726127509526  0.38636686967116329  0.39689965792527476  0.40764237137030318
  0.41835639186088530  0.42888337794226050  0.43926033144325860  0.44972772703350372
  0.46031662540503587  0.47095499567120580  0.48157721793090758  0.49224209080901754
  0.50289611355686870  0.51345862918459362  0.52405415939901656  0.53464510729747672
  0.54543114697736683  0.55626290470278206  0.56704130519954576  0.57762428594806414
  0.58807049535751721  0.59860507978449606  0.60915262798712377  0.61967924597591428
  0.63021234060545961  0.64082826837555606  0.65144288046341015  0.66207306761270857
  0.67273617901987259  0.68331786666186589  0.69404235528691027  0.70476457427140171
  0.71548756102932165  0.72621014064128875  0.73682886390979119  0.74740152535699445
  0.75784499879756839  0.76832224104431268  0.77897360548066374  0.78968560253435216
  0.80011435074473936  0.81057516996559920  0.82094427550924820  0.83138412373411041
  0.84204261791827795  0.85240093819366025  0.86323055964350281  0.87372019772980647
  0.88444499065482984  0.89501185245504900  0.90563568997070620  0.91633836540300073
  0.92685723370711204  0.93752839672645383  0.94794798653556855  0.95826479621378624
  0.96868064115605423  0.97892446420544332  0.98972299345519310  1.00000000000000000
 -0.00233092972731283  0.00917340270799279  0.01955190586335423  0.03029235675002341
  0.04077863477377013  0.05142328013111103  0.06203664957542684  0.07258421503567193
  0.08313992605870578  0.09398821837744194  0.10478450324890205  0.11523866307962564
  0.12559332283901115  0.13605534678758827  0.14656697152919235  0.15710053060157758
  0.16772891946760482  0.17887060052599862  0.18975562062534140  0.20042706762950643
  0.21084273217932081  0.22107127365277718  0.23136922375865598  0.24167740460525847
  0.25209000360833406  0.26274234243404021  0.27318346796421306  0.28355485275262166
  0.29414181423176011  0.30455360799269282  0.31486350477732533  0.32509497214724808
  0.33555547105957123  0.34658840565347443  0.35743819874391369  0.36828619663981338
  0.37879797270525017  0.38940800117482960  0.39973387471674154  0.41038391760648957
  0.42074360274807876  0.43132178790868853  0.44182605405680575  0.45268729441484629
  0.46335243414883975  0.47383128259892571  0.48439342969763866  0.49489018953288116
  0.50555756842906108  0.51589967453713736  0.52646100791757411  0.53710816316640719
  0.54761173267620267  0.55800387760674064  0.56837272089556234  0.57898075549977657
  0.58932130413249573  0.59958167461644873  0.60996477336262489  0.62044253975917141
  0.63102160067552937  0.64153951409566723  0.65199298029164898  0.66246279270871899
  0.67288635155183307  0.68331980815134308  0.69362672984041651  0.70422918703722848
  0.71492471632219712  0.72580007793641810  0.73666422521809738  0.74748602975138034
  0.75842300171446853  0.76885410318873604  0.77944380012107639  0.78978413340429698
  0.80043265019612386  0.81093843088145323  0.82173193303207415  0.83240244928945817
  0.84304385337962773  0.85344761014480464  0.86405178213434297  0.87452883059083042
  0.88522205588216119  0.89560238760478372  0.90623437059652323  0.91669251948386432
  0.92728205625364724  0.93796761174330534  0.94847012388335905  0.95882107398291583
  0.96906293387815623  0.97962712083729042  0.98984605313358720  1.00000000000000000
   6.6812682454153062E-008  -1.0000000000000000     
 F F F F F F F F F F F F F F F F F F F F F F F F F F F F F F F F F F F F F F F F F F F F F F F F F F F F F F F F F F F F F F F F F F F F F F F F F F F F F F F F F F F F F F F F F F F F F F F F F F F F F F F F F F F F F F F F F F F F F F F F F F F F F F F F
  <DiscreteSampler_grid>
  grouped_processes
  1 # 1 for a reference and 2 for a running grid.
  10 # Attribute 'min_bin_probing_points' of the grid.
  1 # Attribute 'grid_mode' of the grid. 1=='default',2=='initialization'
  0.0000000000000000 # Attribute 'small_contrib_threshold' of the grid.
  0.5000000000000000 # Attribute 'damping_power' of the grid.
 # binID   n_entries weight   weight_sqr   abs_weight
    10   10   9.209182700882040E+004   3.945928641914738E+010   9.209182700882040E+004
  </DiscreteSampler_grid>
