  0.00233169412208648  0.01673236718306749  0.03068487157558157  0.04291266481505457
  0.05447577448322798  0.06578204316283182  0.07703402102772701  0.08809436299475566
  0.09895103692545928  0.10987755194140410  0.12100753617941316  0.13203534758993515
  0.14292125788943247  0.15386856851523664  0.16488570053801990  0.17583423941659504
  0.18667425815933675  0.19738425049422567  0.20808150116782542  0.21876092150831900
  0.22942110628898726  0.24007211995993105  0.25074335042351559  0.26148560375496666
  0.27223805382766464  0.28306232625725597  0.29396405020037708  0.30480051102964878
  0.31553994860102597  0.32617514551936816  0.33677053757673214  0.34736805134546678
  0.35796775682030557  0.36848436679133634  0.37903405855240041  0.38959282563109798
  0.40002568174264524  0.41039712257445754  0.42084748227528473  0.43147996572022096
  0.44206686215616703  0.45251567454979830  0.46286451221362773  0.47321481814977007
  0.48365425488380709  0.49421827287124398  0.50491606480525109  0.51563036811613827
  0.52634054820085108  0.53708370179659048  0.54789951616628718  0.55868559215635472
  0.56935197997451481  0.57997151235543987  0.59060213208818002  0.60128407422760499
  0.61194456173197742  0.62251990871263074  0.63308606323241912  0.64365740819891049
  0.65429207451636651  0.66489040120297727  0.67542714931784509  0.68588738144054329
  0.69619581035711853  0.70643965502302530  0.71676399988653783  0.72714083076293756
  0.73746484938429457  0.74777292624821379  0.75811114969956628  0.76841218057947813
  0.77859786149042887  0.78871968697773087  0.79898445992343303  0.80931912998743993
  0.81966700478316490  0.82991542184301992  0.84018143899779463  0.85051030911487668
  0.86084957426451747  0.87106988207822045  0.88114739899159555  0.89111439130840531
  0.90121123654650326  0.91128675149534077  0.92136977674756859  0.93126740759340565
  0.94106883172734135  0.95078180945464552  0.96027414172597614  0.96946201437840063
  0.97822501074296531  0.98629449931789026  0.99348890159668857  1.00000000000000000
  0.00234217790225743  0.01657985106791643  0.03044046084177018  0.04256060881677216
  0.05435131359306731  0.06597461458241255  0.07748934171904993  0.08880795128310182
  0.09966536503199072  0.11061495128224610  0.12150227009792751  0.13218419360031425
  0.14274079245750643  0.15333858897504948  0.16406668269422975  0.17474260300137129
  0.18534822014594254  0.19603412825640393  0.20681831170743276  0.21768023417117816
  0.22856850026903111  0.23941169317857036  0.25019563529759220  0.26074065962015974
  0.27125642946552359  0.28178147242952173  0.29237447611676337  0.30295387381415045
  0.31345859953274330  0.32392063704806018  0.33438643986767175  0.34497639567261795
  0.35559004325671500  0.36617331514106938  0.37679444685507490  0.38744638518689789
  0.39813285029880180  0.40874989301253944  0.41937946610005389  0.43004931478286140
  0.44067194603465887  0.45127460005515158  0.46182985777638941  0.47234563888681264
  0.48286790025345377  0.49335146366977711  0.50389491460478442  0.51443461349377262
  0.52504222880131035  0.53570705289898457  0.54631884649364082  0.55672606379767275
  0.56703973187946022  0.57737085907587815  0.58772460188058384  0.59807231310974351
  0.60842133198213277  0.61883031203876049  0.62922844500396080  0.63954934974417876
  0.64994068277751438  0.66027766134629895  0.67053587386189450  0.68072135722271576
  0.69103414134711505  0.70155994236138175  0.71207692381853993  0.72238990903212541
  0.73271131402232414  0.74311358229558533  0.75345455067094846  0.76380169200114978
  0.77415421394011141  0.78464806907358531  0.79518786796879393  0.80563112497032996
  0.81605423276255995  0.82638430465543700  0.83670148338898875  0.84699707289312642
  0.85722169860752018  0.86744974487080828  0.87759493502308983  0.88744814438020203
  0.89721800603042823  0.90693117875038365  0.91658768517424150  0.92640684552665997
  0.93612144895921479  0.94564549064169667  0.95499816184987463  0.96422169614895659
  0.97317781804003278  0.98148370129541207  0.98957507708126002  1.00000000000000000
  0.01037111711764483  0.01202368246552230  0.01302076947548110  0.01402241770928520
  0.01509446559349804  0.01621070255711603  0.01734691646994609  0.01847640837053821
  0.01961289404308813  0.02081412132866570  0.02201786341976406  0.02321041295243384
  0.02438196696322998  0.02551583744829019  0.02651776946078873  0.02748569833899803
  0.02862667291085473  0.02983753096824052  0.03105500480658723  0.03230293603948581
  0.03358351614641703  0.03490098003397762  0.03625067646091209  0.03761708031759266
  0.03900379360722956  0.04041832380639907  0.04187666441102515  0.04338521568938869
  0.04493969022547140  0.04654482704549398  0.04820185787254669  0.04991437528739451
  0.05167317663040925  0.05348754553015942  0.05537072980963671  0.05733955169679144
  0.05937899009731783  0.06146307500662477  0.06360391551554348  0.06582142667595503
  0.06814052264222632  0.07055059760599805  0.07304889356065386  0.07562405489697276
  0.07829069280477485  0.08104876080360685  0.08391956093659016  0.08689180161733832
  0.08997633826782028  0.09317879350617193  0.09648962903885916  0.09989856436016539
  0.10343207499425083  0.10711074190054679  0.11094933513134926  0.11495978228528603
  0.11911642553627844  0.12343039737989121  0.12787824281414378  0.13252767455348419
  0.13737722401898425  0.14247721874979111  0.14783805666932520  0.15351367935728813
  0.15946853008805748  0.16571994270803472  0.17223591811930283  0.17909404578701071
  0.18626620802649083  0.19383948349899213  0.20182955007927653  0.21028175804691221
  0.21918810790360826  0.22857514271286261  0.23850411631359006  0.24895685025563302
  0.26008895250521230  0.27200136835134947  0.28474765117987821  0.29839508782354740
  0.31302838063500499  0.32866858424757367  0.34545256178390266  0.36364357093870753
  0.38347151999161910  0.40525546571574617  0.42936954691298057  0.45617564227117025
  0.48615490922512433  0.52007980344423976  0.55934916910197252  0.60631802708920446
  0.66617565693278091  0.75437479974104293  0.88349701388726942  1.00000000000000000
 -0.00105334050192934  0.00404039822369115  0.00938211712596763  0.01469287276729523
  0.02001816832753510  0.02538702557866754  0.03080197679142893  0.03626005398950408
  0.04177743864871547  0.04734344837893883  0.05295773123276299  0.05858500922514134
  0.06421477460822395  0.06987666495244990  0.07560661986574821  0.08139844374684516
  0.08722544748821480  0.09307197000054653  0.09895491906749454  0.10482777542954780
  0.11071280934869393  0.11664139359104138  0.12262973624459421  0.12874836021495664
  0.13493004380487714  0.14108073550000783  0.14725464456656356  0.15359786546723761
  0.16003831166820373  0.16649555546639028  0.17298505879034934  0.17950757785271787
  0.18610775058153972  0.19273966376544874  0.19941410037756188  0.20610777863903648
  0.21287819464647439  0.21971802387743170  0.22663530540321281  0.23359881979299155
  0.24069686272343649  0.24784320329572526  0.25511546029585352  0.26246136721264424
  0.26986027877708718  0.27725754176681189  0.28468321629763343  0.29216825823691128
  0.29983424816531784  0.30763080822856598  0.31538767918902127  0.32308471783406578
  0.33090679523002287  0.33885466396679537  0.34688429852239028  0.35500744699616110
  0.36315127546435555  0.37140722375377055  0.37994960408386946  0.38869088848368794
  0.39756081017487666  0.40669857954528110  0.41602376575066330  0.42551351075101462
  0.43515293631597363  0.44491170619464177  0.45494784845618319  0.46521357020558052
  0.47565634551633323  0.48624527599539302  0.49702155850976631  0.50807264843620559
  0.51943711548372373  0.53115232534992252  0.54299121534368877  0.55484493938642254
  0.56699400040359005  0.57955240790452711  0.59250708061855784  0.60572432900448203
  0.61923656766340951  0.63330104387895647  0.64818258790877725  0.66338827514348875
  0.67925216313856085  0.69581151018735532  0.71329091270423051  0.73210332378700316
  0.75212872844095946  0.77360709634019442  0.79700262520374543  0.82296650195828780
  0.85228025860289425  0.88689050657791446  0.93322223094280410  1.00000000000000000
 -0.00233102493072989  0.00917685846059537  0.01891320472081582  0.02957724998393365
  0.04007646820615796  0.05089479419228238  0.06143726311279536  0.07183624696646920
  0.08223120493305394  0.09282128365896511  0.10343076225187670  0.11419856312717751
  0.12496235143328298  0.13579030164338865  0.14653456678332422  0.15711217364568628
  0.16758392110525619  0.17802492679894338  0.18843276925869670  0.19906935342433427
  0.20967403386889921  0.22030994744849314  0.23082129563968570  0.24133007715989349
  0.25194164317739176  0.26241796144635449  0.27295681271635075  0.28355894872673532
  0.29427360733864011  0.30498568454228436  0.31555354593805668  0.32609416049785817
  0.33666728255671496  0.34735202795804410  0.35799525994565551  0.36870650008208650
  0.37921460734342388  0.38965298737057302  0.39991358061787635  0.41017489297387366
  0.42044149562719729  0.43069484792422830  0.44121855273007110  0.45179050147327376
  0.46249293237760203  0.47305470384756160  0.48358605357317458  0.49413613770407383
  0.50477436405456699  0.51550110990944087  0.52620472786032479  0.53670913778527019
  0.54735932836936385  0.55785687002301299  0.56844214826423944  0.57909004744258608
  0.58979256909688582  0.60045266401261232  0.61093014055162598  0.62136874142408471
  0.63182865899111729  0.64247950976797419  0.65277802648370542  0.66302277089862116
  0.67310209913942831  0.68322870861744145  0.69346935841581403  0.70370492304712073
  0.71398824064093869  0.72439067674143920  0.73492474200495217  0.74580435947491075
  0.75656931379865355  0.76727633680905183  0.77778704086350881  0.78839497028736694
  0.79885253768800302  0.80946214372958636  0.82012657274528711  0.83090007157927914
  0.84140026436110016  0.85213605649795943  0.86238054656996943  0.87275808329187832
  0.88313553058129535  0.89355357354179477  0.90404313848640272  0.91447057426502687
  0.92512874107453347  0.93594806263910058  0.94670092242202442  0.95729537234878570
  0.96806764946516832  0.97861018334063821  0.98933826473378894  1.00000000000000000
 -0.01419448640615091  0.06358675018985618  0.10929924010050127  0.14511450265725012
  0.17552496315534655  0.20199667745077357  0.22581236068174240  0.24762919720859539
  0.26772348573810578  0.28658708269026278  0.30448496912501610  0.32151387851589619
  0.33774188532659394  0.35315470624977241  0.36791104840219369  0.38224675635288913
  0.39615095650343135  0.40953596506962198  0.42256394107759560  0.43522841159385250
  0.44751948475600289  0.45952581972815165  0.47137580837270021  0.48276849346312040
  0.49386031101977279  0.50472098515136288  0.51551543766824059  0.52623859374605231
  0.53664119045846559  0.54690171325764891  0.55679823442812137  0.56650484335471951
  0.57593550394507653  0.58522043282853975  0.59442318748495071  0.60349719472433716
  0.61242229842590745  0.62122071711238336  0.62986988716802506  0.63843936916887511
  0.64690381194955349  0.65525258788836571  0.66355234447516187  0.67174160096532831
  0.67982977167551195  0.68772064495794627  0.69545010895256720  0.70302816593878592
  0.71048832038325815  0.71791394851113022  0.72534826064851954  0.73270493009315307
  0.73992038859461873  0.74706701176929258  0.75414789619585543  0.76115868565818789
  0.76806133279188515  0.77483472948352794  0.78153255415863354  0.78822265504106548
  0.79488729445996975  0.80150421796732818  0.80807958624170662  0.81462909567094521
  0.82117440603717817  0.82764211662232379  0.83398452586137006  0.84023490203743922
  0.84646987856439959  0.85271171496300835  0.85892204994620713  0.86507771515741794
  0.87115610460514004  0.87715511269557533  0.88309858855800683  0.88899677473348337
  0.89484547270418047  0.90062468994141331  0.90631666797123722  0.91196381204174526
  0.91763341401733900  0.92330542120497650  0.92891816964756979  0.93447160001284046
  0.93999335533553352  0.94551863483153609  0.95103097374147993  0.95650587165885737
  0.96200519050246547  0.96754059885180987  0.97306779698682622  0.97855112976361203
  0.98401256259620828  0.98940982313574288  0.99471833577735147  1.00000000000000000
 -0.00232034233800598  0.00913223522825865  0.01930598048768628  0.03006467674916765
  0.04073458216294070  0.05120433219713355  0.06198595457306273  0.07278321789626832
  0.08346810887249079  0.09411174815280975  0.10475472438371444  0.11542994892719176
  0.12611018460852691  0.13669155926732862  0.14734596650482332  0.15788783629713815
  0.16842423588561622  0.17926340658947176  0.18967471485036405  0.19982228981841810
  0.21017609029063683  0.22053711822265973  0.23081466022202546  0.24102064579200208
  0.25091357836314993  0.26193140453104063  0.27259282324772832  0.28324967257567513
  0.29393758665114061  0.30452406107926527  0.31511480671353148  0.32512422237239580
  0.33541122292812153  0.34589026568932379  0.35657357226515751  0.36688361727324387
  0.37722134564506726  0.38772563330162835  0.39824008132766436  0.40870749253199118
  0.41921866177056349  0.42956327660222493  0.43987619035563164  0.45016126482226437
  0.46053937955558932  0.47085953191114660  0.48129637777913281  0.49191287934647659
  0.50269361668604129  0.51354271832013343  0.52437585162186184  0.53520090111769336
  0.54580725637044658  0.55637191793149932  0.56678518531380928  0.57718504460205711
  0.58768915274037614  0.59821188487004506  0.60858239250144297  0.61911819510613686
  0.62963370447124478  0.64034405213292500  0.65087841436701044  0.66134604696625954
  0.67164902954537786  0.68201641285646775  0.69241691502821567  0.70303539635309464
  0.71362881314493920  0.72423104955684836  0.73497992445569271  0.74554753980095489
  0.75605545624605086  0.76668289155091496  0.77729807801234363  0.78796031188976012
  0.79838670181703464  0.80881681279086437  0.81933182154951312  0.83000074155042891
  0.84077523087317163  0.85142881284748650  0.86215062779209284  0.87278452787101568
  0.88337805202416397  0.89398806116422280  0.90468801410756405  0.91541309444588459
  0.92609600869532727  0.93668840787921492  0.94721820052403227  0.95751864445316348
  0.96822279359413943  0.97873741145548310  0.98938426671143720  1.00000000000000000
 -0.00228326566322127  0.00904667750635248  0.01910567789961646  0.02990380963709403
  0.04061494509190548  0.05122912024406735  0.06180871215770550  0.07250656664269152
  0.08319843979154923  0.09388127728343978  0.10469805481640000  0.11531791155207816
  0.12601274673214219  0.13635679835899558  0.14690163117411201  0.15739740392986629
  0.16784365277902874  0.17832484758119446  0.18853268416826605  0.19925940335128156
  0.20971787015924928  0.22039146234294821  0.23126361836076126  0.24148885659675012
  0.25199672758260550  0.26244161008580430  0.27289610284053401  0.28312165935435085
  0.29356491428759562  0.30416769989711490  0.31483175965165872  0.32534475663883922
  0.33590143775944425  0.34652241663747924  0.35697593460058358  0.36741992650249938
  0.37788060003515661  0.38846738148384885  0.39917752691500541  0.40981548192161243
  0.42051334661962159  0.43125452626203059  0.44208426159756620  0.45282278145469906
  0.46329996410093582  0.47337449021844075  0.48383682295228925  0.49440995523174042
  0.50500889740273758  0.51535884455339465  0.52584587206919586  0.53651511846025102
  0.54721443565331962  0.55793024273756187  0.56847795492769393  0.57859276416038108
  0.58901146119002890  0.59938901047662374  0.60972096467650660  0.62015539915416895
  0.63060509660520070  0.64166134930531260  0.65223656899557558  0.66305651446102898
  0.67357242172845488  0.68406198885011005  0.69455040977125848  0.70533431124289492
  0.71590967173890285  0.72638273756368821  0.73687008446392277  0.74759356591796988
  0.75823368087688581  0.76871276992767901  0.77937232910346277  0.78985472666556722
  0.80056740018148176  0.81117150574025876  0.82191332686370233  0.83249874876435115
  0.84304458983755004  0.85361720213842629  0.86452092481375098  0.87526609437252467
  0.88565949906336894  0.89593686941247264  0.90618665488797301  0.91648323921299879
  0.92682315431288465  0.93703207277816158  0.94766743988596702  0.95816174455513403
  0.96846982690201422  0.97896123565066440  0.98950520055850111  1.00000000000000000
   6.6595418476847232E-008  -1.0000000000000000     
 F F F F F F F F F F F F F F F F F F F F F F F F F F F F F F F F F F F F F F F F F F F F F F F F F F F F F F F F F F F F F F F F F F F F F F F F F F F F F F F F F F F F F F F F F F F F F F F F F F F F F F F F F F F F F F F F F F F F F F F F F F F F F F F F
  <DiscreteSampler_grid>
  grouped_processes
  1 # 1 for a reference and 2 for a running grid.
  10 # Attribute 'min_bin_probing_points' of the grid.
  1 # Attribute 'grid_mode' of the grid. 1=='default',2=='initialization'
  0.0000000000000000 # Attribute 'small_contrib_threshold' of the grid.
  0.5000000000000000 # Attribute 'damping_power' of the grid.
 # binID   n_entries weight   weight_sqr   abs_weight
    10   10   3.960614629873375E+004   4.451320510567402E+009   3.960614629873375E+004
  </DiscreteSampler_grid>
