  0.00227693653005949  0.01645838776118808  0.03000706159994610  0.04174325627163922
  0.05332142194280538  0.06460168767805123  0.07583567867550234  0.08695301477100989
  0.09821371330195174  0.10914055983120859  0.11990245775897165  0.13078525808572855
  0.14179772105694782  0.15256079058699246  0.16298434444266663  0.17364691768857218
  0.18431357010680716  0.19481052504287205  0.20519522496441725  0.21579100785584551
  0.22632015747224146  0.23670577428186237  0.24714584424204158  0.25781686550932731
  0.26854695863022615  0.27923021373800377  0.28982265834668341  0.30031765725334258
  0.31077338954508116  0.32136541528176632  0.33203804499137635  0.34266290557868923
  0.35313515309291288  0.36359476548964154  0.37412124664937363  0.38467405747741190
  0.39517882466534915  0.40564730518347342  0.41604627808868405  0.42643901447179289
  0.43676953049233941  0.44706297276988255  0.45739343742276928  0.46783983876846480
  0.47836810241934358  0.48888822301567536  0.49934435015368644  0.50977540067780946
  0.52026647553382932  0.53081458130995496  0.54133704022178719  0.55175025756947971
  0.56212812507701349  0.57258660668404282  0.58312516055125163  0.59367285018788252
  0.60412768504424508  0.61448430335813120  0.62476891464026130  0.63501019293681826
  0.64523907947241987  0.65547561066910620  0.66576703553497574  0.67610544043915677
  0.68646205245750291  0.69681513633276715  0.70714978098171943  0.71744318323989509
  0.72778679149885139  0.73823890980271945  0.74870689675486179  0.75911851643880901
  0.76948599195856804  0.77982426321948362  0.79010677489880698  0.80033623996750269
  0.81058385612874284  0.82087332461640938  0.83112585520853566  0.84131778970663662
  0.85146924560956505  0.86155513550050111  0.87158181416110980  0.88164170553898047
  0.89173249553910150  0.90181811068525342  0.91177462593151881  0.92164561320676919
  0.93149083215825756  0.94124332101934605  0.95074730465776758  0.95999601234347620
  0.96900589507824675  0.97759169150280190  0.98566524667312361  1.00000000000000000
  0.00239542397604473  0.01629852771767496  0.03003228125875410  0.04225072235785995
  0.05395946247900013  0.06539718478055968  0.07664320015889763  0.08770973491947828
  0.09863705476891141  0.10962480496356776  0.12061774657415386  0.13162874517932274
  0.14253341911415712  0.15329668153891335  0.16400369230431716  0.17469021652764566
  0.18553651530374268  0.19625967099872110  0.20691887079732202  0.21759399108168762
  0.22838875120378088  0.23930063412460087  0.25018317267146067  0.26099171598236903
  0.27181678468932613  0.28258101479618342  0.29339886499081352  0.30411724483555574
  0.31480377309260293  0.32530145533387289  0.33576328299128316  0.34627524414735289
  0.35682580625563470  0.36741178009810815  0.37800142220649990  0.38861858471479116
  0.39913345883047596  0.40959199204775276  0.42009497215012992  0.43058182119585986
  0.44110093270730161  0.45162615648519283  0.46226384813789356  0.47294060182449627
  0.48371257504854276  0.49451044036853764  0.50513776140156363  0.51556977939997151
  0.52597721508412421  0.53640781387818726  0.54684157645724452  0.55728944606673625
  0.56779132714472025  0.57837912922307699  0.58891486777855007  0.59940882503407689
  0.60989600687241252  0.62045728190144789  0.63110352243246348  0.64175557960283569
  0.65236306589583248  0.66299548193817004  0.67363151816833045  0.68420683455525522
  0.69460043648350889  0.70494100401255544  0.71527188174479794  0.72572880220190694
  0.73616021285129840  0.74658392416303465  0.75685957812569293  0.76695991133843100
  0.77714843829139535  0.78727899372663890  0.79742870518464559  0.80761163898273991
  0.81788554723920437  0.82825444511432800  0.83857882743231926  0.84882835593055261
  0.85905885389596226  0.86920197368564422  0.87939534973620925  0.88953638550798830
  0.89963590864696819  0.90965103055682228  0.91954501203597516  0.92933605005648756
  0.93898302200868111  0.94861428405681913  0.95821433557438573  0.96757743215124314
  0.97642144226740502  0.98467221607325517  0.99355943813924974  1.00000000000000000
  0.00491377462173089  0.00676380078117788  0.00818679962391971  0.00939021140438529
  0.01052676446723381  0.01164858165195278  0.01278324138587373  0.01396973600088783
  0.01518953407431710  0.01642456108440225  0.01766997065258710  0.01892856334735173
  0.02019904156109236  0.02147885576227234  0.02277735673040865  0.02410358445374484
  0.02540878205970869  0.02653001204630625  0.02748047145566579  0.02867011908329658
  0.02992200348988965  0.03116502125343312  0.03244238709748582  0.03376202216391625
  0.03510994800047442  0.03649096798965956  0.03790907945175354  0.03936687171818137
  0.04087426519198623  0.04242759516845127  0.04402393160995511  0.04567112930393824
  0.04737254612654177  0.04912294047156558  0.05093119185954943  0.05280490369592954
  0.05473622263220879  0.05671380550328597  0.05875436675593585  0.06087670019141769
  0.06308752080720555  0.06537725686638032  0.06773920073653546  0.07017681064153877
  0.07269576064810448  0.07531929020195849  0.07805864655322929  0.08090015180788923
  0.08385161600186884  0.08692124733130339  0.09010758583869745  0.09341480084081223
  0.09685342715482184  0.10044840070422720  0.10421594250589929  0.10813327555780326
  0.11222858160545209  0.11653416363755337  0.12106566986786185  0.12578316178490212
  0.13064019352448827  0.13562157003287348  0.14078219159790600  0.14624925939726027
  0.15205861843216012  0.15817228693538044  0.16457164832084717  0.17127330675789257
  0.17833307779664534  0.18580754663243434  0.19371644769563251  0.20206901975986163
  0.21089868351415611  0.22023220638284857  0.23009924768970791  0.24050767601500328
  0.25158081597774706  0.26334913740745886  0.27601200938369574  0.28965304719911350
  0.30433648268148861  0.32017727705789489  0.33729500047367422  0.35577232501990852
  0.37587349112462887  0.39781837958906657  0.42185317881571871  0.44845117349639868
  0.47832014411391366  0.51237263932751476  0.55189232534909904  0.59917677071221020
  0.65984632923160758  0.75073431911354171  0.87203759116918134  1.00000000000000000
 -0.00109533784418972  0.00412143368296125  0.00951544801162075  0.01482880768422726
  0.02012342493777135  0.02542868399854031  0.03072403062964310  0.03604142844932663
  0.04143303374828192  0.04691340974379587  0.05244503015453134  0.05802190708453349
  0.06364351147136753  0.06933129096255408  0.07503587591970784  0.08074469908871207
  0.08650858483040000  0.09235968511137446  0.09828558351721117  0.10424449400735673
  0.11021555076063110  0.11618431072049522  0.12217089957106421  0.12821754384257128
  0.13432800788248939  0.14048479181622398  0.14667344202974530  0.15294192952729069
  0.15929913190680720  0.16569836923959363  0.17215514118468991  0.17867150885796607
  0.18525329926137743  0.19182908732128062  0.19842333944760165  0.20507795770346193
  0.21181701018347934  0.21862243028840220  0.22539284390780123  0.23214192512786846
  0.23894012879514781  0.24587973519477763  0.25299130915936408  0.26021713690156273
  0.26744440827161425  0.27475748004100442  0.28219462952730856  0.28978972744474985
  0.29740964049347773  0.30512913089464455  0.31292553613925606  0.32089842712557237
  0.32896467128059081  0.33707029693041168  0.34524680837471267  0.35358187635503940
  0.36203148934160317  0.37055159422413581  0.37920684172994240  0.38794441248652967
  0.39685433772772116  0.40596558725047172  0.41522988517079634  0.42466685652666786
  0.43431866214788589  0.44428071117298618  0.45445126911241834  0.46467195887532942
  0.47491746178324562  0.48535871576112433  0.49613247682406869  0.50720970400333787
  0.51858166525099647  0.53012514225904983  0.54186698477965556  0.55384815478929728
  0.56633458202061193  0.57923892975107638  0.59228884272373106  0.60549677204749830
  0.61929742729950088  0.63355129990109393  0.64813141670528374  0.66334802178382302
  0.67923513776447031  0.69603607745786911  0.71390014846785510  0.73271880654112020
  0.75281503103501923  0.77464352410952508  0.79833253968042683  0.82455018821322101
  0.85424692882122488  0.88866081457262391  0.93386471708933283  1.00000000000000000
 -0.00238202273255101  0.00914773383240287  0.01967649778008627  0.03045325547468025
  0.04148157742821858  0.05202908434592822  0.06273981142028945  0.07348293015845769
  0.08409593569264530  0.09438824131646328  0.10468807368116981  0.11501499681238710
  0.12560554994921194  0.13611750368058564  0.14675555676279881  0.15757110844483088
  0.16834250492406011  0.17932628073452381  0.19004649166649754  0.20078090724988615
  0.21132857064518171  0.22194061128556927  0.23263373567294976  0.24317982700301422
  0.25374920168767995  0.26436373958156756  0.27507717877016757  0.28587490607356908
  0.29652642170681209  0.30704652933740828  0.31725933117741462  0.32732780771652581
  0.33743556938256092  0.34763181562232387  0.35810893649254610  0.36852630808706444
  0.37891632707706258  0.38951665125763951  0.39999190045838862  0.41073898136161774
  0.42139355797663819  0.43200507730246934  0.44272523261503199  0.45341851104621150
  0.46389016622983742  0.47427824082222625  0.48474996367587614  0.49566175512684801
  0.50632750825437434  0.51692600880833317  0.52738130950577666  0.53805482652696934
  0.54851957831732379  0.55897209307330009  0.56946616234934244  0.58000070832267081
  0.59057344416919266  0.60109442164242244  0.61166681417077151  0.62218508421631713
  0.63269982118631063  0.64334030974496881  0.65409550238658110  0.66484239425437064
  0.67532026753658592  0.68576802919639179  0.69603551530511032  0.70633146147369752
  0.71661639560288148  0.72710191789715151  0.73775945461169323  0.74844305162793001
  0.75901614765121583  0.76969452717238318  0.78039009648788882  0.79098565242295138
  0.80138322000970064  0.81176307470300590  0.82219759979172591  0.83263673929446580
  0.84304232617629937  0.85353098521109372  0.86409358592763486  0.87468137421721381
  0.88518592460872747  0.89566895499121935  0.90625412562763796  0.91670426820780915
  0.92714967801075698  0.93730278633514352  0.94772034221859314  0.95789604994357791
  0.96852541460903996  0.97896660774200062  0.98974296575743992  1.00000000000000000
 -0.01419498661211830  0.06371469411948957  0.10894843098317702  0.14409451419742880
  0.17415690579390591  0.20035290978866882  0.22362923158809533  0.24495068723933403
  0.26457479314927834  0.28305489946551765  0.30080911312679243  0.31760582871375820
  0.33359235038384466  0.34903790396774464  0.36381446016538010  0.37806541307790875
  0.39195853286069865  0.40538321394138171  0.41839267459618185  0.43110326571476970
  0.44355518431854618  0.45569917670565430  0.46733415238817094  0.47865766439795238
  0.48981977691010375  0.50079229917118917  0.51150079261845394  0.52202685230561174
  0.53240266165298678  0.54271691831500346  0.55282729024332100  0.56274642853549040
  0.57243756101557486  0.58194670003728688  0.59134595683841107  0.60063531418811067
  0.60982108194001761  0.61885708633635583  0.62769758711578816  0.63639330122024207
  0.64490909237773286  0.65324358151130990  0.66145014204038088  0.66947534494967731
  0.67742940224538761  0.68527918072822447  0.69306491023710792  0.70078705839771815
  0.70843088603496362  0.71582506412738733  0.72313557522358352  0.73042281449277668
  0.73769896726320794  0.74485864170641547  0.75193235647409173  0.75896496224350785
  0.76598157811618139  0.77298459685804277  0.77999670534890941  0.78696920245209701
  0.79385519500209700  0.80062562626394029  0.80730000913678746  0.81388079896161536
  0.82036514777601910  0.82676748977512227  0.83307574389768790  0.83934841093396806
  0.84559717479146124  0.85177974220308195  0.85790748617517076  0.86399016849396792
  0.87006361823347400  0.87617629361993843  0.88230348861824126  0.88837290070539843
  0.89436380671746707  0.90028171631174447  0.90615050961253008  0.91201559059440163
  0.91786544447897289  0.92367217867496354  0.92942431530329794  0.93513179361497212
  0.94079515887402543  0.94640907660218010  0.95196246379821536  0.95747782128824710
  0.96294344460452530  0.96834602252673929  0.97368811066155758  0.97898018498678219
  0.98421643585636454  0.98943071453630871  0.99467165781076805  1.00000000000000000
 -0.00226034811511712  0.00895443390276778  0.01878811234124374  0.02957399025971875
  0.04008562188267220  0.05067047735437307  0.06111413913843479  0.07178715926725568
  0.08237022643390890  0.09306233822945068  0.10352139560616300  0.11414614285001363
  0.12469676723492248  0.13534606949520211  0.14601718530173297  0.15674710935530095
  0.16736930089638880  0.17784175623774362  0.18825340303459953  0.19872487579531431
  0.20921475340807058  0.21971015457873830  0.23018644189173487  0.24067114315688443
  0.25105284651350634  0.26161275917266497  0.27189606082789419  0.28251548283486105
  0.29308413639844105  0.30384611463372613  0.31451746727415092  0.32510023979917402
  0.33576873753588693  0.34648742724966980  0.35704648567570740  0.36751557004801666
  0.37808334746602157  0.38872159778879084  0.39922515544795906  0.40954242390300427
  0.41996078584542779  0.43066433295257028  0.44129707207740088  0.45201579776568490
  0.46260623570084608  0.47335262284381224  0.48384680217762233  0.49422884717526067
  0.50455655353358642  0.51480498409632724  0.52508016252209078  0.53545229128662863
  0.54590731141213578  0.55639988154216435  0.56699270085443676  0.57782184660599267
  0.58862684130818677  0.59898288622551210  0.60932538647437451  0.61970052957311872
  0.63024733156439350  0.64074753553351393  0.65125499409019072  0.66195184233233317
  0.67250777682824125  0.68297279956936996  0.69344237434382383  0.70422630694928134
  0.71495511545983714  0.72559360198924816  0.73606317744313798  0.74668276390676225
  0.75730497557220733  0.76803941264727005  0.77861050507187302  0.78908330832883578
  0.79984855322350312  0.81070343773041076  0.82120096651702923  0.83145645609994656
  0.84206719737908009  0.85272636130002488  0.86312318821270839  0.87340562350699069
  0.88395629945818777  0.89459583307759905  0.90511267802350326  0.91543115717084156
  0.92594398406525791  0.93620960721370439  0.94692485597630438  0.95744943639965729
  0.96818206951033048  0.97863110969012579  0.98936191298904386  1.00000000000000000
 -0.00233174734112339  0.00918025840763850  0.01944744523931838  0.03001419175442577
  0.04073557834212498  0.05135611344456473  0.06201552408026320  0.07255611314601654
  0.08302263485086139  0.09363149020045418  0.10420399614721050  0.11488051264616964
  0.12537365744696696  0.13597089102568108  0.14649008364693838  0.15709860263617201
  0.16757144948425651  0.17832148244378229  0.18894795203493597  0.19962314504220668
  0.21027603891840987  0.22085280026919207  0.23142939517094910  0.24186125924233429
  0.25239832828628389  0.26285230312823077  0.27339911545450746  0.28401435451931389
  0.29466719138674552  0.30512630142736802  0.31565520311147155  0.32625661252008759
  0.33694674765797161  0.34748584927504245  0.35800452057624876  0.36856251515042959
  0.37917964072242666  0.38988144794765855  0.40050431851732643  0.41108082854010503
  0.42163982462679234  0.43215913022943320  0.44270180757325472  0.45318252963504974
  0.46382908285971258  0.47470633939686574  0.48549481867585725  0.49607627186946468
  0.50655879205700394  0.51705390057019129  0.52751712491463532  0.53803993586427368
  0.54871531218956282  0.55931262960998407  0.56966579613028212  0.57992848995596857
  0.59030364463409213  0.60081614591814869  0.61133870549024505  0.62184079658306690
  0.63231632076654953  0.64283411508485000  0.65338850881613175  0.66400852277028921
  0.67446206417156906  0.68488262523117349  0.69519174912064929  0.70564662677763579
  0.71616589978474432  0.72688801528004587  0.73767029836379949  0.74834308702588492
  0.75876489761787336  0.76918029252145237  0.77961927634334494  0.79011712021258917
  0.80052726361804849  0.81092914578804987  0.82158015836896936  0.83215426137619464
  0.84242221621704971  0.85268030889478363  0.86288457283501330  0.87325389319716695
  0.88348604911658923  0.89379838937306066  0.90441439218213127  0.91490544621422609
  0.92559503634121587  0.93630417242825303  0.94698982499556117  0.95749928762281966
  0.96824954407909125  0.97894126208499177  0.98944576249095217  1.00000000000000000
   6.6738589423094047E-008  -1.0000000000000000     
 F F F F F F F F F F F F F F F F F F F F F F F F F F F F F F F F F F F F F F F F F F F F F F F F F F F F F F F F F F F F F F F F F F F F F F F F F F F F F F F F F F F F F F F F F F F F F F F F F F F F F F F F F F F F F F F F F F F F F F F F F F F F F F F F
  <DiscreteSampler_grid>
  grouped_processes
  1 # 1 for a reference and 2 for a running grid.
  10 # Attribute 'min_bin_probing_points' of the grid.
  1 # Attribute 'grid_mode' of the grid. 1=='default',2=='initialization'
  0.0000000000000000 # Attribute 'small_contrib_threshold' of the grid.
  0.5000000000000000 # Attribute 'damping_power' of the grid.
 # binID   n_entries weight   weight_sqr   abs_weight
    10   10   3.358500633004530E+004   2.570446966129347E+009   3.358500633004530E+004
  </DiscreteSampler_grid>
