  0.00225552851175675  0.01678135761331683  0.03090164796447296  0.04337900065182448
  0.05494117560095693  0.06638287134840720  0.07745254667241193  0.08847518539368242
  0.09950482591376934  0.11076110437877955  0.12199390252683123  0.13308394915094354
  0.14395150387957220  0.15475905209193641  0.16552174467927791  0.17637373118939820
  0.18711379284515564  0.19792541125955801  0.20873580365467898  0.21944550910124741
  0.22999624258206311  0.24040660205263903  0.25073996233339940  0.26104736418889607
  0.27131331984308843  0.28165354279878296  0.29205293953296596  0.30256537871031414
  0.31317651782770878  0.32384034534832595  0.33454096319237214  0.34525662915856786
  0.35596279508489875  0.36667622754825951  0.37731467107120142  0.38790154680120792
  0.39849196150035576  0.40910028822077626  0.41977346998645504  0.43050762495632944
  0.44135920165781034  0.45225868099940336  0.46311795901688257  0.47388085500194288
  0.48454828487043694  0.49521801677850036  0.50596801104114830  0.51674492662283489
  0.52744939636329136  0.53802840540001950  0.54853773907712311  0.55897570671811070
  0.56939584226524265  0.57979747147990723  0.59022790235477796  0.60069979177962229
  0.61115456657386913  0.62165790945140798  0.63223410802053670  0.64285522466694378
  0.65343101771739431  0.66399015418111207  0.67464586482618050  0.68536545235637736
  0.69606620136181685  0.70658350447663021  0.71700949799993718  0.72733257959294328
  0.73760620329342419  0.74794045154228306  0.75827327946448275  0.76868609767929785
  0.77902122909877236  0.78929169548155598  0.79952936049838430  0.80969486026413251
  0.81995199382160489  0.83001945938338351  0.84008175963771703  0.85006006656021982
  0.86001089590668123  0.86997730816270102  0.87996147346342646  0.89005251480220737
  0.90018139500925320  0.91027076681126695  0.92027897061373942  0.93013239554194915
  0.93986543174820480  0.94952867904688487  0.95902264892215328  0.96824882510585975
  0.97695191973616236  0.98509109972028885  0.99352082280531906  1.00000000000000000
  0.00223302277418577  0.01674986080837010  0.03064418920571727  0.04279644399820741
  0.05409637205860011  0.06528489920767400  0.07641774889640622  0.08757616660906209
  0.09858573278488850  0.10955237652859694  0.12055502457577516  0.13138965782735579
  0.14214790556535034  0.15299972865654335  0.16397392631658098  0.17492749401976052
  0.18566891531297691  0.19633169624355182  0.20691063741950047  0.21747634085216480
  0.22798554236894664  0.23860865718667235  0.24921290905763760  0.25986885619152933
  0.27049814115501419  0.28116944777792019  0.29178087929819946  0.30218945375803385
  0.31258884943721404  0.32309487783453961  0.33366250724243490  0.34415073743006402
  0.35458849234963924  0.36506591562676904  0.37548801650632935  0.38572590610038227
  0.39594547311084299  0.40630427455735602  0.41679923955854647  0.42733380920337338
  0.43787501123587153  0.44840543837411556  0.45891365898332498  0.46942223732027127
  0.47987284019357312  0.49022678450122725  0.50057056226715335  0.51096312345132622
  0.52123978476530819  0.53137237126913917  0.54156893852473920  0.55205698281180604
  0.56270978900473245  0.57331590730853077  0.58380954547201258  0.59421241689784898
  0.60459902192223980  0.61493847229667142  0.62519253670833608  0.63545277674253142
  0.64583534759602135  0.65640791903560713  0.66711477172433942  0.67779160846987896
  0.68840267859731363  0.69900267527819460  0.70961031210641434  0.72017836456677131
  0.73065027035899333  0.74107993734202171  0.75150907020045166  0.76192200679848288
  0.77232279220651379  0.78275461437669569  0.79318500395317881  0.80352302850908908
  0.81376061264751631  0.82389834926778749  0.83399947054802370  0.84408508248691516
  0.85420844640851712  0.86433939928341097  0.87443383016835008  0.88446561847317862
  0.89445328195268858  0.90442511573792261  0.91434646609817249  0.92420425290470209
  0.93403516832530076  0.94379335476730508  0.95344968553152054  0.96285994151737331
  0.97186817007074600  0.98016000121784586  0.98843164114900217  1.00000000000000000
  0.00921338949608440  0.01065905683398520  0.01152547144965569  0.01244895562303423
  0.01349559536593054  0.01462787517458540  0.01579828372615068  0.01696495180029472
  0.01813929975872804  0.01936670544096751  0.02060168807207717  0.02188076434552212
  0.02329702847802767  0.02461960236421214  0.02564561349200082  0.02661656361286920
  0.02766463616565234  0.02881841309504410  0.03002443089133330  0.03124880410509972
  0.03250004690851409  0.03379615403202097  0.03513116234462315  0.03649594461469111
  0.03789336847378687  0.03931820394072146  0.04077093390021681  0.04225689407471939
  0.04379646485788147  0.04539355936029928  0.04703219260639231  0.04868938684463039
  0.05038480597202337  0.05213972799063204  0.05397233636363863  0.05588257133031006
  0.05786434662381641  0.05991752383648235  0.06203896357061162  0.06423292370856382
  0.06651324632509917  0.06887971820029946  0.07131449634102952  0.07382385010707432
  0.07640426668195809  0.07906092157424127  0.08179396195654937  0.08464641637049708
  0.08766376332025679  0.09084730913704854  0.09413692918533698  0.09750474002183700
  0.10097495632563208  0.10458584442199717  0.10837170581987159  0.11233681664432407
  0.11650078766179434  0.12087358645802619  0.12540393746294018  0.13011146546809774
  0.13499464599779171  0.14005086416616330  0.14536475201171939  0.15096117839337772
  0.15683157130360897  0.16293556979215440  0.16930562420510556  0.17606609701042317
  0.18319099966307467  0.19065765028503448  0.19845403560610597  0.20674614048384946
  0.21558363869415981  0.22492918757140543  0.23476811667942915  0.24520389895323699
  0.25638952661188175  0.26836065323722746  0.28105620218140559  0.29461721747069053
  0.30919634884099595  0.32486174557162911  0.34165340741472539  0.35970513612157595
  0.37933165474729252  0.40085676417225313  0.42463461835770605  0.45101903774234653
  0.48047173627274903  0.51383107308773834  0.55241317380919730  0.59828986472479617
  0.65626895284504472  0.74460593783411400  0.85810595662080547  1.00000000000000000
 -0.00102560017762935  0.00395097544230245  0.00918915078911801  0.01444357147973506
  0.01981389117326349  0.02527221837599795  0.03072233116646789  0.03613714488888529
  0.04158207624180753  0.04711954251186957  0.05270948540708405  0.05831883572579140
  0.06395350410006115  0.06962846772041949  0.07535586889186570  0.08111865198904193
  0.08692877075108342  0.09278197934272298  0.09872044067745291  0.10473031319259613
  0.11077087355431696  0.11685632405839522  0.12297385696812303  0.12910971855926337
  0.13529155642639465  0.14153685169945354  0.14784330917758648  0.15418999517566001
  0.16056921404144117  0.16696878829880338  0.17343515048839214  0.17998818135700365
  0.18660590919160869  0.19329814743764606  0.20006957492184019  0.20688783786844031
  0.21374834910849230  0.22057701421841369  0.22747966771551961  0.23437218978474678
  0.24125929063999052  0.24816780864283614  0.25514233054182589  0.26230171984185835
  0.26959222423576101  0.27693489861172949  0.28426612698288151  0.29174201901094637
  0.29950706266380422  0.30735411162272264  0.31518279587093945  0.32307462585826391
  0.33108798743832440  0.33921615500363056  0.34744369745319281  0.35581142215636513
  0.36424829749270093  0.37268630199819375  0.38123118381711985  0.38996476531299901
  0.39892705362164654  0.40807241995973548  0.41733050344734213  0.42667194883612214
  0.43616512878751157  0.44575125243935432  0.45549964870178222  0.46541525697651465
  0.47552572632455320  0.48595749228001012  0.49663269337090316  0.50750750378040577
  0.51866649570736068  0.53006808776255354  0.54164660698947309  0.55340178190681522
  0.56563439904216883  0.57847410678882083  0.59158855968955271  0.60503797129609982
  0.61893032800551240  0.63327215463209197  0.64813583260912766  0.66368465634995855
  0.67988720843505734  0.69679418652570735  0.71456815361991421  0.73341208091739085
  0.75349833535455502  0.77483636148524215  0.79769111167011719  0.82316065632804480
  0.85272830333857208  0.88751801837852007  0.93310066528522029  1.00000000000000000
 -0.00233603311881663  0.00929684393536617  0.01907063658869727  0.02947346687828262
  0.03973246669366093  0.04998986566714019  0.06046851046797781  0.07068907676422614
  0.08122007280216002  0.09173395707506384  0.10258952931001859  0.11302257841127548
  0.12349824529136322  0.13398540311587240  0.14465893936672636  0.15488376699714354
  0.16512256614434564  0.17547208131482248  0.18577349275159150  0.19589177119404910
  0.20590833436240547  0.21621268524150769  0.22670358877844349  0.23723996764223013
  0.24778871588639706  0.25837823621083766  0.26897826385117984  0.27951486139718895
  0.29005792791995716  0.30060239043889769  0.31110621697925511  0.32167580914144123
  0.33223409158405121  0.34286886387477361  0.35354511645008913  0.36419313023208005
  0.37479792124097128  0.38534745028000583  0.39594444048439342  0.40658328819417805
  0.41712555680694369  0.42766056371807482  0.43821810265977312  0.44884582899371006
  0.45950439349697347  0.47009721823849454  0.48062768809346246  0.49114253776424055
  0.50160555249851180  0.51206452969084248  0.52263905005751465  0.53330095131061750
  0.54407670033595801  0.55474198340293635  0.56546667200439305  0.57619038924538579
  0.58692865944405381  0.59759623133381679  0.60820081385098546  0.61881151609702023
  0.62944674840163617  0.64006652294655475  0.65088780194355622  0.66138101886773670
  0.67185266446482694  0.68214351391597872  0.69250932633886597  0.70294565897904548
  0.71344839739698684  0.72409895239684829  0.73482936366039864  0.74542357852206254
  0.75600136628959502  0.76652958884632461  0.77719261749072266  0.78783154275040790
  0.79846994472963972  0.80898995277324615  0.81956426612639877  0.83010760152493779
  0.84066864377626571  0.85140089622586879  0.86211908292356088  0.87308702476986522
  0.88373756229027045  0.89441312773253190  0.90483267197121298  0.91502683123945505
  0.92543452126421977  0.93593601146696137  0.94682619907266308  0.95759510141530735
  0.96838167834548272  0.97897961162527070  0.98958787434033479  1.00000000000000000
 -0.01409121169505163  0.06298253482821946  0.10865986316552902  0.14361035069528996
  0.17256278632629282  0.19832884305761114  0.22195626739204524  0.24373089435851661
  0.26416321319887842  0.28342408691670640  0.30159679261746281  0.31895352184751852
  0.33563412446882196  0.35158221180125920  0.36675211483352355  0.38115128745874832
  0.39520403900393664  0.40869493914301991  0.42184912779007427  0.43437325524410381
  0.44676768889417023  0.45870543733054164  0.47033098589110234  0.48179676310145492
  0.49316091344510576  0.50428099923643965  0.51507456845660138  0.52561662192844938
  0.53597443019860480  0.54612968197984946  0.55606776354352094  0.56590099027540242
  0.57555847436722618  0.58503588474087431  0.59426301163114892  0.60333039062776661
  0.61232569085021793  0.62128616952854088  0.63011164606351278  0.63880614422936299
  0.64731380508044345  0.65572460971659630  0.66402622904473607  0.67216172697076038
  0.68024085080522989  0.68813459101930396  0.69581893563731811  0.70337499527471503
  0.71092090653973050  0.71845676030539385  0.72591296655805482  0.73326385169905628
  0.74055511806811358  0.74779892019080840  0.75495424439418968  0.76202147750589300
  0.76900453592215712  0.77588327731218398  0.78261839177133141  0.78923185686196407
  0.79577465838375416  0.80234447323193026  0.80893950773223811  0.81549077613361443
  0.82193371635478096  0.82833856662140681  0.83469851517404181  0.84094100828876339
  0.84705577176038538  0.85310946966294343  0.85916499619592590  0.86522328024264195
  0.87122711390525232  0.87719733091732810  0.88318786216539291  0.88919885469997884
  0.89516488766521685  0.90101645029503619  0.90677177983149282  0.91244852034099255
  0.91806161182607848  0.92365567781834879  0.92923322690866095  0.93477181864785308
  0.94028277009465377  0.94579706950634446  0.95129288871486861  0.95678169533101409
  0.96227390261540457  0.96776803692149271  0.97324945368883098  0.97869841338161589
  0.98410438482933926  0.98943867267172303  0.99477453668821969  1.00000000000000000
 -0.00238451459508374  0.00932990172104025  0.01920105572365915  0.03004667682473157
  0.04026334159596770  0.05099485005382845  0.06163521949854673  0.07201623161456262
  0.08264435458932433  0.09298412869625036  0.10359705563564701  0.11403340142364317
  0.12457120680270194  0.13514343143071203  0.14567576587896702  0.15627690568167779
  0.16683839418881918  0.17726728228347260  0.18791675968631177  0.19861874730867510
  0.20933795756746831  0.21986428431381339  0.23055955627436731  0.24130941551690302
  0.25212010846853383  0.26267855809640878  0.27322445820863589  0.28374591459737170
  0.29429563755695903  0.30502198737550773  0.31570885588253639  0.32636920805907949
  0.33704783548007911  0.34770449101270801  0.35839862020954555  0.36901444921526516
  0.37972189417674074  0.39039433389688921  0.40090579819904826  0.41131337750551777
  0.42175249523398639  0.43226848743413832  0.44278565757946237  0.45327653983536126
  0.46369707215800848  0.47414339257205584  0.48458015107307384  0.49511505136982570
  0.50558060440577413  0.51604428572990901  0.52656119006291191  0.53720850479600546
  0.54769560124437999  0.55809157293942979  0.56853297961865856  0.57909743742418207
  0.58982792574998011  0.60062272953726992  0.61153275066449175  0.62235091282707500
  0.63310715661835271  0.64370182246037977  0.65406009874689497  0.66439668907602523
  0.67462864068500195  0.68486765572439590  0.69512117526035133  0.70514833876615990
  0.71527316923046635  0.72523078952142361  0.73554683056278236  0.74601878528416421
  0.75661284509382531  0.76712926636353973  0.77791512138408536  0.78863727363474823
  0.79905434802613873  0.80955650159226389  0.82016086834415414  0.83105004561358875
  0.84162390134061305  0.85217960696460826  0.86270550882880981  0.87350333207838149
  0.88401955015183442  0.89459545364846005  0.90512461711389824  0.91616613491778975
  0.92638131838657634  0.93693007392942029  0.94741658810807405  0.95798170031250263
  0.96845315149210998  0.97890986595156537  0.98958059882597260  1.00000000000000000
 -0.00227526193528790  0.00903976150674628  0.01903711009273936  0.02961270205252482
  0.04006177886144497  0.05068793311796081  0.06117387853488841  0.07183663750306933
  0.08246778698237919  0.09329545800062852  0.10404005515763558  0.11448649372258544
  0.12488658389007987  0.13534892297543799  0.14597627893945292  0.15671662510586210
  0.16751138310559491  0.17815468779813759  0.18875680755322444  0.19926199463250510
  0.20987240410099292  0.22047514037508339  0.23099163352393701  0.24145372750409091
  0.25204975334122587  0.26266625146550077  0.27335456435265509  0.28400744302130682
  0.29465227342853850  0.30531892102202063  0.31599462910940401  0.32660404599030068
  0.33703970470831696  0.34749233996485307  0.35805740768504568  0.36869039294570410
  0.37926946236964165  0.38979887252968126  0.40040930576074812  0.41095954788669042
  0.42151715730606409  0.43206697365897501  0.44264993422874299  0.45323228466704540
  0.46386618667876905  0.47448308299817088  0.48516940923053969  0.49573938401079581
  0.50635214898166703  0.51687844415770934  0.52736965581054163  0.53792860823195132
  0.54855217550161872  0.55904139957043542  0.56926993400106518  0.57936913949592372
  0.58963846879768411  0.59971175910848329  0.61008725789058149  0.62033254685251249
  0.63100661699106697  0.64167964675445877  0.65217579433531625  0.66264763410446292
  0.67308466845299231  0.68338871556671754  0.69364128826044025  0.70372638914069652
  0.71397198486089475  0.72438751305244053  0.73471483301333662  0.74524244470222634
  0.75567385184388614  0.76639377861794789  0.77701134365206104  0.78763499707599027
  0.79814623589518019  0.80874465193170608  0.81937794421489396  0.83004922529103509
  0.84072714521650949  0.85137167073222986  0.86224717966340048  0.87303482564039414
  0.88371295480465373  0.89429404597228912  0.90496302920237970  0.91560360199674584
  0.92615073584654417  0.93684914916723772  0.94747477212691444  0.95829087724255990
  0.96852713710047034  0.97913719756779760  0.98948434052721423  1.00000000000000000
   6.6419978900104810E-008  -1.0000000000000000     
 F F F F F F F F F F F F F F F F F F F F F F F F F F F F F F F F F F F F F F F F F F F F F F F F F F F F F F F F F F F F F F F F F F F F F F F F F F F F F F F F F F F F F F F F F F F F F F F F F F F F F F F F F F F F F F F F F F F F F F F F F F F F F F F F
  <DiscreteSampler_grid>
  grouped_processes
  1 # 1 for a reference and 2 for a running grid.
  10 # Attribute 'min_bin_probing_points' of the grid.
  1 # Attribute 'grid_mode' of the grid. 1=='default',2=='initialization'
  0.0000000000000000 # Attribute 'small_contrib_threshold' of the grid.
  0.5000000000000000 # Attribute 'damping_power' of the grid.
 # binID   n_entries weight   weight_sqr   abs_weight
    10   10   1.176707182790204E+005   8.173161219645123E+010   1.176707182790204E+005
  </DiscreteSampler_grid>
