  0.00245054213573573  0.01586657745524545  0.02973084818721070  0.04204765098808231
  0.05393393113656959  0.06552805163254699  0.07679755267735519  0.08793288284917206
  0.09911302313564846  0.11029007688961925  0.12116707628938571  0.13199681900677177
  0.14272960160125098  0.15361262853129082  0.16447902757051022  0.17534450507213767
  0.18618923595602219  0.19705118293113963  0.20806728217100176  0.21914117073234821
  0.23018961467474383  0.24097378346262358  0.25168628480253119  0.26236009212012473
  0.27297659596363444  0.28354244971821274  0.29414944913273350  0.30474915364236133
  0.31527108718963626  0.32576183777613804  0.33626854184153926  0.34683781937817937
  0.35739855561594214  0.36798159117208790  0.37850893046264644  0.38910096075250028
  0.39975026446597156  0.41043443026374837  0.42079077171212687  0.43097711177354270
  0.44134177810906727  0.45175715307446501  0.46210468063594845  0.47236297841687158
  0.48276328343224595  0.49341274464083779  0.50405567433557619  0.51456909456947886
  0.52504278627980350  0.53544000874149256  0.54574971976472109  0.55610691919674993
  0.56659696705956397  0.57717827649799147  0.58768147388074410  0.59806196654686261
  0.60837657378769827  0.61859429705152413  0.62871356312530347  0.63885673163467649
  0.64914293148754343  0.65953372648866693  0.66974916571677690  0.67995402327968435
  0.69018086613697249  0.70044842283796138  0.71076716584933519  0.72104607061814896
  0.73113520704071577  0.74113768896710852  0.75115570436833667  0.76136140873768987
  0.77154772528369142  0.78166690591759780  0.79178714470077194  0.80192059059098564
  0.81202228724397030  0.82217433633606540  0.83242432656689669  0.84270447200394083
  0.85285115604079043  0.86292829233867763  0.87287199777414537  0.88279749242150563
  0.89268329644958178  0.90261357867789371  0.91254653385094242  0.92239888983664953
  0.93208274704326877  0.94161130366369417  0.95098416541520425  0.96023866081471632
  0.96923353920964306  0.97780909106723823  0.98579110805276604  1.00000000000000000
  0.00225965822292894  0.01664288260117256  0.03033391469577999  0.04260151287589509
  0.05449895028625785  0.06607553756608991  0.07731528505612302  0.08847234562733788
  0.09951671849860495  0.11060945004431065  0.12149729760778027  0.13244500438275528
  0.14340521177772814  0.15448234010517037  0.16553025612181863  0.17649736347012768
  0.18741531722447313  0.19837040873804043  0.20924900406910682  0.21975425766953288
  0.23017238104842186  0.24078212119079501  0.25139958754686226  0.26189129342625589
  0.27237549766488262  0.28308368914143595  0.29381170953769792  0.30438824948406246
  0.31496359036973287  0.32562744857689285  0.33631041584930749  0.34696152034362093
  0.35764942928334564  0.36841205354536677  0.37913193680495449  0.38970607807640667
  0.40026208516388306  0.41077645619633374  0.42129990224105235  0.43182646787394108
  0.44237032422864780  0.45292949027984913  0.46347777057083794  0.47401213254531271
  0.48448235275262352  0.49495223111304004  0.50557671442053098  0.51636703119064653
  0.52713819204416545  0.53788813123943935  0.54859911526821881  0.55922032784200515
  0.56965388820677931  0.58000233928805844  0.59040135020203433  0.60078686755581789
  0.61117141721698398  0.62154496128072623  0.63197696528182934  0.64247300033079158
  0.65301959129507525  0.66356919485217025  0.67406009110473319  0.68452361054364175
  0.69500529806236888  0.70544188938767782  0.71572714924696434  0.72594025518282390
  0.73621350913968853  0.74645546946044095  0.75673568147195358  0.76707825859461076
  0.77742982384705772  0.78771568960344285  0.79794088675343988  0.80829964517342734
  0.81869248443922593  0.82909232901004926  0.83937493320909462  0.84956788325696764
  0.85963125983625632  0.86964227918491011  0.87967572672559269  0.88979779083602084
  0.89994141294976393  0.91005978875164029  0.92001059928424045  0.92983951141638344
  0.93950742254984121  0.94910734554808285  0.95853285479207573  0.96773267947403196
  0.97654691170082031  0.98478167077116974  0.99355906128270421  1.00000000000000000
  0.00641570204179874  0.00790658639782632  0.00888582858947564  0.00981521450246963
  0.01079683455205512  0.01184819427971771  0.01297365125579804  0.01416508479337568
  0.01538934965871585  0.01663056744195053  0.01786191840800871  0.01914751983737471
  0.02048244534277451  0.02182956833777886  0.02316955751468931  0.02445476420314667
  0.02563492042208307  0.02668284326306671  0.02770010958114270  0.02893341404468151
  0.03021835991413022  0.03146890524688332  0.03276994908998857  0.03410981918291908
  0.03549755514362588  0.03691847111250721  0.03835396275688539  0.03981806725144962
  0.04132361520313504  0.04286987483118884  0.04446848415479272  0.04611081631914245
  0.04781667272200053  0.04957907717901473  0.05140479500332002  0.05329641168041378
  0.05522688157073203  0.05722434251472175  0.05927810444654498  0.06142063331799080
  0.06365890663175473  0.06598975345457375  0.06840647075161829  0.07088784065786942
  0.07345483934872335  0.07614084353745290  0.07895113970788856  0.08186690897340106
  0.08484670793425883  0.08791800853606621  0.09109468131780588  0.09441754809363245
  0.09789262061531209  0.10152252786090046  0.10530088695873978  0.10929127740399473
  0.11344387710700883  0.11778786245190755  0.12229905246318676  0.12699401060080079
  0.13189648283487274  0.13701968729178415  0.14241857983481598  0.14811926724696198
  0.15411885064115038  0.16039002978167011  0.16695848024271345  0.17386048560162098
  0.18115138186422597  0.18882008269985232  0.19688551309458302  0.20539317467553805
  0.21442158187961957  0.22403324674812847  0.23427355544706560  0.24517697321978893
  0.25674549691845883  0.26902210166794355  0.28209757177110950  0.29612689497783901
  0.31124809376299101  0.32755658086243838  0.34525445270384286  0.36464918031377158
  0.38586677730335711  0.40897216419955773  0.43448879530162038  0.46322861948822591
  0.49545589894314124  0.53243825095952413  0.57610764230567435  0.63061646365348301
  0.70737741113731833  0.81763600791789570  0.89655394284639212  1.00000000000000000
 -0.00104423278130281  0.00405929110127143  0.00920486568242279  0.01430664536644466
  0.01948832933980023  0.02474139893190828  0.03008109762283795  0.03547217079704870
  0.04091311268888936  0.04640686412579048  0.05191542432784384  0.05744795944703394
  0.06305784525291544  0.06873392745203381  0.07443179393863820  0.08010423013625062
  0.08578249959040418  0.09148487581281323  0.09724299288671413  0.10311477276661286
  0.10909072343872357  0.11512262403818151  0.12120083692738702  0.12733792959574780
  0.13357628082136960  0.13988452728690048  0.14621803960665480  0.15256389171570897
  0.15890405502258531  0.16526054645327987  0.17166685492081604  0.17816329793323363
  0.18472815967018494  0.19136616395111955  0.19809899475087045  0.20490373805326612
  0.21174771910969750  0.21864560637230460  0.22553143198434919  0.23247328892077981
  0.23956163499597177  0.24677175066465767  0.25406514709405820  0.26134796750538059
  0.26866680749621924  0.27604890531595183  0.28350170351511478  0.29105030623567729
  0.29869437143509531  0.30635965301388557  0.31408658426995489  0.32191921805891610
  0.32990656990497369  0.33802338522336528  0.34625543444169554  0.35463456535736432
  0.36319474773818405  0.37184997264789638  0.38067530749779344  0.38956611614715214
  0.39840568284231748  0.40721198101493705  0.41622937536728744  0.42549581503265055
  0.43498857646605632  0.44463591906074829  0.45448016280050357  0.46459467387260517
  0.47492559135815687  0.48543951672841285  0.49612418146726772  0.50689335988341788
  0.51781664899951829  0.52916481664502446  0.54096384454532742  0.55308960396907858
  0.56545281677729375  0.57815147172721537  0.59127512165236806  0.60486029526663210
  0.61876825515075840  0.63307166537008230  0.64788759452500166  0.66341912439353989
  0.67975095917865769  0.69691908596753882  0.71471816994506598  0.73317794839818839
  0.75274038676443811  0.77387310327276226  0.79728750514811841  0.82341741841118632
  0.85312570246882913  0.88830883160924601  0.93384745749475495  1.00000000000000000
 -0.00245511076575042  0.00947478421128635  0.01968729984426308  0.02997325278362786
  0.04033352814612026  0.05080769074718310  0.06140242716392079  0.07203729878393993
  0.08271014861326162  0.09341868088348063  0.10427578048998662  0.11494543784348751
  0.12568535628040325  0.13658938602934467  0.14731444810824193  0.15784313768873409
  0.16845298549318455  0.17914441886005522  0.18952380379707087  0.19979895944672324
  0.20992334468402085  0.22071080453055425  0.23098909422925432  0.24121924526333266
  0.25145125420253822  0.26208870616104790  0.27267680728264926  0.28340028519460048
  0.29413838125717812  0.30455614613155096  0.31510030272765438  0.32535771539356795
  0.33593030051611700  0.34611793248755829  0.35658739176255960  0.36709005855407723
  0.37763588633899697  0.38827068102443518  0.39891141360768401  0.40965588232898192
  0.42034134649325666  0.43086414297513642  0.44171236854448320  0.45238094518433253
  0.46316388066040304  0.47387273439680427  0.48457282203805818  0.49544242846920894
  0.50601203312484822  0.51677394911494057  0.52697417713936878  0.53732680719676240
  0.54753654254566586  0.55775893048102865  0.56798864650153036  0.57829234078803593
  0.58868926929596965  0.59932631622904908  0.60992660326694026  0.62043851957387675
  0.63122272275631219  0.64162081492831158  0.65234536633295848  0.66288704684785793
  0.67351318160165374  0.68400146865276534  0.69439876396816747  0.70510974137771887
  0.71569016582735023  0.72636201187190952  0.73690482299609494  0.74774366283332971
  0.75790579024921045  0.76819902287502040  0.77864276457505954  0.78911847477084218
  0.79959936380211094  0.80972979037641357  0.82018290916045911  0.83070975003657510
  0.84102419853046873  0.85136311358310701  0.86186414789983190  0.87229633278533869
  0.88284714237083062  0.89331404427885608  0.90417226490347546  0.91512445016248767
  0.92563627951385608  0.93625474982039525  0.94668849269029742  0.95746647318885481
  0.96815052287008285  0.97870167448592837  0.98941968530282254  1.00000000000000000
 -0.01410896566208108  0.06343730773617168  0.10932056838296142  0.14445744376620917
  0.17424515268052901  0.20090881824562842  0.22492510273137029  0.24666063181464334
  0.26672523187849628  0.28559463900291954  0.30337660773384678  0.32029327933391205
  0.33638707250537414  0.35176318308752508  0.36668918757899660  0.38091012622554687
  0.39453570440092084  0.40770547578418526  0.42048223750974056  0.43273511693280436
  0.44497714739384070  0.45719992396977693  0.46906038227413999  0.48054314531119963
  0.49162607972967121  0.50244202415611916  0.51317525688018772  0.52378016270123684
  0.53421215207390638  0.54431264722921602  0.55419633352159980  0.56391116854159939
  0.57350031285489000  0.58286784648292922  0.59206924916901416  0.60119061279053088
  0.61034297627985923  0.61935478643917863  0.62817594706370417  0.63684538390123546
  0.64541979776210145  0.65377894998475217  0.66198629685000066  0.67004257663167621
  0.67798231850226587  0.68586289141461088  0.69367742299580359  0.70139928791459238
  0.70901224472741442  0.71656473140707655  0.72406087985746970  0.73148816356821833
  0.73875062727057894  0.74593344504536940  0.75307281059058329  0.76016392041362257
  0.76725788068651646  0.77424600046414105  0.78112323435479858  0.78788808848768521
  0.79458689846970765  0.80121273093210044  0.80782747652460041  0.81439590958137753
  0.82095249650394386  0.82746713681838713  0.83392874637960068  0.84035190310079266
  0.84672191765249671  0.85305059870559674  0.85930934541371462  0.86547531195900773
  0.87155643996012444  0.87754726171592390  0.88347691277886398  0.88940712864283578
  0.89532961942705669  0.90120779187438527  0.90707145832851865  0.91293386533267906
  0.91872836596565344  0.92439243168610807  0.92995896026252967  0.93546616022088480
  0.94093475683600392  0.94640125347874715  0.95185011225145433  0.95727977023110988
  0.96269064701046314  0.96809157193723605  0.97346780472327143  0.97879499389529734
  0.98412763331176045  0.98945893364777693  0.99472286235113849  1.00000000000000000
 -0.00239692709292112  0.00930194374632605  0.01945218962698258  0.02944673644214051
  0.03944922017687310  0.04964020869076520  0.06001506314522699  0.07029255025342927
  0.08048928843292305  0.09064622860367927  0.10115355862352618  0.11151118865261289
  0.12213750860282860  0.13267609938709474  0.14327224569049088  0.15372695867161593
  0.16457296719090816  0.17527030767070903  0.18585361801463698  0.19648321841026628
  0.20703427212564798  0.21760092769403216  0.22811884085262529  0.23874266306810144
  0.24957433738596682  0.26014352554977399  0.27071094814808311  0.28138867213693752
  0.29191424539603084  0.30261858083510951  0.31312871560859523  0.32390001160872778
  0.33454980546458707  0.34506000937227255  0.35555416267428153  0.36574768883382996
  0.37604735578941684  0.38642759638996638  0.39687726911261900  0.40739808328433569
  0.41806686136835397  0.42840980681692936  0.43892625580100647  0.44920092640052695
  0.45955086854767813  0.46988949123088636  0.48039666823789812  0.49106823172942715
  0.50166187012921815  0.51212233508247029  0.52280404640361089  0.53337127211533319
  0.54389925832678676  0.55437580919443286  0.56514406743630552  0.57587242070560651
  0.58653184918757784  0.59696433087116973  0.60750562834504596  0.61812940140528017
  0.62874109949211365  0.63951608232849932  0.65018949258354120  0.66076821190939239
  0.67148383668063594  0.68226597892794494  0.69335488055449401  0.70424872186961085
  0.71479114773804941  0.72522548450221536  0.73574305622251512  0.74659558479968979
  0.75712681631413903  0.76759005228116373  0.77826406762297762  0.78899184475639406
  0.79983345559437868  0.81026233776324996  0.82089692431317918  0.83140652544165528
  0.84205347088520088  0.85290104828684044  0.86322305016760525  0.87391570755508985
  0.88421921568541839  0.89486040233543207  0.90516407973806168  0.91539034620214710
  0.92592505587330098  0.93607554909829183  0.94672681779736678  0.95719763043948125
  0.96789067250100702  0.97854383974791215  0.98925424018323471  1.00000000000000000
 -0.00222332210922052  0.00892000979161912  0.01895795343005335  0.02954742417439420
  0.04011208239418633  0.05055671584284584  0.06103401109471837  0.07179255836891732
  0.08221665671949301  0.09233932617885308  0.10240657209397727  0.11287359155443000
  0.12340658549508375  0.13390008083103128  0.14432213545692174  0.15498421558668005
  0.16589167194385476  0.17646077779400504  0.18699569241233446  0.19761640558297397
  0.20815591318049531  0.21862341015290732  0.22901403554891531  0.23962557363473730
  0.25033116357470581  0.26082097623365275  0.27130233821093686  0.28171168705384875
  0.29204763402744577  0.30229301584160923  0.31253734953033951  0.32297933297087655
  0.33355882493302025  0.34423690030555398  0.35498865663458529  0.36571911168125892
  0.37632765582569283  0.38693249120438189  0.39741561031811784  0.40798955095928879
  0.41862377359432096  0.42922362551314924  0.44001556936921216  0.45067521974163277
  0.46138002887533591  0.47172577971349949  0.48225021032889059  0.49293178689702188
  0.50364956171571584  0.51438233942823519  0.52506864170664824  0.53578337455313751
  0.54635007316495654  0.55679352358405931  0.56724851673742893  0.57788360952149342
  0.58845387887466405  0.59898321653871289  0.60952395867147247  0.62035297655311106
  0.63093816626382093  0.64134183701401637  0.65187024127290261  0.66236623851927945
  0.67281929529407059  0.68329041941997182  0.69366250125185624  0.70429204997280781
  0.71480225128268760  0.72570224078035239  0.73619870085402683  0.74665842303389451
  0.75733802472748413  0.76802039986616921  0.77854129411307560  0.78868235995015457
  0.79908909221355984  0.80970429585439363  0.82036747122706299  0.83098084303021813
  0.84169824226377721  0.85244299875670615  0.86302198981530764  0.87353348862021596
  0.88423860043597702  0.89498216047189505  0.90567256273171459  0.91616215925454447
  0.92679305437010173  0.93709344889999435  0.94757187497047013  0.95812991429575489
  0.96864483204922958  0.97916911735110057  0.98952171218840212  1.00000000000000000
   6.6688929057623654E-008  -1.0000000000000000     
 F F F F F F F F F F F F F F F F F F F F F F F F F F F F F F F F F F F F F F F F F F F F F F F F F F F F F F F F F F F F F F F F F F F F F F F F F F F F F F F F F F F F F F F F F F F F F F F F F F F F F F F F F F F F F F F F F F F F F F F F F F F F F F F F
  <DiscreteSampler_grid>
  grouped_processes
  1 # 1 for a reference and 2 for a running grid.
  10 # Attribute 'min_bin_probing_points' of the grid.
  1 # Attribute 'grid_mode' of the grid. 1=='default',2=='initialization'
  0.0000000000000000 # Attribute 'small_contrib_threshold' of the grid.
  0.5000000000000000 # Attribute 'damping_power' of the grid.
 # binID   n_entries weight   weight_sqr   abs_weight
    10   10   3.898638027128686E+004   6.805067090662035E+009   3.898638027128686E+004
  </DiscreteSampler_grid>
