  0.00238998289175347  0.01633371443367541  0.03010372129805356  0.04246014557490662
  0.05431613649985365  0.06598400820940356  0.07732780032972279  0.08860763791773831
  0.09992178896554395  0.11108672083328583  0.12209265199059982  0.13298247450849421
  0.14406600682716750  0.15516101228428125  0.16625379935700083  0.17728053817713421
  0.18824497547310773  0.19910009209581236  0.20993003056925086  0.22032360486525651
  0.23092857181749038  0.24173633747478548  0.25241672665020676  0.26283798482268311
  0.27329084227418182  0.28403999358258541  0.29463749012029528  0.30498293750677119
  0.31524706562533772  0.32565792826792844  0.33613850692678249  0.34661813590750024
  0.35711718426912697  0.36765894264074456  0.37832721179076317  0.38910174533444319
  0.39988650440971463  0.41063729053154918  0.42142894806952819  0.43225281444834041
  0.44298174752408748  0.45366811137077312  0.46433618788949016  0.47513015667343850
  0.48590950547855649  0.49666431345012607  0.50737997759828180  0.51786013390607422
  0.52841111687506626  0.53894010908592938  0.54951595228042271  0.55989640764082238
  0.57040562240857562  0.58115704476374630  0.59182655079484159  0.60242730985258786
  0.61289862489577740  0.62317334737513708  0.63359214783167506  0.64398878867196241
  0.65452462767821618  0.66490624778863783  0.67531695488531041  0.68580359860886664
  0.69619360128643326  0.70667540502167336  0.71717055262815965  0.72769219076228275
  0.73804814060255330  0.74838018441835308  0.75878250989101648  0.76937878439843532
  0.77970232165109743  0.78990753103693689  0.80022760035985363  0.81050926758415487
  0.82058022517411222  0.83056169163823290  0.84076711839292817  0.85110035242418725
  0.86138000541369131  0.87165254202948794  0.88193516487195744  0.89216219247525175
  0.90220877666294197  0.91227199669093750  0.92227042801612669  0.93219864643014727
  0.94189182386433734  0.95140639867285137  0.96075196514958194  0.96984690193165879
  0.97861781103970713  0.98672885407851574  0.99337943025862740  1.00000000000000000
  0.00256639573657235  0.01601591001197365  0.02951519939014764  0.04150782123648272
  0.05303263107677702  0.06422105026892411  0.07536125788038998  0.08650412047111268
  0.09769500262417809  0.10881914094538314  0.11986597762771883  0.13091956608299879
  0.14198899656208061  0.15313957173860951  0.16432179023718002  0.17545367653896782
  0.18643372198333380  0.19726772637228271  0.20803793683596303  0.21885113055743968
  0.22978778354867577  0.24076434560130658  0.25155702144542202  0.26221601244961584
  0.27287423489340140  0.28367052185369057  0.29444312456851446  0.30511709806209752
  0.31583772155519962  0.32665431374878329  0.33752863721955390  0.34825305540966150
  0.35878926406820372  0.36925984733822398  0.37974517283299575  0.39028675418730069
  0.40088490066406179  0.41157633076911199  0.42219776461741571  0.43271177547626338
  0.44321653576301984  0.45381805298896366  0.46431393326969794  0.47472808065626459
  0.48515221925751334  0.49560613448359553  0.50591638206559331  0.51615330401150250
  0.52647356731605566  0.53694215365754394  0.54749957596978183  0.55812940608927619
  0.56879096905521209  0.57934618323762366  0.58979245757159915  0.60021277959377428
  0.61069856525420951  0.62120233682010417  0.63161767251820788  0.64194012343612095
  0.65226923521058189  0.66267106255041142  0.67311392955968330  0.68362275779887050
  0.69418914202941795  0.70469585395795020  0.71511167311422674  0.72545810304067493
  0.73583850341727375  0.74627390793781889  0.75674243841776234  0.76722612595028128
  0.77762594927817164  0.78800462745427657  0.79835218585165835  0.80873187381092193
  0.81904812911533220  0.82926069664272839  0.83936951396434123  0.84947025222799422
  0.85960167648870667  0.86977253572668323  0.87986784690134345  0.88986834204299059
  0.89979982893649402  0.90964578297884180  0.91939605637131050  0.92908056412027418
  0.93868464422690712  0.94832774819893872  0.95785355920692139  0.96726089367642420
  0.97623542936103125  0.98474721559960265  0.99355739928945774  1.00000000000000000
  0.00712650755808077  0.00865701386119829  0.00974623350742619  0.01082877399194798
  0.01193937811856309  0.01307812342378351  0.01423883729611918  0.01540861060809164
  0.01659544703428068  0.01779195854001264  0.01900654757265394  0.02025799018344505
  0.02154452118192431  0.02282387431206401  0.02408149496278520  0.02528323356722339
  0.02634719980672310  0.02734903099221641  0.02849278978827471  0.02973632949021578
  0.03099703203507924  0.03227933045968900  0.03359110080730111  0.03493408694475415
  0.03630456628671905  0.03770135433533785  0.03912761388933596  0.04059470570837956
  0.04210874371526914  0.04366876094994148  0.04527190888270132  0.04692045273620762
  0.04862475213911646  0.05040069225372676  0.05225735821610231  0.05418612188225589
  0.05617149880128582  0.05820870886750945  0.06031516003499449  0.06250849436562635
  0.06477858203335810  0.06713991585984905  0.06959356724059891  0.07214502638273099
  0.07477981482491887  0.07748334526875748  0.08028069129756411  0.08319277133703792
  0.08622387303822823  0.08937571650521249  0.09264127111430108  0.09602856661701510
  0.09953068234967481  0.10314192403202455  0.10689877445019899  0.11081496719763931
  0.11492128382405911  0.11921629600096854  0.12371423965443101  0.12843370726286543
  0.13338854047955923  0.13859930983533483  0.14405157141933086  0.14977495807940580
  0.15581026185843938  0.16216004046966531  0.16884226703317806  0.17587015119483157
  0.18324620167189787  0.19100028254174906  0.19914201994203401  0.20774921476423708
  0.21682949117796921  0.22646124104082949  0.23670921652448368  0.24760230971657832
  0.25921084054809462  0.27157141497901988  0.28473822775699620  0.29882622402543779
  0.31405889935240811  0.33047833304263935  0.34815764898920437  0.36738534280405249
  0.38830784265434692  0.41121532122265075  0.43688478840004130  0.46573075075901177
  0.49814716161665917  0.53536430835331705  0.57978061411508375  0.63455075218836543
  0.71223742773891174  0.81591864506336143  0.86164504984658508  1.00000000000000000
 -0.00111003808705759  0.00415152553288218  0.00947746164315990  0.01475708116388450
  0.02006525026671331  0.02538385581681215  0.03073883418505132  0.03615062922055207
  0.04159836853676172  0.04706053778044623  0.05257266747205196  0.05816329727459320
  0.06380204397292057  0.06944404380829708  0.07508137863127848  0.08070701645600425
  0.08635053276689578  0.09207016436534222  0.09785481103071911  0.10368768434547174
  0.10953967952113286  0.11538646221205752  0.12125237960062361  0.12717143787188870
  0.13316775957568655  0.13925441320480955  0.14541547548852560  0.15163347073323488
  0.15788917194258698  0.16419300532044048  0.17059577736919262  0.17706794266539999
  0.18354493084229201  0.19002341068599232  0.19656335772948130  0.20319036148011421
  0.20991202679521778  0.21672589386224209  0.22361901991461550  0.23061439313435528
  0.23773737242298756  0.24492482329633336  0.25216658142632459  0.25951207938090198
  0.26693005961268818  0.27437447276337912  0.28182972830958464  0.28933219675786415
  0.29690270904091576  0.30459241088172168  0.31238303088646113  0.32026486779959035
  0.32820990159214430  0.33636237178080131  0.34478052286587624  0.35331099375386898
  0.36193095524951052  0.37083787965767417  0.37965771614438720  0.38845126442504718
  0.39738236907908220  0.40646499332111946  0.41574936712408161  0.42519214951267448
  0.43482620942322014  0.44476852650839133  0.45480845384530888  0.46491088281468457
  0.47515293253088414  0.48561752974526912  0.49640274948865803  0.50759442610899297
  0.51911627555276907  0.53082100343171745  0.54270004524421456  0.55467842879592744
  0.56678200432726822  0.57912378457422775  0.59235370297584067  0.60600581811039089
  0.61998400717381918  0.63420072651098502  0.64900194476363016  0.66439268451201949
  0.68034679131114828  0.69699750004520478  0.71458358846028824  0.73315966187509152
  0.75315907205071408  0.77484264298576366  0.79859444325254436  0.82487929697450535
  0.85416044582633599  0.88822149486699065  0.93374391772340337  1.00000000000000000
 -0.00233921572573869  0.00916328829310880  0.01918253937842971  0.02987552727856411
  0.04025602900982277  0.05094403978238318  0.06180727159608954  0.07244762430308331
  0.08304832007358560  0.09366384878920665  0.10432859894989434  0.11486916668683991
  0.12527445355164885  0.13575290074562502  0.14617607649857137  0.15666493133288234
  0.16715200122106874  0.17772146521902529  0.18828482812597469  0.19870926217612514
  0.20910417026912867  0.21959735972649624  0.23018536858076796  0.24056327320164234
  0.25093462287322921  0.26121002926273174  0.27162889570591686  0.28207725120252175
  0.29232599027080208  0.30313000444155219  0.31361305976507747  0.32445337186711543
  0.33494016940951254  0.34561118204751601  0.35603362958610330  0.36683956285173769
  0.37764671282067169  0.38842114169872222  0.39904538117374083  0.40956442108336710
  0.42020563534772570  0.43095049009481612  0.44155815943261773  0.45207918235689148
  0.46249706839877741  0.47289229477693545  0.48328893307233195  0.49365575064573941
  0.50421841835085079  0.51452297297530492  0.52499732277075672  0.53555802840569722
  0.54631813781014293  0.55667993977450547  0.56706321088517397  0.57736694381508469
  0.58788107436192172  0.59835654654585424  0.60890218396420770  0.61943284182063396
  0.63005574235668260  0.64077073674058882  0.65148019915502320  0.66222918787587126
  0.67270620517588620  0.68309800267060716  0.69355236135963250  0.70397094456710663
  0.71448631004612106  0.72500161152481857  0.73565167773968665  0.74641332311776276
  0.75700914981026546  0.76776341018966832  0.77844468852252724  0.78912739618357886
  0.79958596130242143  0.80998175189642330  0.82034097296407649  0.83094507978715038
  0.84127840697737211  0.85156651439559561  0.86184717264327615  0.87225199333562475
  0.88262167625746535  0.89312741292406117  0.90383993274783736  0.91459000908593702
  0.92535081422988785  0.93593669650157962  0.94676618481266084  0.95770616985711632
  0.96826844639310594  0.97895969116401194  0.98940631343018748  1.00000000000000000
 -0.01405014417922813  0.06323808413448676  0.10911578931853833  0.14436585079842620
  0.17422168775905889  0.20053338489594272  0.22394150259801382  0.24525278368538744
  0.26532856873278760  0.28455216189042115  0.30238222874658438  0.31903132294412312
  0.33506399240216606  0.35052211592475391  0.36547576106324520  0.37986710709767635
  0.39385135485780942  0.40740449203895485  0.42061951760000044  0.43335884091537041
  0.44594106285949114  0.45807964737435786  0.46973909434783245  0.48101481596068119
  0.49207492599422586  0.50303514884539802  0.51370785198650726  0.52408417471835844
  0.53402467993031677  0.54390445654565900  0.55375563235722625  0.56352016303919883
  0.57306158916063843  0.58241441939350413  0.59168997460915118  0.60093756762938433
  0.60998102027827006  0.61879681196094072  0.62748298969061866  0.63604561979923269
  0.64439513707185458  0.65252048360034143  0.66046006408651814  0.66841265226044966
  0.67638431436031787  0.68429668503630825  0.69212738276467989  0.69982500461193886
  0.70736535108155518  0.71487855273635215  0.72238779284825572  0.72979618773378840
  0.73722778934454325  0.74455491365339865  0.75174863554699067  0.75881389892845064
  0.76584410215691812  0.77284886138223119  0.77981397680057363  0.78668202455931913
  0.79341505234652587  0.80002321818683997  0.80657240923422369  0.81311549875950528
  0.81963382246528715  0.82618103498828810  0.83264293080336416  0.83899355385594898
  0.84531882970943018  0.85159120589995863  0.85782584491581881  0.86400255830969397
  0.87013000085849213  0.87621768986290716  0.88224799343768956  0.88822076630920888
  0.89415139413213096  0.90008393305090451  0.90604535954448184  0.91200724006393863
  0.91792679363953233  0.92377316175675572  0.92954768534652199  0.93525029563155171
  0.94087225012406728  0.94642335757453855  0.95193871935464824  0.95740034463690649
  0.96279789043508734  0.96817149388020540  0.97350853247431324  0.97881481369573620
  0.98411483865079641  0.98938779672548549  0.99468099544531152  1.00000000000000000
 -0.00224391307739099  0.00901010126653016  0.01863615412646966  0.02911371260658802
  0.03945597018984819  0.04993201406619846  0.06033380012886645  0.07091857996176826
  0.08148600395984287  0.09198261343364056  0.10274906208771227  0.11338151397536236
  0.12402773125234039  0.13451125228844554  0.14522141198948668  0.15582601438097363
  0.16663332682605311  0.17740058843831133  0.18812235781538242  0.19824669271760653
  0.20855600021882092  0.21880999888347452  0.22914834421438876  0.23943984678895011
  0.24988509026948189  0.26044695855145195  0.27096691735166911  0.28142378619916147
  0.29204579712076317  0.30266815657995016  0.31316202186123865  0.32393873386084893
  0.33483448759185752  0.34564326930631795  0.35650144734322409  0.36691996127670101
  0.37734123182825502  0.38761300238244001  0.39798237861619440  0.40861182517493272
  0.41916093853529385  0.42986696993215823  0.44034661593628299  0.45083652162412297
  0.46136847382617080  0.47181935738430125  0.48244112075757289  0.49295921264638970
  0.50374179795447271  0.51417972034852166  0.52475665753495659  0.53530167618959390
  0.54580894151198256  0.55620611924805852  0.56654315811371536  0.57717236103891600
  0.58781743079036752  0.59847534512770462  0.60900445668394410  0.61951200523567673
  0.63004024685445159  0.64053345126106453  0.65102364991978734  0.66167309396710472
  0.67221328373920386  0.68265087396047985  0.69299200363650981  0.70334617941737076
  0.71367609447477587  0.72415263453288203  0.73471386235476066  0.74547693092126954
  0.75616848737830478  0.76695073097356981  0.77777917295986276  0.78849721432097852
  0.79911165895911163  0.80971368874719474  0.82043783973292483  0.83121267337770510
  0.84178252831384970  0.85220031174526101  0.86276292938507793  0.87343909389598984
  0.88420026700108734  0.89466776572989848  0.90525135091271181  0.91574547536414652
  0.92615177191374765  0.93683843503413711  0.94734967566590422  0.95796281430504626
  0.96869487898381412  0.97910586119551080  0.98968648179372887  1.00000000000000000
 -0.00229550088419376  0.00904467839324470  0.01889831889834694  0.02971419836415088
  0.04033952157747225  0.05116537004205825  0.06210224854213643  0.07269867008292455
  0.08359541398422438  0.09438911085952675  0.10516435656599925  0.11555068018547268
  0.12595718875883810  0.13636776301144440  0.14671236131224366  0.15712622002422741
  0.16759629727801195  0.17814933260669924  0.18886581190589630  0.19883938442960616
  0.20922160274150739  0.21938716795919230  0.22950294022442258  0.23965063883272272
  0.24978508033940877  0.26032934814940917  0.27096999754166251  0.28153752821596062
  0.29223111173852184  0.30279172417162753  0.31351234841817910  0.32418550319834399
  0.33502421292099344  0.34568347525681137  0.35639506229493090  0.36715502979265724
  0.37786104627980677  0.38862869779346515  0.39932713152107208  0.41003576588049739
  0.42074338510839399  0.43124736541395203  0.44164295799551073  0.45193259112867112
  0.46229059550650931  0.47268404798844288  0.48327914330919325  0.49387341587324673
  0.50460867174289625  0.51537637644747525  0.52618191567181616  0.53716423616306685
  0.54765935448682057  0.55827371037333062  0.56879678077304796  0.57929187936779869
  0.58996296526094727  0.60043969485874371  0.61110803485821508  0.62159842990558201
  0.63201112502189627  0.64228268360849783  0.65277497931481432  0.66302608836218790
  0.67343830469221100  0.68363742254271598  0.69452072168355705  0.70512092580273211
  0.71584346302222757  0.72645117970773543  0.73700849442133121  0.74779754276390853
  0.75800048417053512  0.76843899185039388  0.77887958243459632  0.78928089886133501
  0.79966801977388180  0.80985879255718651  0.82028918845002352  0.83082487104803149
  0.84138740043726246  0.85189180954442223  0.86265216087894125  0.87306143016285209
  0.88365514324604244  0.89448317702152202  0.90490188650330672  0.91543540365035603
  0.92569658856067538  0.93605167522353017  0.94649987595051011  0.95699788408548125
  0.96771684677761394  0.97835422380885628  0.98907138345223278  1.00000000000000000
   6.6574191483120676E-008  -1.0000000000000000     
 F F F F F F F F F F F F F F F F F F F F F F F F F F F F F F F F F F F F F F F F F F F F F F F F F F F F F F F F F F F F F F F F F F F F F F F F F F F F F F F F F F F F F F F F F F F F F F F F F F F F F F F F F F F F F F F F F F F F F F F F F F F F F F F F
  <DiscreteSampler_grid>
  grouped_processes
  1 # 1 for a reference and 2 for a running grid.
  10 # Attribute 'min_bin_probing_points' of the grid.
  1 # Attribute 'grid_mode' of the grid. 1=='default',2=='initialization'
  0.0000000000000000 # Attribute 'small_contrib_threshold' of the grid.
  0.5000000000000000 # Attribute 'damping_power' of the grid.
 # binID   n_entries weight   weight_sqr   abs_weight
    10   10   5.854733662946404E+004   1.821211616022286E+010   5.854733662946404E+004
  </DiscreteSampler_grid>
