  0.00255958790063933  0.01576921340524851  0.02952911704366350  0.04186822786689103
  0.05366675369370236  0.06502564206466172  0.07604058863637694  0.08722512153463644
  0.09827453783749833  0.10938753868026803  0.12041444528064477  0.13141468119274879
  0.14241466052739596  0.15328082350705852  0.16401192791259833  0.17475649304565360
  0.18562929876588199  0.19673519593993050  0.20780827408662955  0.21875000200510039
  0.22942976640043403  0.24005186855604213  0.25067502327140295  0.26141445558185150
  0.27217189224760707  0.28291406503808675  0.29363112980664924  0.30425632339551428
  0.31472855488760015  0.32522753682455630  0.33581104450369142  0.34653398471261904
  0.35703577930366542  0.36738461752105395  0.37786227868979871  0.38850533635243423
  0.39919350260632563  0.40973508571925776  0.42026186766360291  0.43088595703215371
  0.44156841184171691  0.45223044260869266  0.46278422461738999  0.47327232048854895
  0.48369755914388429  0.49404906832661089  0.50425662965421369  0.51448177403670925
  0.52486009917994048  0.53533053359286120  0.54572386609682633  0.55608831068802134
  0.56647994523828216  0.57681362413499893  0.58705809311961943  0.59731750529077854
  0.60765819215899186  0.61803084837941602  0.62842603843689004  0.63893123927993267
  0.64952084205671401  0.66010470140703748  0.67061742062859619  0.68108620934608999
  0.69151804778983528  0.70189292858174357  0.71216833145022962  0.72226289056084569
  0.73228786468877405  0.74233881865247175  0.75245560772809217  0.76257342642224424
  0.77273003829183251  0.78299756754512906  0.79331104586713541  0.80352431486477494
  0.81366085523973419  0.82377585162369060  0.83390045074697716  0.84397170411491840
  0.85399313531250798  0.86403120294296143  0.87418728321319916  0.88446925216029204
  0.89469963666791519  0.90471126392803425  0.91450643586898395  0.92427762823489124
  0.93414407551887568  0.94396379991999835  0.95360961619199081  0.96294072958969146
  0.97188420079013949  0.98018466641946422  0.98850374299320654  1.00000000000000000
  0.00231979457880447  0.01631604619129134  0.03022377384270312  0.04248690084767152
  0.05404550020619781  0.06535729979690842  0.07656619548641752  0.08784417190140549
  0.09901350817252492  0.11008272829777195  0.12109324892875853  0.13216013659916909
  0.14321026986199711  0.15418065663479130  0.16487311558066597  0.17559156214171776
  0.18605618123017001  0.19656525315571668  0.20703221036774266  0.21769883478990010
  0.22847935195286270  0.23930855154645778  0.25021836310169027  0.26104151163389333
  0.27181122845126793  0.28249018935555076  0.29322012596035141  0.30404979834655338
  0.31475012643396050  0.32529417688281065  0.33586859837353267  0.34639723293256031
  0.35697532379374985  0.36740410699382281  0.37800617325331254  0.38856619439549644
  0.39914238308713312  0.40956364691192626  0.42002064943423534  0.43069092259357894
  0.44137036008621594  0.45185214376735261  0.46220864719868698  0.47257756349224056
  0.48287728684451192  0.49310290766850828  0.50342736932167864  0.51391818095198905
  0.52436210025397378  0.53469199258583178  0.54498823598918056  0.55531415135291207
  0.56573915266564800  0.57627748018015190  0.58690287307735678  0.59752364952415649
  0.60803276328177824  0.61844875506869368  0.62883046929404929  0.63917396794956061
  0.64947604497200928  0.65962216498231463  0.66973011737786792  0.67991886005170721
  0.69017756090119509  0.70047259846418075  0.71070001949242034  0.72098435509088610
  0.73130296634611147  0.74162646759223583  0.75198553861334894  0.76226876315701275
  0.77251273157823541  0.78270222050628779  0.79280206140689302  0.80286293520442498
  0.81294933436953654  0.82311726802355234  0.83330938166167157  0.84348745557290861
  0.85368071659472178  0.86384903889562148  0.87395790386796623  0.88397996578438276
  0.89399413812533324  0.90395470284817980  0.91384383643038047  0.92367608338324392
  0.93345949868884792  0.94313860429984009  0.95263745140276945  0.96191703382912697
  0.97091963021676464  0.97929973595188491  0.98752355690191329  1.00000000000000000
  0.00608902349441472  0.00762287141425573  0.00887148457003131  0.01007568065097425
  0.01123406399465356  0.01236526389743711  0.01353627996828983  0.01474903742240302
  0.01594939964708545  0.01714554290603486  0.01835691561281045  0.01959067605659525
  0.02085542312300527  0.02216038508617964  0.02352016928600563  0.02486803331675415
  0.02594454821478471  0.02688630370214121  0.02797416137271931  0.02919421220394901
  0.03043847254085011  0.03170276990746573  0.03299186265797623  0.03430434628503039
  0.03564611157765723  0.03701182733601256  0.03840965638272700  0.03984024238544681
  0.04132567446330614  0.04286519009888682  0.04444903030848521  0.04607044141546432
  0.04774294310158818  0.04948035468387394  0.05128257826641968  0.05314605302957238
  0.05507087848320221  0.05705260424023399  0.05909989569203298  0.06122334574866618
  0.06343775824640098  0.06574187109460414  0.06811895603138095  0.07057241053764712
  0.07310963314295739  0.07575358337256738  0.07850868940251314  0.08137574497791068
  0.08433650792684250  0.08738233311936079  0.09052575796238643  0.09377107099491712
  0.09717248655684854  0.10076059907426436  0.10451403788830844  0.10838819217469461
  0.11239738516487553  0.11661497252195259  0.12105938897712884  0.12570456029122315
  0.13054303994061991  0.13562794130132044  0.14099199020705291  0.14662869732862346
  0.15247844237087727  0.15853422804195277  0.16489072962083298  0.17156846036554108
  0.17854542999125936  0.18590301208356111  0.19371901433935407  0.20205579228411424
  0.21083471154705691  0.22008515542251780  0.22989416736718873  0.24034821903065132
  0.25155525373628357  0.26343746110429311  0.27596294815482775  0.28930234067353094
  0.30376751979294370  0.31950270311622075  0.33639767343970173  0.35447648887611261
  0.37395409913525507  0.39523163740271267  0.41873807703878518  0.44506413060093275
  0.47470977333003389  0.50840156282130899  0.54744981404563553  0.59407301042888905
  0.65275299733298187  0.74194584938067920  0.84864802923623150  1.00000000000000000
 -0.00104596288095417  0.00395559804334443  0.00922363194712177  0.01449608583552159
  0.01982165459925973  0.02514270989662237  0.03046330413272882  0.03578476622098548
  0.04111226625783661  0.04645541288309437  0.05181593353972460  0.05720698849371060
  0.06269174281329620  0.06834001326259058  0.07411126250332302  0.07993949181166660
  0.08579544018077649  0.09167526161163976  0.09757996389586744  0.10353143194756907
  0.10954166348246325  0.11556404632812933  0.12157235920745275  0.12758750032029878
  0.13364529491865754  0.13982095255996860  0.14607761835602615  0.15230094666351590
  0.15853387994223697  0.16483480253391530  0.17128103805417649  0.17784179513984283
  0.18444502764532569  0.19102744809110536  0.19758359643671622  0.20418139691696988
  0.21091656565158845  0.21783445993610392  0.22487333085054270  0.23191887638289682
  0.23899007545832948  0.24605645530238723  0.25320194197194335  0.26043618799943441
  0.26781132163476917  0.27528343123089377  0.28275282980961786  0.29022257355661135
  0.29789412917988262  0.30574034559946928  0.31369336962380201  0.32168242525825741
  0.32972299423093671  0.33790046957342257  0.34614406247173607  0.35440554017362802
  0.36276542702623799  0.37127701322857198  0.37999938527028260  0.38888996828807787
  0.39786752365814620  0.40687572488596468  0.41606711343148201  0.42554363014158819
  0.43523506751414837  0.44504846731229036  0.45503902794751350  0.46524150005933057
  0.47560958494034089  0.48616544791450533  0.49702803298857590  0.50817489281753481
  0.51940838113583532  0.53070136137837276  0.54220548422291914  0.55409150200674318
  0.56628000308557247  0.57889416478109945  0.59170862672631941  0.60485428616959225
  0.61839134298169574  0.63239088494690432  0.64702953342859448  0.66255410751001798
  0.67890605441588181  0.69587919098257667  0.71364353007656889  0.73251620552872143
  0.75279575156604128  0.77462161494640025  0.79830413562546843  0.82430411667708325
  0.85333446868509255  0.88766112261952512  0.93360395929132611  1.00000000000000000
 -0.00231854756354841  0.00906092758450814  0.01936349516894479  0.02982380334651536
  0.04038358696400461  0.05072195587340965  0.06127834559276887  0.07167881608884312
  0.08217022364692306  0.09247314857079345  0.10299000404357879  0.11336002792957946
  0.12369712360886641  0.13381554860242537  0.14410499227571502  0.15456603915295614
  0.16509216964614951  0.17571878035914085  0.18653880543052026  0.19723594550357271
  0.20784537078735926  0.21822756051341688  0.22867680615524727  0.23918592593294155
  0.24958879469155920  0.26013927241992990  0.27058091995655170  0.28092259254412466
  0.29136185329963393  0.30191104864029344  0.31259269847372728  0.32300443503430287
  0.33365237371433104  0.34438854207003572  0.35502126648590943  0.36554027222732610
  0.37600461533564195  0.38663653011462457  0.39725167478559692  0.40796392790145997
  0.41858902657117136  0.42923375809125819  0.43964386478608819  0.45036355656013027
  0.46107311032121417  0.47170213060149402  0.48212597059196255  0.49261289090820809
  0.50316307040838160  0.51384602502768861  0.52439298400055068  0.53515845482880486
  0.54576048201987859  0.55634542165569467  0.56677539514898823  0.57721168459652328
  0.58786317109321395  0.59841291102705585  0.60891057811024052  0.61944513526406053
  0.63005140723305164  0.64078276271474166  0.65160000880749092  0.66247522801841541
  0.67324242263146927  0.68397146297768885  0.69450861773294048  0.70498034378430807
  0.71533066636134801  0.72589914829625868  0.73642525773180523  0.74696243720284194
  0.75739151949977801  0.76796770787069102  0.77841049101988447  0.78892913335438286
  0.79950278705608513  0.80977102196446593  0.82017782928552763  0.83047834600302473
  0.84120937494760095  0.85180006009189269  0.86240895979808274  0.87308964368624842
  0.88358300650746679  0.89405169743132373  0.90445372529380663  0.91501479245245521
  0.92548834570595528  0.93619559976465272  0.94693223354551870  0.95761950190684619
  0.96834377666187066  0.97901448660485879  0.98962023950656575  1.00000000000000000
 -0.01423539177803039  0.06380288624446442  0.10975270210498600  0.14519834319632999
  0.17468085833538324  0.20046521112251542  0.22372319563701104  0.24501107515262466
  0.26499604462374438  0.28398307306112441  0.30184878830089479  0.31874273549077276
  0.33493121119312252  0.35045252520277448  0.36536715479047166  0.37992139737831659
  0.39383232525909356  0.40724325765407082  0.42023171282188287  0.43294795549943410
  0.44532532906826883  0.45736602517696484  0.46910782757782737  0.48048712231386392
  0.49164263427651639  0.50257879687174400  0.51333937071103808  0.52381836767242607
  0.53406428532731853  0.54410861401837618  0.55397400221009030  0.56371561882463950
  0.57330963492664189  0.58266544426389077  0.59173463101693768  0.60068457873347236
  0.60962278626858890  0.61850170009083594  0.62721132838181393  0.63569053210706283
  0.64415056630027434  0.65258936055988415  0.66093975003631233  0.66916443611901566
  0.67730665994766714  0.68533763345166399  0.69328361343760769  0.70112273046034390
  0.70886929239879026  0.71652923494507559  0.72401822146635675  0.73133602195445979
  0.73849006014820573  0.74558307776598132  0.75260284801455457  0.75944389500304421
  0.76631708825406397  0.77313516140241956  0.77993870609123928  0.78658313051286222
  0.79320636657531773  0.79989061722203469  0.80652921261205524  0.81315873406582795
  0.81967084726503747  0.82610495127414485  0.83247914779847021  0.83886991026021507
  0.84526818240605739  0.85159788123666791  0.85782891807412276  0.86398778697986012
  0.87009388216357131  0.87619800905162815  0.88233706951255486  0.88844889241434410
  0.89445718425518161  0.90033029780328422  0.90609217469893322  0.91181979826192705
  0.91756064669650772  0.92331595592107996  0.92907792641802311  0.93480558822404025
  0.94044708339843952  0.94601709438278203  0.95154014491296546  0.95703234195311515
  0.96250171388392591  0.96793018546671927  0.97331229045680356  0.97865732395863969
  0.98399748363647399  0.98934036778383383  0.99468091790307245  1.00000000000000000
 -0.00236623880874462  0.00936496631161808  0.01946878432348610  0.03001522682411598
  0.04060920088013151  0.05101973244245617  0.06150913499888420  0.07194281706829103
  0.08236727564255444  0.09275779252681032  0.10311956285368304  0.11370189314027344
  0.12413715277607219  0.13456296614671354  0.14494594750246717  0.15558505766824837
  0.16642334515709414  0.17711938628710777  0.18766774032596178  0.19810071339192062
  0.20855349586951138  0.21903185148755036  0.22947609177674427  0.23987379495228428
  0.25037779299248708  0.26108532051542255  0.27194010498328502  0.28255993537036345
  0.29293828076163148  0.30329214234178098  0.31370240397679355  0.32442849942510288
  0.33508009038844955  0.34601106914091989  0.35671001738787539  0.36757715652753004
  0.37823701230179241  0.38864506846627139  0.39909265370177349  0.40955514885704047
  0.42013136358066649  0.43063506993292155  0.44125737005308519  0.45198604511882962
  0.46275919896462381  0.47352710516711838  0.48409289807299960  0.49460495577982971
  0.50499417132630497  0.51550709989905408  0.52617066212852548  0.53698400544812663
  0.54777017556812213  0.55836324052313746  0.56895221124095896  0.57954315824630898
  0.59028094252292229  0.60111514121970300  0.61189324965177738  0.62267419523755307
  0.63323552371106862  0.64387435014673455  0.65417571870448499  0.66455894515557334
  0.67495401791402199  0.68540523293888955  0.69578589708766125  0.70624506926419695
  0.71680936642585213  0.72741285136713330  0.73785319469806143  0.74836646439814403
  0.75904239448168553  0.76967488126274897  0.78027831254271118  0.79078058664477335
  0.80126597564293678  0.81184206990534669  0.82218556218528593  0.83264673891877328
  0.84317198419687456  0.85377493237860191  0.86430425112058640  0.87475772499032600
  0.88519969380595132  0.89573886278178927  0.90623157043047475  0.91700659901350279
  0.92723584664301439  0.93769224234931070  0.94796388558078548  0.95830634452412167
  0.96863536736461175  0.97867224262526697  0.98953047157319207  1.00000000000000000
 -0.00227500566179916  0.00898677383816655  0.01934875073941260  0.03015206781358214
  0.04095800861246533  0.05189781824055817  0.06271004476555475  0.07326006615383852
  0.08375079965642872  0.09414144268431454  0.10464925146083441  0.11507001544388182
  0.12559202135818148  0.13623100330567695  0.14676011883623322  0.15730951975806032
  0.16785167842828122  0.17851293181221295  0.18899394341367770  0.19925537559806500
  0.20946119771404828  0.21975603010818462  0.23014404407706959  0.24063064596193562
  0.25114211338712733  0.26186865624736499  0.27252725619405027  0.28303425187558745
  0.29351559046881964  0.30406891939825798  0.31471761922422281  0.32524727528760322
  0.33577939906208171  0.34619764927342378  0.35672058779682131  0.36714774905544501
  0.37767986755085198  0.38813955400521438  0.39859658998422970  0.40920865522931016
  0.41986532853181169  0.43066601495156620  0.44138648263207797  0.45202174383185090
  0.46260630800148367  0.47322814585096573  0.48389825396690150  0.49458562562101660
  0.50534677921552296  0.51603941393765462  0.52675148489656531  0.53732721487023949
  0.54782253928062907  0.55829242413557922  0.56881962892360971  0.57943764398473208
  0.59006627024380875  0.60063982901973312  0.61116883932014698  0.62178786015531728
  0.63248399941979550  0.64317647012075851  0.65376591047771249  0.66434058876949942
  0.67488412208217075  0.68537128145927551  0.69584550695631198  0.70631482857778982
  0.71673215926805189  0.72713939992906229  0.73758086661964373  0.74802725737833609
  0.75840341393384769  0.76880130235676114  0.77947777333067514  0.79023618716298916
  0.80101632050118099  0.81153697138949921  0.82188115646363058  0.83212954790268689
  0.84238668183513132  0.85272566963665464  0.86325875697021281  0.87381523102005498
  0.88443616060810792  0.89508454794250691  0.90565289129995374  0.91612572882165211
  0.92661318965554063  0.93703066191592099  0.94763206295746083  0.95805351994359877
  0.96864219522781125  0.97918863517946475  0.98961458936603142  1.00000000000000000
   6.6671100872419392E-008  -1.0000000000000000     
 F F F F F F F F F F F F F F F F F F F F F F F F F F F F F F F F F F F F F F F F F F F F F F F F F F F F F F F F F F F F F F F F F F F F F F F F F F F F F F F F F F F F F F F F F F F F F F F F F F F F F F F F F F F F F F F F F F F F F F F F F F F F F F F F
  <DiscreteSampler_grid>
  grouped_processes
  1 # 1 for a reference and 2 for a running grid.
  10 # Attribute 'min_bin_probing_points' of the grid.
  1 # Attribute 'grid_mode' of the grid. 1=='default',2=='initialization'
  0.0000000000000000 # Attribute 'small_contrib_threshold' of the grid.
  0.5000000000000000 # Attribute 'damping_power' of the grid.
 # binID   n_entries weight   weight_sqr   abs_weight
    10   10   5.049828253819425E+004   1.738259956265841E+010   5.049828253819425E+004
  </DiscreteSampler_grid>
