  0.00241690884424493  0.01696670096437528  0.03101592337354767  0.04391858191561400
  0.05583421960687324  0.06788586202066933  0.07932130950466225  0.09119636534048510
  0.10272299161750872  0.11386641530659664  0.12473561456235031  0.13577406822584906
  0.14687340222199879  0.15781420175701019  0.16864680657889086  0.17941043631727552
  0.19012253857748052  0.20083661667852593  0.21132267145622854  0.22176388505587066
  0.23232456228583850  0.24290943424087716  0.25337195359773368  0.26390440540869137
  0.27465062606565938  0.28547956523572965  0.29608087980613085  0.30656443993472193
  0.31721830717184524  0.32795145411325416  0.33859943079797089  0.34921146824694665
  0.35987708379556188  0.37065053127251679  0.38133455426240281  0.39190513459412518
  0.40220446125329617  0.41227745953626305  0.42245244773643775  0.43298156985138203
  0.44382074187285964  0.45481928388931164  0.46593904094938526  0.47706308033971490
  0.48810748231521667  0.49884946132620656  0.50933510005879223  0.51974108477349623
  0.53015658458912074  0.54062666642421164  0.55108972897577202  0.56160162749546738
  0.57220349010304106  0.58299383097870838  0.59395502808897771  0.60500781694017514
  0.61589024310334739  0.62649743859140716  0.63696947072548105  0.64745570194714497
  0.65821736483368631  0.66909066842387732  0.67978412744416028  0.69024662292872407
  0.70046590831784050  0.71041219990382920  0.72026446997372873  0.73028653202953231
  0.74067044815058947  0.75116592674372062  0.76164406720232314  0.77200127081979286
  0.78225148117288834  0.79244296267194003  0.80266105136065735  0.81283909190658177
  0.82307490342410494  0.83338026388748399  0.84382352983273012  0.85426046106141373
  0.86454345423194667  0.87464375812278328  0.88453787222984370  0.89426713725360307
  0.90394344950031547  0.91362691567805054  0.92343151193733120  0.93325941144732305
  0.94292767202970251  0.95230897876071441  0.96142607265233859  0.97030306485717654
  0.97876882378799401  0.98644757845441799  0.99349675462139120  1.00000000000000000
  0.00234070883641760  0.01700672801172676  0.03114153568870512  0.04363017609206791
  0.05521971631166027  0.06626809893135995  0.07746333530307216  0.08879109242658954
  0.10025267042514970  0.11162805925771441  0.12287421975319796  0.13389576232113007
  0.14487028794613940  0.15562659447153576  0.16635117196220728  0.17687958008028057
  0.18720448443773008  0.19761091699915456  0.20791010412770125  0.21824282437450335
  0.22850661250472970  0.23880212862463288  0.24915792634533598  0.25949410827256991
  0.27004300687027688  0.28076169900743492  0.29178712257297795  0.30283675289637774
  0.31386218528971371  0.32469501846851651  0.33534014587315925  0.34600595589601507
  0.35646973698738726  0.36693747754253997  0.37728483397487056  0.38738915199761564
  0.39738661498977024  0.40759720785496567  0.41789166515060161  0.42886043582827044
  0.43945687062025923  0.45009110943973285  0.46073510056698308  0.47177761147517472
  0.48252690257120828  0.49273930316022346  0.50278623592587002  0.51310093240902377
  0.52346556454482396  0.53392034805389998  0.54437924191868625  0.55516690655185830
  0.56590382673613060  0.57646144135738708  0.58695614848895206  0.59778982217333876
  0.60859820646521134  0.61936675647671680  0.63005298664155751  0.64079929990419349
  0.65145203615102076  0.66201131563843663  0.67248438602976479  0.68299590435070934
  0.69334761493214481  0.70364568714204501  0.71374940480150584  0.72364043456883487
  0.73324862655574130  0.74277520724138835  0.75247348283266735  0.76243415934191416
  0.77248390898085706  0.78241450627634224  0.79227115317409325  0.80212286647829456
  0.81208138923968132  0.82227118240643782  0.83264607367751042  0.84292470965754640
  0.85290619011527868  0.86267267954693583  0.87255340635324019  0.88258116229975991
  0.89252169602828413  0.90232769407867575  0.91203782764494135  0.92171700600029494
  0.93143960239383805  0.94124765274567501  0.95109896478391109  0.96082216752228422
  0.97008531774481399  0.97846843267784289  0.98699876135558229  1.00000000000000000
 -0.01336567328201490  0.04355254785206408  0.08944318404048582  0.11993119638897994
  0.13620679553844947  0.14884254617077894  0.16132468377949247  0.17307090416360260
  0.18448263256033584  0.19648100408517549  0.20833311078714190  0.22024623467003562
  0.23173865930301296  0.24327640907891884  0.25477177239647253  0.26574878214315656
  0.27667923639564335  0.28776033640352761  0.29934348136997041  0.31054767785470899
  0.32136699625995718  0.33187401815751277  0.34258756946151220  0.35327441513928454
  0.36348801435848610  0.37335248883380856  0.38331297777707291  0.39337996760131716
  0.40338264916853728  0.41330870628732075  0.42336055140607859  0.43328264338118672
  0.44301265931610978  0.45268207009886507  0.46242628183605416  0.47218254160227202
  0.48164126766148918  0.49103075601079677  0.50022152282527632  0.50951939381841915
  0.51907250684420547  0.52871536618324266  0.53832352702064734  0.54761200962089285
  0.55655801645146485  0.56529728206754737  0.57414600332888166  0.58332972583332920
  0.59255570031652893  0.60153765452031971  0.61043072790895325  0.61918358070997925
  0.62794139098201962  0.63657779634348188  0.64539579483092202  0.65431010316422433
  0.66319750820943790  0.67207025037265611  0.68097986888585815  0.68980387245801156
  0.69852246447369815  0.70734468105554571  0.71631295493617508  0.72542473804427754
  0.73459799017713368  0.74363455398660194  0.75244719897465617  0.76114787042860421
  0.76967327290471710  0.77807269068746587  0.78630646871264376  0.79483461668042499
  0.80361928948210481  0.81261387434606458  0.82161032110105625  0.83051828235273295
  0.83922231553671900  0.84752416673559849  0.85569815743748023  0.86410184478658469
  0.87255957808442652  0.88115046785731366  0.88981602675095217  0.89846763892291259
  0.90702987720389194  0.91542859917891994  0.92373147451469795  0.93199597207692420
  0.94046724189545339  0.94909479448823564  0.95778523626463397  0.96644271566817297
  0.97496765145011943  0.98339618211186786  0.99170954483439167  1.00000000000000000
 -0.00241922234739691  0.00997174376749223  0.02037231385329711  0.03087314214335045
  0.04124341361105435  0.05163684841640619  0.06201068337487541  0.07243309453502232
  0.08295522091196883  0.09352892956481093  0.10407364388987679  0.11452973221056174
  0.12510068422433060  0.13553575441426619  0.14598608271452335  0.15639967189111495
  0.16719589753943773  0.17804006143042567  0.18857489199975541  0.19909979596102967
  0.20929005909993617  0.21983753356897479  0.23038206502487960  0.24103034164734813
  0.25165580256913839  0.26219850385609350  0.27271934818992438  0.28340740251400309
  0.29401244919366598  0.30462511215267241  0.31525472717877379  0.32593491605944397
  0.33676610851006983  0.34746992815713923  0.35859941389971345  0.36977529509641199
  0.38061617540053022  0.39136656570652606  0.40214922836603445  0.41285478779620244
  0.42341501453276709  0.43402267235380187  0.44487963862976126  0.45568867893057785
  0.46641608387205491  0.47707833872269340  0.48774450846067874  0.49824593230344155
  0.50860942619307492  0.51884876649595069  0.52907923853540861  0.53941546424328390
  0.54996775368151629  0.56056358976413934  0.57106216968965617  0.58149698067680189
  0.59205315503541833  0.60271521307957032  0.61320657871491868  0.62341515742094855
  0.63353529570217371  0.64387916646498133  0.65446589597819405  0.66474746492687387
  0.67491544434494610  0.68530493774818357  0.69595848539784300  0.70679946840313701
  0.71761759769892008  0.72828670057136924  0.73862342350389343  0.74873925760362203
  0.75900731156199130  0.76941365412349327  0.77995024087928910  0.79055546782350583
  0.80119163048546449  0.81141789920183205  0.82178677140764211  0.83215253977693504
  0.84275274158860369  0.85326440043225138  0.86424342436469459  0.87525736721151337
  0.88635472297889994  0.89723378375633744  0.90771638894372952  0.91804980981869189
  0.92822513932527839  0.93884901363903694  0.94911864231425902  0.95904670623986310
  0.96897715242753335  0.97876653209180553  0.98941194370745811  1.00000000000000000
 -0.00169383804186289  0.00648173962274557  0.01417912391448217  0.02189953240052906
  0.02959751862064700  0.03737158472903492  0.04525669664373194  0.05329748142000015
  0.06149071699519443  0.06974692551203321  0.07801864088366114  0.08626602196930287
  0.09439826162030246  0.10239967541887364  0.11025100593006883  0.11788994400244289
  0.12551483731692212  0.13314665202312859  0.14095303900904696  0.14861868705381237
  0.15616708892684222  0.16374259989395926  0.17181059581694094  0.18006800219264377
  0.18831530214624118  0.19637683743021003  0.20435762595724552  0.21235600449155792
  0.22039071795212428  0.22856200319304701  0.23673809670439566  0.24487426110914659
  0.25284445872231892  0.26079081722283459  0.26867596469961547  0.27658959448150067
  0.28456166291490498  0.29269376371171718  0.30114400680019049  0.30939009808271489
  0.31768650359828893  0.32615076803405230  0.33490367669830656  0.34378052830007094
  0.35251839249071526  0.36111550110008739  0.36979655007566148  0.37865861905129611
  0.38751909578891713  0.39627472450536239  0.40491204900424221  0.41377313052152132
  0.42284622626225515  0.43195204449315222  0.44114066057951562  0.45022030841056387
  0.45959585503963923  0.46901567174439679  0.47828247989134393  0.48742465191438100
  0.49668809804958486  0.50640201612946789  0.51648965008621017  0.52676919942087708
  0.53717293973104530  0.54753491626406181  0.55776830726309445  0.56794352933847103
  0.57831765122796752  0.58902612001159316  0.60004611087793180  0.61139011815194522
  0.62294845501588214  0.63454381597855658  0.64619402278087790  0.65804366708270601
  0.67019194250141023  0.68243959459592529  0.69450596292811473  0.70665945913091821
  0.71957714955604535  0.73305657570231908  0.74685363456388199  0.76093400836792058
  0.77542550162048840  0.79009811911109473  0.80552111291201545  0.82176544985103506
  0.83880925995188960  0.85612748921039084  0.87445930148248507  0.89469780776273988
  0.91653220897293886  0.93976807274638363  0.96722032908279432  1.00000000000000000
 -0.00241253960146565  0.00987206480139464  0.02008953422590614  0.03092150924575689
  0.04157555507401616  0.05199210626315273  0.06238048676330469  0.07256926475988357
  0.08278359482658512  0.09293773211373942  0.10318546182697341  0.11353156741847421
  0.12370544495366662  0.13430893645782094  0.14481482175697580  0.15571207396553255
  0.16671022007401845  0.17711500095501145  0.18737131490204051  0.19753420537684338
  0.20796887871030040  0.21867391490711952  0.22922323564009595  0.23979655863997087
  0.25032902328587725  0.26097758459955589  0.27163669756818404  0.28220821764953202
  0.29269898549050399  0.30331621047432156  0.31389763419394179  0.32449149003617994
  0.33500818935105336  0.34526945733933934  0.35556850212019370  0.36595724853448869
  0.37640977420710015  0.38707406403350575  0.39797611230778634  0.40905227750186623
  0.41997652721420881  0.43057731530660315  0.44117615447445607  0.45180024306308436
  0.46263410764646984  0.47354748476202346  0.48445506690909168  0.49527300590787571
  0.50608396514869558  0.51672451352104609  0.52726052831520420  0.53766103732504444
  0.54822251239168784  0.55888362067843778  0.56950560654152049  0.58011699981733356
  0.59060164474184318  0.60103137101398318  0.61127400306916146  0.62153882966854701
  0.63167286716549065  0.64207453967625117  0.65245480427123526  0.66301307978184942
  0.67324031266193751  0.68351152750426869  0.69387406561232068  0.70433684928698337
  0.71481594711863017  0.72538577767947487  0.73604696615418652  0.74683367612910279
  0.75766917092997899  0.76853757268431833  0.77902301450115219  0.78970652461952329
  0.80054864826057026  0.81168345434030176  0.82290877365858583  0.83362339147561038
  0.84408303199245471  0.85424307964009416  0.86450197262727257  0.87483978068076740
  0.88518914317281494  0.89557582477091402  0.90624400811764760  0.91676277527946670
  0.92752583626178198  0.93797437872950873  0.94824185716573384  0.95872992061403717
  0.96904030474141645  0.97977334358641188  0.98994254599272713  1.00000000000000000
 -0.02857771205092748  0.15567175949005338  0.21868160205433390  0.25767649556517735
  0.28747540853470960  0.31282971857217962  0.33562393022832981  0.35580182671354732
  0.37428014352517769  0.39119923811109475  0.40691014310910278  0.42193312455985899
  0.43616539729944803  0.44959077642865142  0.46229348764597911  0.47471851382813451
  0.48675490689070161  0.49826070403047956  0.50914910028885163  0.51970943615233145
  0.52988244531168927  0.53977497603840496  0.54932977665863580  0.55852610662908486
  0.56743100060843765  0.57590905623371325  0.58410390825985381  0.59195416909206422
  0.59975145111188755  0.60770747527835334  0.61561258326622892  0.62317999743408081
  0.63042752333258267  0.63762608369101281  0.64490112313468828  0.65203308560083473
  0.65907816722789925  0.66601860517359235  0.67295317232978069  0.67976469351269619
  0.68640587684847387  0.69286260155108748  0.69919415408761676  0.70539636748295453
  0.71149322741171417  0.71753794930024173  0.72359422885717573  0.72968800972110603
  0.73570614649547372  0.74165512865289285  0.74749017094008330  0.75324217638657476
  0.75905316213207863  0.76488843772968507  0.77069759482278333  0.77643725607581249
  0.78207619757733793  0.78761070920603748  0.79310716588090679  0.79860420967791268
  0.80417431841023157  0.80980778763236172  0.81539546417132813  0.82096209609878068
  0.82648378033748504  0.83191088751540265  0.83727710957728774  0.84251957776336750
  0.84773971289372840  0.85299414056080380  0.85825790198819496  0.86362113227288995
  0.86895214042475644  0.87423637935972509  0.87965352990662393  0.88516680259592284
  0.89075397966835135  0.89626808016132298  0.90177322804314652  0.90727311458890536
  0.91283714428177820  0.91845809501499498  0.92408440001852621  0.92970529278395841
  0.93529960351326080  0.94091927670452258  0.94655107798430527  0.95214009163460023
  0.95782450946289366  0.96369973791323316  0.96968444807964127  0.97564564085466465
  0.98167312155699271  0.98772122112212324  0.99382608056135913  1.00000000000000000
 -0.00250479421080451  0.00958518393518022  0.02015200918757555  0.03099685254159899
  0.04181869328236070  0.05264559035103777  0.06355267895361044  0.07469339822977038
  0.08574219415548734  0.09674871523595414  0.10738022648589780  0.11767510525223164
  0.12776228202959125  0.13790636617574104  0.14811231387878815  0.15841256447804417
  0.16890078784431345  0.17967736786610314  0.19062335167353406  0.20156451265701397
  0.21262392287406587  0.22361422541133544  0.23453201007978852  0.24519675756815551
  0.25578478028574381  0.26646989391691722  0.27726694927373896  0.28795769627196471
  0.29859340809016982  0.30919482207978838  0.31975927631163120  0.33030867747806608
  0.34071537441582367  0.35097344704459610  0.36111919888968874  0.37138834859633219
  0.38189222233493364  0.39260491755669452  0.40330514035059367  0.41418850272454355
  0.42512257845030360  0.43585861964223560  0.44629832133372144  0.45673583085437908
  0.46754928947915275  0.47832895813523296  0.48873188795815559  0.49884782823884122
  0.50895997661086201  0.51931302953040037  0.52975262256324340  0.54019548414661256
  0.55056405688991505  0.56099604153719385  0.57146205333456357  0.58184216565999447
  0.59194598574781532  0.60190423353186895  0.61166526968140089  0.62154981586073654
  0.63171787463335671  0.64207712772040448  0.65255216761049817  0.66279319744169385
  0.67331863567589978  0.68373254492665803  0.69403946902946345  0.70428002443105464
  0.71457284306742708  0.72486452484810415  0.73534291561129317  0.74577196889120945
  0.75613615812631507  0.76647429116576493  0.77712458484270197  0.78789620711168373
  0.79888268868434054  0.80963908713386323  0.82036658134021034  0.83108727379445013
  0.84147578294232483  0.85219112087876259  0.86266604359773513  0.87284322409750303
  0.88339938364414838  0.89373155631443080  0.90455338404376873  0.91524514626187137
  0.92573112549316494  0.93633159376814634  0.94678790422125281  0.95749681272606357
  0.96799021397496710  0.97847696406500362  0.98898283184724145  1.00000000000000000
   5.6814151806336493E-009  -1.0000000000000000     
 F F F F F F F F F F F F F F F F F F F F F F F F F F F F F F F F F F F F F F F F F F F F F F F F F F F F F F F F F F F F F F F F F F F F F F F F F F F F F F F F F F F F F F F F F F F F F F F F F F F F F F F F F F F F F F F F F F F F F F F F F F F F F F F F
  <DiscreteSampler_grid>
  grouped_processes
  1 # 1 for a reference and 2 for a running grid.
  10 # Attribute 'min_bin_probing_points' of the grid.
  1 # Attribute 'grid_mode' of the grid. 1=='default',2=='initialization'
  0.0000000000000000 # Attribute 'small_contrib_threshold' of the grid.
  0.5000000000000000 # Attribute 'damping_power' of the grid.
 # binID   n_entries weight   weight_sqr   abs_weight
    10   10   4.877711911240437E+002   1.108291159588731E+006   4.877711911240437E+002
  </DiscreteSampler_grid>
