  0.00232612624970055  0.01655858140741076  0.03005053236890211  0.04221910584667932
  0.05387533269977584  0.06542910118781092  0.07697753559939566  0.08828076064555776
  0.09936632339356249  0.11048436424869017  0.12150753831834767  0.13255927615767943
  0.14353766189399686  0.15449747931354835  0.16528547279043751  0.17599345996758808
  0.18681036294737732  0.19763900083585853  0.20845569208208470  0.21914381249891549
  0.22976231844343054  0.24038070326549665  0.25098022183679414  0.26170545109670279
  0.27233794018101176  0.28285082009926316  0.29331084724380274  0.30382722540042550
  0.31439670925413388  0.32498172364608546  0.33547977332944628  0.34591256088885092
  0.35621982525589307  0.36649168349603584  0.37669259417664347  0.38690855401394486
  0.39720554383200812  0.40758434275488165  0.41797337082522423  0.42838037423748043
  0.43876078988038142  0.44917382729955724  0.45971418693225663  0.47039081934052318
  0.48102305157477776  0.49148009420816086  0.50173626996574527  0.51191777194568022
  0.52219878346534687  0.53256180619772764  0.54286283493754883  0.55314523469618870
  0.56351787605081149  0.57396899065053497  0.58440381590431456  0.59475762858512826
  0.60509515406266146  0.61542690115595866  0.62580685789772739  0.63620956711802967
  0.64659048551759801  0.65695892632476638  0.66737512058874082  0.67783993115453578
  0.68828848215406535  0.69868587554156869  0.70895616951508200  0.71911411933685676
  0.72925733185905595  0.73947096911133003  0.74971917231931673  0.75993047969297056
  0.77014815930996705  0.78041661521353756  0.79074283830389713  0.80105504786134352
  0.81133793490285711  0.82161162271115618  0.83188161000641758  0.84211966820395878
  0.85225494518354683  0.86232375354846136  0.87240057964031104  0.88254062596084359
  0.89270130341843723  0.90278580380118445  0.91275007927325225  0.92261206375858262
  0.93238337624545065  0.94200696174996335  0.95145413161519665  0.96067921699360026
  0.96970004518802388  0.97814408047511914  0.98665445148653164  1.00000000000000000
  0.00243985742963952  0.01623751278094143  0.02991952404009465  0.04190923128486451
  0.05351222916219404  0.06486869591317190  0.07601621861996782  0.08700420048751714
  0.09797535578022988  0.10905097179222807  0.12005060687681250  0.13104358642143665
  0.14185767938485000  0.15273798733339475  0.16354908902761311  0.17440370571036273
  0.18525261398711479  0.19621726770944953  0.20718295335620796  0.21800039003058708
  0.22866025905277304  0.23919176439609938  0.24974265578432278  0.26024406094937519
  0.27074513756149549  0.28127350563314207  0.29175833232523202  0.30220699039384064
  0.31268913100990287  0.32333156455599238  0.33400259519059206  0.34464891509614948
  0.35531539436165271  0.36606459483829312  0.37671289747782694  0.38727753970186646
  0.39782714498249366  0.40845447485713443  0.41903843183150591  0.42948179172613132
  0.43988725658205258  0.45033489155273532  0.46081260935883211  0.47113887187867265
  0.48145404964396904  0.49183262112032022  0.50221384415690251  0.51249284810615547
  0.52278595616939005  0.53324722737990438  0.54372520053332429  0.55408598191695690
  0.56441075180346456  0.57481479202091934  0.58522292846757518  0.59557965787485678
  0.60588473855781000  0.61616910287802207  0.62645989628301113  0.63682922930434926
  0.64730768709385911  0.65781605843650559  0.66827858211254776  0.67867789272694912
  0.68905317459561444  0.69935467455851341  0.70957896102402862  0.71983673507131885
  0.73024711899040173  0.74077920554906218  0.75131941041031569  0.76173657647773585
  0.77203177032301917  0.78226261413188192  0.79251096707708535  0.80280551462283822
  0.81307577121733476  0.82327010893284069  0.83339475514194938  0.84336371338880678
  0.85326829666998549  0.86316838211728608  0.87313289330708044  0.88313947119552016
  0.89313949736831322  0.90313922918850886  0.91309800770119298  0.92294322985076616
  0.93264575635285241  0.94225642678781252  0.95168257698816650  0.96089702093757079
  0.96983697494636811  0.97821567787518582  0.98667673403715417  1.00000000000000000
  0.00834667680253824  0.01002941352248309  0.01118489929133134  0.01229879957632915
  0.01343815959012357  0.01460852403398566  0.01580975379603518  0.01703366215848414
  0.01822177895944437  0.01943651473397224  0.02067389119271620  0.02193144218695420
  0.02318776994169386  0.02438073437032320  0.02553777796061987  0.02654704617486243
  0.02750241775822511  0.02868717028630985  0.02992160636893188  0.03114767390013318
  0.03240548925659833  0.03369506309049859  0.03500380840107030  0.03635189300856115
  0.03774315118556811  0.03917178866660973  0.04063318668730055  0.04211772667290895
  0.04363433398589232  0.04519047145719888  0.04679406255432861  0.04844334783736842
  0.05014165663435500  0.05190714237019571  0.05375987594469180  0.05567836009651753
  0.05764295687798712  0.05965794971340512  0.06175052187113584  0.06392836720058039
  0.06617726847132667  0.06849488386924688  0.07089532776960282  0.07337603004235993
  0.07595573189957255  0.07864595569573640  0.08144189517173965  0.08431491472993367
  0.08727685333348820  0.09034139614238172  0.09352457913498900  0.09687038379157131
  0.10036391528444454  0.10402379798682396  0.10782305184319990  0.11181149797406649
  0.11599621073284529  0.12036108027121473  0.12485335017245963  0.12947806909044909
  0.13427591335936162  0.13933293391778323  0.14465494398227510  0.15022093770663783
  0.15599262197086480  0.16203795583081282  0.16843085472768293  0.17517160685983243
  0.18226358349374919  0.18968810670991137  0.19750135424512150  0.20576482279989131
  0.21460013619829268  0.22400473781891042  0.23395588401662490  0.24442490684300086
  0.25552709848778321  0.26730489643578381  0.27975630747644853  0.29305382448621980
  0.30751742566683449  0.32322441988497352  0.34007436750922337  0.35822302889596869
  0.37783397628886461  0.39908168941112188  0.42227399764057066  0.44801906196060759
  0.47695865664401743  0.50983200254654126  0.54749936143596700  0.59205189609907138
  0.64813598381638771  0.73071693417158257  0.85173210042235759  1.00000000000000000
 -0.00100845322962854  0.00388366832512386  0.00908462972808167  0.01422637404980876
  0.01942958478607265  0.02471890993476671  0.03002095964379840  0.03540813141891179
  0.04085968135377516  0.04639403058095538  0.05197111120210218  0.05757542771636773
  0.06320395916557707  0.06887427558314807  0.07458254320115940  0.08031979787506449
  0.08607340837228068  0.09184560492518189  0.09766038920372995  0.10353486352414440
  0.10947886807448688  0.11546235054319684  0.12148227146089509  0.12756898556330767
  0.13372985424086573  0.13996580895355520  0.14623670018286716  0.15249839371782853
  0.15875738244780335  0.16506111862128622  0.17151673078348884  0.17810695114629502
  0.18473961505712333  0.19139312145147119  0.19807860856820730  0.20479522146824117
  0.21156232896273119  0.21837041268095558  0.22519988292296902  0.23203613229531841
  0.23890162376666443  0.24592326260598538  0.25303788526160487  0.26022673563596588
  0.26745099144659434  0.27477726331270774  0.28220439826488031  0.28977458654147037
  0.29748055601265327  0.30531954591946314  0.31318815289415847  0.32106454431133319
  0.32897125311933934  0.33692610454192007  0.34502541192134811  0.35332632278377746
  0.36177054297352151  0.37036720528952721  0.37897943916517907  0.38767448195365295
  0.39643774123005432  0.40540962824413529  0.41457336896230446  0.42393983304563004
  0.43337073665070008  0.44305752474666921  0.45304700660873382  0.46321971481528262
  0.47355920877809293  0.48402317415003981  0.49474289062509402  0.50578410475553937
  0.51711217890928562  0.52872454389622026  0.54064664826132702  0.55292075918021588
  0.56543590691257262  0.57816736954943260  0.59109689235782403  0.60437706509814326
  0.61818828992466213  0.63245354056035374  0.64721373976966734  0.66269723953978377
  0.67887918662718927  0.69573750406965817  0.71347992712338526  0.73243702306203029
  0.75257121414762940  0.77401599899327422  0.79729451085255743  0.82331118211728449
  0.85309702268378029  0.88807046090580233  0.93330942364382996  1.00000000000000000
 -0.00219339164163866  0.00878342264356131  0.01867354746668716  0.02954417120240785
  0.04030685250991094  0.05093512305392935  0.06127727921952632  0.07185824009525060
  0.08257341892865365  0.09306291052997683  0.10376926338814227  0.11413919332301280
  0.12443807483540732  0.13474977440736829  0.14479795344591578  0.15538677526861333
  0.16574081532159105  0.17637491142128134  0.18704942757792567  0.19759506133505009
  0.20830741329512992  0.21868627399874865  0.22921047430757124  0.23958027480378868
  0.25004688468702829  0.26043167584050642  0.27102673676722044  0.28135410697810759
  0.29166134296830609  0.30203445380737931  0.31259010898169876  0.32324060282226308
  0.33383532276632127  0.34463436450701690  0.35522936975418568  0.36565269054878252
  0.37600110523802877  0.38649460349008169  0.39709892199125912  0.40788508380837085
  0.41878941725840590  0.42973376719994166  0.44043395733142321  0.45102815074109520
  0.46157159714591034  0.47200436612396757  0.48238185668891376  0.49269810917842921
  0.50295687839227599  0.51318946000331045  0.52338974208113809  0.53392861681503823
  0.54443900942868784  0.55503079540680522  0.56559306501020690  0.57596821205428894
  0.58636184478184372  0.59679954114269951  0.60730863818695058  0.61800732806066605
  0.62866217501563904  0.63937311075732128  0.65006771219294102  0.66064145907455696
  0.67122804009007786  0.68170933714559490  0.69230461459800763  0.70295597455659775
  0.71368703698170277  0.72439632479213067  0.73492753875883809  0.74542106951382248
  0.75580518671253072  0.76642389832093671  0.77688180374622118  0.78778308382883189
  0.79851216435076544  0.80927890348541254  0.81992856893838217  0.83060038163326255
  0.84141223889052441  0.85199207379816821  0.86260008647751041  0.87327849994200846
  0.88395676237089482  0.89447465626255163  0.90520669732296033  0.91576495554352999
  0.92647105562866627  0.93646933016328726  0.94700033886160195  0.95717779091600286
  0.96797812088268909  0.97839532322091916  0.98937805075942220  1.00000000000000000
 -0.01410613650318319  0.06367815587644809  0.10945242652425267  0.14491417970764414
  0.17470299202092449  0.20101783814491564  0.22479972113137708  0.24637909530907356
  0.26621051291642772  0.28479222807389248  0.30239357763482932  0.31934301778734259
  0.33567039527943149  0.35153457961905676  0.36664438492762957  0.38106888756371032
  0.39497461217812563  0.40835361617333821  0.42138744409720558  0.43400439372478355
  0.44633919548261358  0.45827622735041490  0.46983503443092334  0.48103905172732736
  0.49185850379909257  0.50258913018178253  0.51311862088037907  0.52344327115934908
  0.53354072145984510  0.54354840283952000  0.55342630947319338  0.56315335749866491
  0.57261949534106071  0.58202150843156819  0.59131621026884562  0.60037298358321889
  0.60919401172788568  0.61792298546119340  0.62661059461441115  0.63520551782930479
  0.64363933872318690  0.65192793581846298  0.66008058407080039  0.66812983825405770
  0.67607702434582484  0.68399069853074379  0.69189283076914720  0.69976578971937531
  0.70748941546076149  0.71513585026497350  0.72270209316975176  0.73017707175647861
  0.73752585554286210  0.74478173595463582  0.75202218974826240  0.75918182423472558
  0.76627709528828325  0.77326050292334403  0.78014648460998615  0.78695068959458625
  0.79370244118882127  0.80040600279530882  0.80711966502828314  0.81376082022961826
  0.82034943827486062  0.82693432049663196  0.83345183389880406  0.83988359793263756
  0.84623415989737150  0.85251875691016288  0.85874899154498285  0.86494298247283885
  0.87111641117027183  0.87725411635128170  0.88332304668393780  0.88930676909142004
  0.89522310675831718  0.90112741617844705  0.90706496152590066  0.91299375776395864
  0.91881972305212034  0.92449935969355401  0.93008306346980085  0.93563168808568231
  0.94118953871139632  0.94676450993932870  0.95229726786364011  0.95775496241295088
  0.96313682605906903  0.96846683867550665  0.97379898476236249  0.97912456673777304
  0.98443460928434179  0.98968578632695092  0.99488217612643259  1.00000000000000000
 -0.00228946667019790  0.00903687835560919  0.01948816463840122  0.03024427191057666
  0.04103231473302831  0.05181988402189722  0.06225713021362560  0.07285220738864621
  0.08346882293346433  0.09425419946813472  0.10500726896202216  0.11569235479393143
  0.12637828987756361  0.13693317203685748  0.14743980576891202  0.15806673417069250
  0.16876962747524582  0.17951159072179212  0.19023441695626106  0.20080291178921719
  0.21132669715028077  0.22187570446107682  0.23240328903883989  0.24278092891699327
  0.25337341691643367  0.26398746732158090  0.27460443475348661  0.28514686295995634
  0.29575671416287636  0.30652968954923399  0.31708543287108382  0.32750919055700500
  0.33798498011354783  0.34840350377091411  0.35878478249469231  0.36911736983755461
  0.37956485865828632  0.39008907128284398  0.40077013045117088  0.41154950383203132
  0.42226634613614933  0.43288039266558653  0.44337337366904939  0.45401938134116504
  0.46470780621952767  0.47531566417255877  0.48565390607173126  0.49587261384549797
  0.50635272273385445  0.51682680607706355  0.52730803508141544  0.53762250316210580
  0.54828621678615375  0.55881893162522089  0.56942040477290878  0.58006524587614927
  0.59060164242153035  0.60116494180096547  0.61149959719252200  0.62191568020733357
  0.63229174872546512  0.64260882555668430  0.65316670633100082  0.66364301748084753
  0.67411676287496303  0.68438345885222829  0.69508311906993470  0.70564355165737624
  0.71643149160211972  0.72724925925199058  0.73757195063939096  0.74814538953734289
  0.75833809115190265  0.76882636420257533  0.77921987358804468  0.78956893551742724
  0.80018815436780277  0.81066995371461847  0.82143514845530652  0.83212103133751136
  0.84263550902314588  0.85310868049696220  0.86358701718084063  0.87415182732682051
  0.88466880531960945  0.89522592987915395  0.90540463353661038  0.91571073403385328
  0.92619680632069568  0.93664573906384530  0.94726099657465324  0.95727124872883895
  0.96824054198368870  0.97871641682044253  0.98930710456487547  1.00000000000000000
 -0.00231137763814798  0.00916972589914616  0.01894559311908931  0.02958855920845683
  0.03982316684679459  0.05056137476835820  0.06112201758875930  0.07188998984444124
  0.08231663436901969  0.09299489736637019  0.10349186361468252  0.11406665063317696
  0.12443675887524716  0.13506028607140669  0.14566445059914185  0.15632206514598010
  0.16666756351791351  0.17720425838606566  0.18764079350032623  0.19827011042920720
  0.20889999279515978  0.21955711049305324  0.23032959477002432  0.24092511745169021
  0.25149656079265886  0.26210728632343017  0.27263094899794671  0.28311026865760280
  0.29361797477476220  0.30414825742781998  0.31467181605933103  0.32504400523043836
  0.33558969735598304  0.34657864807670291  0.35733262899905571  0.36823983992767451
  0.37878311463277126  0.38963676565686894  0.40029110745603386  0.41084748205364502
  0.42145481126934087  0.43196577218977339  0.44257823554951409  0.45308280604871176
  0.46373883953029194  0.47426844355119929  0.48470749526819840  0.49520952277965019
  0.50602244338759328  0.51669667227406302  0.52726936422290371  0.53776242850167844
  0.54835627363340711  0.55889315894038505  0.56947975547829044  0.58022660227479717
  0.59104220556225839  0.60167368797241350  0.61215803379320632  0.62247464744315351
  0.63278250414620496  0.64308785094659859  0.65323749930794972  0.66313754190372387
  0.67332747908898116  0.68358149149119696  0.69411808272926001  0.70447676581402607
  0.71509236928765985  0.72571688977277959  0.73622889536248648  0.74689117509992398
  0.75751742892404261  0.76792036151364274  0.77829878068663549  0.78888348214726078
  0.79948945141661676  0.80993753290482207  0.82026767327866978  0.83065476784974646
  0.84108366174310956  0.85160874749151683  0.86225858256372812  0.87294952510536783
  0.88370040886213241  0.89433061346909692  0.90494864160987198  0.91536337667534262
  0.92572844753871797  0.93633654307555425  0.94705084130804862  0.95782453361433750
  0.96836232884991547  0.97893166446346092  0.98950845794188191  1.00000000000000000
   6.6544337259895736E-008  -1.0000000000000000     
 F F F F F F F F F F F F F F F F F F F F F F F F F F F F F F F F F F F F F F F F F F F F F F F F F F F F F F F F F F F F F F F F F F F F F F F F F F F F F F F F F F F F F F F F F F F F F F F F F F F F F F F F F F F F F F F F F F F F F F F F F F F F F F F F
  <DiscreteSampler_grid>
  grouped_processes
  1 # 1 for a reference and 2 for a running grid.
  10 # Attribute 'min_bin_probing_points' of the grid.
  1 # Attribute 'grid_mode' of the grid. 1=='default',2=='initialization'
  0.0000000000000000 # Attribute 'small_contrib_threshold' of the grid.
  0.5000000000000000 # Attribute 'damping_power' of the grid.
 # binID   n_entries weight   weight_sqr   abs_weight
    10   10   2.761429374323595E+004   2.882989136327376E+009   2.761429374323595E+004
  </DiscreteSampler_grid>
