  0.00238084158116200  0.01626259188634154  0.03001888290439265  0.04216204808399635
  0.05381216243125613  0.06523786162023210  0.07654054445309484  0.08790473268569325
  0.09926882635783932  0.11051029524615459  0.12150427016399412  0.13242086710127846
  0.14348240898208925  0.15457589268256514  0.16553037383379923  0.17622540953746296
  0.18700192056321549  0.19787018182601945  0.20868174573587614  0.21948964571848534
  0.23017528991004141  0.24107136293275278  0.25182036648106937  0.26220248634957460
  0.27249700371605667  0.28268552789510132  0.29295045488204197  0.30329409331881596
  0.31363600625616245  0.32412078214081730  0.33461106606343866  0.34518502710476257
  0.35576329118541322  0.36633559465707627  0.37696723239846647  0.38748621065108663
  0.39782501302331352  0.40807460069296875  0.41837203204539147  0.42880284448998346
  0.43926767334521388  0.44968116330970420  0.46007365134704492  0.47055006106823472
  0.48108277815301009  0.49165302994402316  0.50222467268451898  0.51277926560103348
  0.52324020917872682  0.53363751712750795  0.54398859353254736  0.55426782364011795
  0.56450576387990936  0.57475459908556592  0.58507155371898523  0.59546795792233975
  0.60598385307999258  0.61656258999377900  0.62713324250998814  0.63765351477071941
  0.64812099594676609  0.65854527573536026  0.66892410724440099  0.67934391786526083
  0.68978714386452122  0.70025175257571703  0.71059887513284414  0.72083977235924623
  0.73101446789261182  0.74118960013271751  0.75137688682219028  0.76155276178849196
  0.77170986800361296  0.78188076333000534  0.79199320624336578  0.80195657201862458
  0.81189591438845432  0.82186365953673057  0.83177097775133291  0.84154588530739582
  0.85135946336665058  0.86138020337032595  0.87155476301814705  0.88172178460753869
  0.89185313594337279  0.90197082613939183  0.91202113957382724  0.92198667645166454
  0.93182140192541707  0.94152176729480797  0.95108513563535135  0.96049259963102152
  0.96963216334969482  0.97815673910927381  0.98669782686784691  1.00000000000000000
  0.00228574306045287  0.01653017374694735  0.03056641728980979  0.04279945466430441
  0.05462697058827328  0.06604605755871990  0.07760505797000380  0.08899576357248426
  0.10039824203639273  0.11147711511105525  0.12258542482879572  0.13377950833396859
  0.14511956251863878  0.15643805391942955  0.16752623998715219  0.17858708135018600
  0.18942353208621229  0.20007798530037529  0.21069627542123173  0.22130594544124529
  0.23194196753116855  0.24236083752149892  0.25265756624219976  0.26330698641058148
  0.27393576088960969  0.28482004418147233  0.29540729234259394  0.30607791155980674
  0.31667080328430391  0.32729699432052972  0.33772323085715494  0.34830248267821834
  0.35908309923908233  0.36981221423102800  0.38060932025014421  0.39124381403793707
  0.40187159497742553  0.41227521851020510  0.42280288900342805  0.43318361811376360
  0.44356169282661662  0.45401192049954220  0.46472076878088425  0.47579595997551088
  0.48648605667984912  0.49684664270698392  0.50729539179134353  0.51760538475524687
  0.52795928002092851  0.53840231570229136  0.54881009977800110  0.55914916230533607
  0.56944791456466026  0.57973837154268881  0.59000274406882336  0.60029994886220395
  0.61071505744324128  0.62118896782583510  0.63155646670495358  0.64180938172835100
  0.65212248397003358  0.66244537739549003  0.67264619244458490  0.68280341384960763
  0.69304965306688293  0.70337774261878216  0.71362994250863154  0.72388294904534478
  0.73419051164470628  0.74455096840696466  0.75483596440443090  0.76503300900590931
  0.77517262189333780  0.78530489653588231  0.79549316638495216  0.80578451137429885
  0.81610135864765876  0.82638933301357886  0.83670833071076933  0.84709326110796024
  0.85757492883135777  0.86804148757260857  0.87842463337322985  0.88869455353575422
  0.89887514721303252  0.90893854560861964  0.91890144551866626  0.92877772781306767
  0.93862468193983672  0.94842545757838959  0.95804556697946786  0.96732154592696973
  0.97610767592201331  0.98432397514174264  0.99226474444484936  1.00000000000000000
  0.00871094375771832  0.01012863391271822  0.01112214334143752  0.01213709697653226
  0.01321710633420714  0.01434892086041059  0.01551589475263609  0.01669616188131356
  0.01787342041843018  0.01906743213233966  0.02027677427396823  0.02150841736777754
  0.02275411058279666  0.02400505658249983  0.02520893848145161  0.02625887678228126
  0.02721106523882194  0.02829911503555716  0.02951513491728226  0.03077091829004150
  0.03204878892586845  0.03336375753744487  0.03469457280777520  0.03604158076277623
  0.03741045968838983  0.03880696161868198  0.04023835308088814  0.04172060023838806
  0.04324924243172663  0.04482024644408080  0.04643277186960432  0.04810047106784048
  0.04983572599411863  0.05163162543121785  0.05348120793428272  0.05539127533760340
  0.05735991005354604  0.05938930178108823  0.06148638315692435  0.06366163448619007
  0.06591442554060051  0.06825692019345335  0.07069661638320784  0.07322005944953416
  0.07582059123457939  0.07848518580129607  0.08124847330775750  0.08412118109422957
  0.08712711259360495  0.09027155585956124  0.09352997677810553  0.09689180113113581
  0.10037035859284381  0.10401494680438184  0.10783931320249070  0.11186235145620393
  0.11605978731776692  0.12040741584173366  0.12491867376185373  0.12964451084735651
  0.13458384221884445  0.13972381248167556  0.14505957633965444  0.15068094940735399
  0.15659342187982914  0.16280194097472170  0.16936614302526562  0.17628070996221995
  0.18353770381688611  0.19109152313079619  0.19905783882402228  0.20742846968073508
  0.21623243886691246  0.22549272733070586  0.23529853909876700  0.24570692338691394
  0.25678577686763737  0.26859488517780866  0.28123850372216047  0.29491814503646069
  0.30964416880753187  0.32536215274538022  0.34223792169826045  0.36059823136133234
  0.38064051563220019  0.40263180445906732  0.42673178296637254  0.45327058490009464
  0.48290899243827057  0.51647444695012468  0.55520371049512163  0.60133899135530333
  0.66025500609883414  0.74802741898690395  0.86270105546072851  1.00000000000000000
 -0.00102738016322210  0.00392785597003036  0.00925975846815733  0.01453317306983942
  0.01985558120887906  0.02524365870706493  0.03066162014111667  0.03607390335058772
  0.04148829167238609  0.04694430208546769  0.05245779710325775  0.05803342721528326
  0.06364460452764090  0.06930095636497607  0.07500832238574137  0.08076967338092947
  0.08659438815554928  0.09244861834785022  0.09832063700231361  0.10423697014548859
  0.11019103664691682  0.11620024137535180  0.12226939745242353  0.12829752924238641
  0.13428507348929916  0.14034094499948707  0.14646834259467059  0.15266217179125460
  0.15893722981460737  0.16530232522565905  0.17170961739077259  0.17809809766194323
  0.18449435516415943  0.19100171810307878  0.19767843190926751  0.20448197082385744
  0.21129595155036299  0.21811068363931538  0.22498884508777578  0.23195697378988553
  0.23897970593836021  0.24605648919903697  0.25317099214965455  0.26027009826545500
  0.26741618670803452  0.27465822915764149  0.28203613496950342  0.28947999903494370
  0.29696331182189040  0.30459926902619866  0.31229393509215841  0.32010519812908239
  0.32799963229655216  0.33605371650892712  0.34427169736085961  0.35260923648718573
  0.36109255521987255  0.36965792103006118  0.37841962874612223  0.38734646701725078
  0.39637238308430045  0.40550351316599414  0.41486952747206585  0.42436835464156525
  0.43397545887646094  0.44370240620679696  0.45365071139194080  0.46385092336384925
  0.47421568177601603  0.48473932721325913  0.49539294490443198  0.50619055278853997
  0.51720925918496363  0.52842415743027760  0.53973438158335674  0.55129593262593579
  0.56323235389106352  0.57627131689328936  0.58958817128356189  0.60307034503859125
  0.61690480097186084  0.63140246418347845  0.64669042791501119  0.66215901819319267
  0.67799105799042680  0.69450695037149690  0.71208002050800112  0.73100883077467493
  0.75119128701947824  0.77288792270325979  0.79650943068532232  0.82274183502982268
  0.85246070761981985  0.88752373731989531  0.93345045686278239  1.00000000000000000
 -0.00237609180810747  0.00927968066952113  0.01973897731780724  0.03057631453020425
  0.04137035849687182  0.05221257614679650  0.06285535752418071  0.07343316589928857
  0.08402005671938331  0.09470235520287469  0.10546562456919141  0.11610133265966578
  0.12674615049569274  0.13730351165142149  0.14780775488711825  0.15820437336321971
  0.16870914934708067  0.17927464972907434  0.18986485075660217  0.20034514884203844
  0.21092562944378174  0.22155955489018125  0.23218857744804264  0.24275794702700976
  0.25334154606903198  0.26392804362909966  0.27453594892229438  0.28510530345824542
  0.29572906315053499  0.30631593576982796  0.31698501759648434  0.32771818406395065
  0.33834388327275744  0.34886341014042704  0.35931622877747110  0.36963673578603096
  0.37980578755093508  0.38993886764453944  0.40034854859873259  0.41102546501981424
  0.42154669216806456  0.43216382495600353  0.44273621947615399  0.45319852086797657
  0.46350299578481474  0.47376387075282062  0.48408467260059940  0.49466577188256350
  0.50547863816135130  0.51649570500984332  0.52704191431603742  0.53749253038388889
  0.54792036955965384  0.55841275239926891  0.56885372746830509  0.57920544357284365
  0.58975494996698530  0.60036374896253997  0.61101090511031753  0.62166238605468327
  0.63243889371625550  0.64312008144548249  0.65387085538494427  0.66449963414590507
  0.67521000707887235  0.68583803398519716  0.69626241778891518  0.70658215022312088
  0.71690364667159456  0.72722456137824287  0.73748239800917015  0.74755344059794115
  0.75796842361984307  0.76845088546512652  0.77897185035427108  0.78935273311844056
  0.80006287813135613  0.81093697541755805  0.82168994496563275  0.83238089074705224
  0.84281571460451410  0.85345328048366265  0.86394987829991987  0.87411762509297974
  0.88466151210937694  0.89489741491759278  0.90557283053561355  0.91619451768241988
  0.92659863561494826  0.93738732083040677  0.94762291891236827  0.95793262254629719
  0.96831024442284808  0.97887777190528680  0.98957064874782519  1.00000000000000000
 -0.01418652999239190  0.06419126490295660  0.11036972618520964  0.14555904405241782
  0.17536353935837815  0.20168547603170786  0.22531671105897536  0.24700459386322846
  0.26705039489106774  0.28572123568280067  0.30340741421011863  0.32013114949468063
  0.33599383562830293  0.35122016233722908  0.36596273720479844  0.38046234257443273
  0.39448777042925115  0.40791852879411494  0.42085148779987824  0.43344605353041687
  0.44562602310356431  0.45762521653980470  0.46945948272871474  0.48104099037251491
  0.49216188256561261  0.50304370111908903  0.51368513932768889  0.52401878375844690
  0.53407840298311460  0.54395898955210975  0.55366190850265662  0.56320242251195729
  0.57252467360378978  0.58165658358657102  0.59070133446306117  0.59960252176140449
  0.60851756756791797  0.61750990617870005  0.62639108727406112  0.63516131601235215
  0.64378512964211421  0.65226110182416119  0.66055867123591461  0.66871238461996552
  0.67685294405037477  0.68491301184196585  0.69289159265765232  0.70072750378274695
  0.70840984848235355  0.71585269620439251  0.72328202889014703  0.73068765119659340
  0.73802860935807768  0.74524911240568315  0.75241922272642814  0.75953919834210459
  0.76662314712773050  0.77363228105958137  0.78049076634885561  0.78724790083863094
  0.79392067095522600  0.80055552442147671  0.80718221827072267  0.81372657019499162
  0.82014371832072153  0.82645504997527997  0.83275210302831604  0.83904528404193091
  0.84531660033067868  0.85154171226292741  0.85770542657105198  0.86382854033435474
  0.86992355942885469  0.87602985399481825  0.88214280789532518  0.88821008580630367
  0.89419713443626825  0.90012809458956822  0.90603258881011772  0.91191499213722049
  0.91778192402921233  0.92360350201943697  0.92934684805731516  0.93502866896209258
  0.94064946747828504  0.94619911512421828  0.95171088320502228  0.95721246635064727
  0.96269271143593771  0.96813711990207107  0.97354185955812622  0.97892602407934282
  0.98425791062508761  0.98953437230272923  0.99477617428240994  1.00000000000000000
 -0.00224658229706741  0.00885287703893273  0.01909877820730073  0.02979806497418181
  0.04043549605782921  0.05103921284753528  0.06157645791599303  0.07223318116967431
  0.08267072213374421  0.09311982537582136  0.10363786256877444  0.11410976273275528
  0.12459434935709865  0.13479282596073672  0.14493144132148761  0.15537563017822895
  0.16603185043042873  0.17662351530549550  0.18718229630974650  0.19787240226357644
  0.20840923988465118  0.21905400068786762  0.22971163686768664  0.24054729224639804
  0.25129143281384658  0.26141114899475915  0.27169915124776356  0.28211891702289071
  0.29257757159367692  0.30304252123330877  0.31344141101554396  0.32426517663714899
  0.33486515551404111  0.34558205596005059  0.35614158054730854  0.36642683886321176
  0.37686890425550368  0.38745914139247795  0.39820475484113860  0.40855439173486424
  0.41904893484026151  0.42957813522386151  0.44019318461994894  0.45089610283961601
  0.46156324100343993  0.47207224772991629  0.48256795537182401  0.49315902493382502
  0.50384925190660568  0.51452329613376191  0.52521025026656654  0.53582722373224434
  0.54641080397645481  0.55703780228283351  0.56769418029758789  0.57841296913094764
  0.58908460830783105  0.59975696535130008  0.61037718721503509  0.62098850616268952
  0.63144835354849393  0.64200845960568642  0.65257012212720833  0.66319390132271072
  0.67356798497319170  0.68403520226524672  0.69469727150789828  0.70539930735173362
  0.71603108788874403  0.72655290887257140  0.73705824960517541  0.74756686392710459
  0.75822811759539022  0.76902314857128773  0.77957489985528594  0.78991253706420872
  0.80042537960825400  0.81092238056445298  0.82131774311872496  0.83155869816626404
  0.84185025351539400  0.85231112743350279  0.86270490812157585  0.87302128338742602
  0.88350606752231498  0.89387868555308714  0.90434069120480942  0.91483882232807590
  0.92545719526493819  0.93613813137416457  0.94683408228196053  0.95738133241344514
  0.96796737947979783  0.97875583866757931  0.98932510633989634  1.00000000000000000
 -0.00232184678965665  0.00914309503203904  0.01935504179400850  0.02997664367532358
  0.04078957008900288  0.05100407152012582  0.06157862628965821  0.07185187031341535
  0.08219500121081627  0.09248268844205408  0.10263968457906933  0.11316985964931543
  0.12387447153233358  0.13469651875747249  0.14541388070555292  0.15600310364099496
  0.16652915101193325  0.17721593480456302  0.18789633062737798  0.19829225312277099
  0.20874612786051563  0.21890376825244307  0.22925733685669819  0.23968309385710954
  0.25016228143992897  0.26064945377468357  0.27107599231617174  0.28153059737333164
  0.29200307879870541  0.30249733159685666  0.31311261221893427  0.32368453921450424
  0.33424774683345082  0.34476624849593723  0.35531514464736402  0.36584529337450139
  0.37636707353464871  0.38708819310198411  0.39784491014373691  0.40855633585433970
  0.41922784475963482  0.42983257020172821  0.44045902905184142  0.45102859094559306
  0.46149019812813930  0.47180470835657512  0.48215729736586005  0.49268334266822456
  0.50327299774204415  0.51383046805871169  0.52441388999881089  0.53509168767090576
  0.54587444425201315  0.55669086639608512  0.56737764690421366  0.57803859503741206
  0.58859832112093946  0.59909727846048810  0.60963188390907685  0.62013299310883896
  0.63091371793885653  0.64142557849929349  0.65188373003745748  0.66217718514332580
  0.67257520395880843  0.68298449226347402  0.69338329393130627  0.70384745992584374
  0.71436616407285680  0.72505414801218515  0.73589356279199691  0.74675345121591041
  0.75711278760330258  0.76729788315804770  0.77777034525227995  0.78819508026424456
  0.79860902512797527  0.80896802287636060  0.81947356069517852  0.83024597360565300
  0.84086203525067260  0.85141731779943375  0.86212872928451778  0.87276322765936420
  0.88352927646176205  0.89415137564123759  0.90492648898877248  0.91556953024256127
  0.92625379980599043  0.93678482453766043  0.94758722122204408  0.95851722706878539
  0.96886090595786623  0.97931862541837944  0.98961002645867346  1.00000000000000000
   6.6589941623721526E-008  -1.0000000000000000     
 F F F F F F F F F F F F F F F F F F F F F F F F F F F F F F F F F F F F F F F F F F F F F F F F F F F F F F F F F F F F F F F F F F F F F F F F F F F F F F F F F F F F F F F F F F F F F F F F F F F F F F F F F F F F F F F F F F F F F F F F F F F F F F F F
  <DiscreteSampler_grid>
  grouped_processes
  1 # 1 for a reference and 2 for a running grid.
  10 # Attribute 'min_bin_probing_points' of the grid.
  1 # Attribute 'grid_mode' of the grid. 1=='default',2=='initialization'
  0.0000000000000000 # Attribute 'small_contrib_threshold' of the grid.
  0.5000000000000000 # Attribute 'damping_power' of the grid.
 # binID   n_entries weight   weight_sqr   abs_weight
    10   10   1.466096730290810E+005   1.054861040295845E+011   1.466096730290810E+005
  </DiscreteSampler_grid>
