  0.00243823257868457  0.01625167346893953  0.02988074200830765  0.04201027863848905
  0.05347160742522299  0.06491651124230138  0.07620818587689029  0.08752674027851468
  0.09839065200885828  0.10926337512966203  0.12016464566725660  0.13107130227846403
  0.14190716805402420  0.15276522714937327  0.16368789223269212  0.17450558146327516
  0.18539718105075217  0.19639845887244972  0.20738619790524390  0.21811872667973303
  0.22866704990315814  0.23927695784192818  0.24998312046929211  0.26066913453103774
  0.27136350999110415  0.28219168012511731  0.29308377175095174  0.30390609886247361
  0.31462089110606811  0.32526519117253483  0.33585011271645382  0.34642751734018939
  0.35703901454600528  0.36765868557841491  0.37833358905812209  0.38904571848899966
  0.39976225198546900  0.41039287340571340  0.42097984845683001  0.43161260644248273
  0.44226004786515072  0.45288747222638803  0.46347564265876401  0.47404717769979993
  0.48462374102272920  0.49515423602733866  0.50571286297663220  0.51633910841168262
  0.52687411447107835  0.53723432060511389  0.54759065326370993  0.55799278574601197
  0.56840298967531566  0.57879736117840641  0.58921309197633176  0.59966905405522364
  0.61017821392329297  0.62073640622835158  0.63125216077628654  0.64166496075878376
  0.65203694066828966  0.66245062290774492  0.67292921887117674  0.68343927715289943
  0.69398306338264149  0.70448841646794436  0.71496118549267440  0.72539477874624936
  0.73581881801472948  0.74623165145383286  0.75664590690126943  0.76714822370851632
  0.77770747789146466  0.78830471468921526  0.79883451724820576  0.80929525737696351
  0.81971854277725675  0.83010715753250064  0.84046443578394336  0.85073259969032478
  0.86094515388560755  0.87114224872536794  0.88135159445403732  0.89154730564317419
  0.90167864347377191  0.91177216166554420  0.92181189033189059  0.93175208671497045
  0.94152288750105850  0.95108287885544562  0.96042341905861806  0.96950852857406755
  0.97826765343153421  0.98640275386547016  0.99347250977627255  1.00000000000000000
  0.00225924900912960  0.01641848099620481  0.03069424111368753  0.04293808246925173
  0.05465578818056899  0.06594739240563162  0.07718963214022023  0.08832370288257711
  0.09945861576017732  0.11021163052660649  0.12099734934925994  0.13182915896000139
  0.14277499527948309  0.15360088853838999  0.16417015052962952  0.17485254617703730
  0.18548421000180729  0.19602285572159353  0.20644739374716015  0.21690841402711034
  0.22747183438816362  0.23814698581645391  0.24884985251584632  0.25951305206972969
  0.27013650018073698  0.28077048550610467  0.29148285126500151  0.30206180319609099
  0.31256842786911149  0.32305461010662528  0.33357304731342224  0.34412693079738166
  0.35466705403622495  0.36531403315964117  0.37594676745373429  0.38656504215101256
  0.39719172042419187  0.40785022546733990  0.41851454771131025  0.42909636920938360
  0.43960458987389384  0.45007709378475502  0.46053757973256820  0.47087967848206863
  0.48114575037709006  0.49142665636315969  0.50176275381101398  0.51208524241084707
  0.52242979810823220  0.53290050193974303  0.54348514404959314  0.55408635856954269
  0.56464704381735542  0.57519348121550318  0.58568879670517493  0.59610250940396226
  0.60645685319935516  0.61684128413449679  0.62728743746545423  0.63774030368890799
  0.64814527805310873  0.65845851066665118  0.66878693064098349  0.67922744650664224
  0.68968497520602845  0.69998344466931306  0.71011882117892744  0.72020938106079513
  0.73029354967842408  0.74042735927436665  0.75055615120349473  0.76066138513740134
  0.77075021470344507  0.78090929753390226  0.79115581626671161  0.80139371169062057
  0.81152570141258307  0.82163352755061680  0.83181304507351861  0.84190884236805652
  0.85185693319996181  0.86177400822880801  0.87166371531594311  0.88154812532255622
  0.89141690194005363  0.90139743618341872  0.91147660510118667  0.92153248653718578
  0.93141674529480045  0.94116523764602467  0.95070635607534948  0.96003143592972273
  0.96908845579876146  0.97762682125344813  0.98565119746441499  1.00000000000000000
  0.00717448912262879  0.00876304670424010  0.01009871323178336  0.01134931885227721
  0.01263145744493111  0.01399102501228872  0.01520143959468673  0.01633409708374689
  0.01747218140303388  0.01866624795621071  0.01991498614347047  0.02121542454827670
  0.02256864890078066  0.02395447491836620  0.02528419045199791  0.02625789551414809
  0.02719787545602229  0.02832072485721921  0.02951781869887838  0.03074721581211909
  0.03199906600288409  0.03331027694122583  0.03463409146627860  0.03600374426944795
  0.03738880928409637  0.03879917606371546  0.04023115829292786  0.04170500728040785
  0.04322108796750422  0.04480151588833121  0.04642580693693420  0.04809532201558869
  0.04979911796716211  0.05157419918654343  0.05340779837206574  0.05531233170057439
  0.05728235916298465  0.05930127181281437  0.06139682917517219  0.06357536923788172
  0.06584753738894128  0.06821488061990984  0.07065233969841828  0.07315268684613865
  0.07573324287549073  0.07840278524864037  0.08117877409997064  0.08407325128814246
  0.08706918842847441  0.09014953295745785  0.09332348062507727  0.09663941792981509
  0.10013439774799876  0.10382805899958099  0.10770387117870774  0.11172213660786592
  0.11586993881347284  0.12014574165672418  0.12459317783562171  0.12926083310465367
  0.13418672237919685  0.13931978535762021  0.14464011602158525  0.15022637913498943
  0.15612123129469554  0.16234077934671620  0.16886042157173323  0.17569490781402219
  0.18284727111582402  0.19037094059683252  0.19833021201232509  0.20679061827413228
  0.21573107243890444  0.22511042224687558  0.23494741061521210  0.24533456975604342
  0.25638996396333152  0.26817018027758166  0.28078648206114176  0.29433163913688393
  0.30892187837239848  0.32463370859264118  0.34155571634545734  0.35984374092135984
  0.37953322950510443  0.40099359086833236  0.42474377541893021  0.45116372036373464
  0.48073889827115768  0.51438745430318866  0.55350528619585293  0.60022978189877296
  0.65964544228540045  0.74940802079136926  0.86280471473550657  1.00000000000000000
 -0.00100306806053236  0.00390148176951809  0.00918169398158686  0.01446910581988167
  0.01981235492465353  0.02523080702948229  0.03066834450626180  0.03613567500908917
  0.04159878336920693  0.04704175914753943  0.05256237849146909  0.05820311606419441
  0.06391605585342455  0.06963652867873463  0.07532268917430490  0.08100501424575131
  0.08673050626651653  0.09253902005741670  0.09839001975271962  0.10425112035415975
  0.11015413064177008  0.11614614494439830  0.12220339803178189  0.12828229853470866
  0.13436062277482924  0.14047867127287639  0.14668491050720187  0.15291368922101969
  0.15915038266177955  0.16544101011061074  0.17184598470738666  0.17838934144974447
  0.18503791851227616  0.19169464772501502  0.19836468372872099  0.20502830424958213
  0.21174642822299206  0.21858657377446558  0.22549432308344150  0.23245892871474824
  0.23942600548552648  0.24647267777891668  0.25364034930499868  0.26093188462205708
  0.26828929684470526  0.27560420939594743  0.28292372039483288  0.29030785150397892
  0.29780855381989774  0.30547933147095241  0.31319828049599868  0.32108592600324554
  0.32893163532423803  0.33703264012972117  0.34529199131460975  0.35374750164896307
  0.36227582809359510  0.37090874498742626  0.37966207536071550  0.38865783433395074
  0.39781227702344546  0.40701176397923089  0.41629974937556352  0.42570259887942458
  0.43532657395311652  0.44504753867277080  0.45503607358687759  0.46513753427896903
  0.47541331169548512  0.48572314362914526  0.49624400732882934  0.50711725753761183
  0.51819628307704024  0.52952689039289602  0.54104427096270480  0.55290473681838104
  0.56511337492697933  0.57778149170717208  0.59091430729256622  0.60446076484555533
  0.61839793418700206  0.63266857143783106  0.64751743070863366  0.66300178164453194
  0.67937326371199935  0.69643673149867580  0.71420141361666345  0.73275200359298276
  0.75256649806542564  0.77413951586831742  0.79757190241983433  0.82333318420954416
  0.85268351993379687  0.88743651344477881  0.93319837483431112  1.00000000000000000
 -0.00226995263388450  0.00902261565814497  0.01926959508617918  0.02999964979625414
  0.04065585194399346  0.05122957065177970  0.06172500964059006  0.07235293889248785
  0.08305400571234718  0.09372492377751133  0.10431777614082213  0.11474888937689653
  0.12504390248573918  0.13532760391224588  0.14563903130130121  0.15646881103259769
  0.16717009437256772  0.17791386788573132  0.18840114371822819  0.19909276138178911
  0.20974245016483031  0.22063875287896809  0.23139368093068327  0.24200913371693755
  0.25250627570270046  0.26300981029247394  0.27355252081335885  0.28415441589079909
  0.29492497552152497  0.30570044913510297  0.31641577638265805  0.32704208911810950
  0.33761068728422405  0.34826374672028604  0.35901886792928739  0.36980865471051383
  0.38066438501419236  0.39142253556024947  0.40209489909946755  0.41257338952065248
  0.42302357714486011  0.43349077271240477  0.44398338840215407  0.45444367435489619
  0.46500304707270163  0.47558539807772915  0.48620133214008776  0.49681674350954608
  0.50749638191661606  0.51824893568560149  0.52882515225198701  0.53936528922589544
  0.54986609717917290  0.56049758780586567  0.57110364952192527  0.58167827650173565
  0.59227896943478109  0.60295470330783574  0.61367143912141953  0.62430588909844142
  0.63477156919369593  0.64510001397597405  0.65530084863884042  0.66555432642713575
  0.67594657744573972  0.68646589985366568  0.69703260140244361  0.70762714449909936
  0.71810461199846309  0.72852451028355658  0.73892520352216562  0.74943818062815903
  0.76010554933125962  0.77069738735100268  0.78131813384579896  0.79186597689185234
  0.80249057785817512  0.81310780489717727  0.82374262288288658  0.83424967809822270
  0.84471673409221670  0.85518749902593372  0.86572997671048624  0.87620962245768130
  0.88652564888571295  0.89682973732910098  0.90711176028766249  0.91721714914271701
  0.92723619276446823  0.93712183889144329  0.94755133847675499  0.95806355843825031
  0.96856580156058525  0.97921527113840823  0.98960056198352686  1.00000000000000000
 -0.01449775159605374  0.06412522031905504  0.10940551176988303  0.14439597379271848
  0.17422861364096504  0.20036170176754237  0.22380212665361446  0.24541354102287677
  0.26556122001570104  0.28454248484069711  0.30245231317850124  0.31942426314831651
  0.33562271591594450  0.35111268530012446  0.36620078799711159  0.38089118524968824
  0.39513198441158465  0.40864899153121909  0.42154239579353170  0.43406365322088941
  0.44644460383944023  0.45851334737075361  0.47009803771101361  0.48140534041141830
  0.49257995267453064  0.50352468178814969  0.51414389673791339  0.52447814287677830
  0.53472357512034097  0.54483590358731326  0.55479028030329758  0.56455127702319186
  0.57412002315772814  0.58357270542123030  0.59291085962954937  0.60209184345293953
  0.61111272603418565  0.62005009431513713  0.62890899306805559  0.63765439274206925
  0.64624245907037892  0.65467355965102214  0.66293940225545411  0.67101513023424997
  0.67900519830222228  0.68693058033355048  0.69479724054076619  0.70254641561876652
  0.71018573460545265  0.71771279597248017  0.72512401142639349  0.73246555513801770
  0.73972888214055832  0.74690445117671589  0.75398013812217290  0.76097860995370015
  0.76795797897279727  0.77493603715968895  0.78189243032414812  0.78874159827108570
  0.79542075987113769  0.80200059588181027  0.80857097190199745  0.81507946987325985
  0.82161009862047851  0.82816746227700921  0.83463546837806246  0.84101002734040786
  0.84730449118582973  0.85350948496950851  0.85967002854779573  0.86580000970425308
  0.87188853085759044  0.87795846692170776  0.88399764454758456  0.88997193048082357
  0.89588798916467993  0.90176139395087296  0.90761011319472384  0.91343571632376208
  0.91918640635021365  0.92484795183610424  0.93043758774762342  0.93599608928311284
  0.94151839968689588  0.94699720077923133  0.95247115779164082  0.95791362352914866
  0.96328700101179521  0.96861155258917242  0.97391660489196996  0.97924692852027817
  0.98453544063597054  0.98977857023351334  0.99491380216669023  1.00000000000000000
 -0.00231419174962311  0.00906182990610013  0.01933880398334739  0.02995357960002084
  0.04055285858376723  0.05140369271831842  0.06197177954955579  0.07262164066445598
  0.08307163130777723  0.09370290671499618  0.10429503622932153  0.11505398119824625
  0.12563345499897918  0.13615119601068207  0.14670148526495189  0.15738071969054759
  0.16800264364371492  0.17851192306775998  0.18920254692430596  0.19988037769014216
  0.21047029208915422  0.22097272368338589  0.23149028200097224  0.24193540581794237
  0.25238778572260523  0.26292043721414715  0.27336170154348877  0.28385915037897658
  0.29423086552793359  0.30484472134691243  0.31531578421132828  0.32571905932226924
  0.33613501866264672  0.34656331054179690  0.35694700138534313  0.36724915863781299
  0.37767218767549793  0.38835934741384770  0.39904321295568312  0.40954395530763604
  0.42011458706706162  0.43073501126979302  0.44125667088122766  0.45181659356973081
  0.46212692274726569  0.47254329750353052  0.48304830349377964  0.49351330919275560
  0.50402386982305258  0.51411299457250059  0.52462888729089008  0.53502634425967999
  0.54563000635369618  0.55609378149365107  0.56653102383854004  0.57687521548256548
  0.58715053311217935  0.59759171420310708  0.60810749702872868  0.61878457095964545
  0.62931547603108928  0.63961448064423143  0.65000217226954815  0.66048501749814514
  0.67099854803044934  0.68147801365957461  0.69193730354712024  0.70277532589536262
  0.71341345951198010  0.72409401872008727  0.73471406431866304  0.74527443610870803
  0.75578565686223642  0.76640067711370963  0.77678483325299352  0.78725888635621033
  0.79783553342760860  0.80857272389038337  0.81918716213781051  0.82983889365969410
  0.84044741837859027  0.85132873207938242  0.86220822531061025  0.87315153630305042
  0.88366074614172974  0.89416602302967418  0.90477875485741110  0.91546882521573003
  0.92594859641593508  0.93632795702734262  0.94716031970163905  0.95746066545825337
  0.96802637076920595  0.97832735890796163  0.98935863869762342  1.00000000000000000
 -0.00225180701398309  0.00896946360766444  0.01906531296028526  0.02964825999905919
  0.04018694270550486  0.05081507165323305  0.06141089629508648  0.07223938400448716
  0.08299204295187998  0.09379926765381531  0.10455707191774101  0.11521476292916540
  0.12587231281427544  0.13641934870539718  0.14711992353366343  0.15769866696052706
  0.16828563532940347  0.17893767899316163  0.18964109682203900  0.20044370294644592
  0.21114756307906493  0.22189914663702140  0.23263040432306767  0.24332487527646099
  0.25389604114272696  0.26451418669864707  0.27515676300703934  0.28583839365864949
  0.29636120989930148  0.30680403475692486  0.31729235860514154  0.32773173374770004
  0.33823062960530947  0.34872388741178978  0.35928068875555980  0.36987464680671689
  0.38054353464452534  0.39110677314424858  0.40143282456744489  0.41161825726959783
  0.42181155658846586  0.43200081661393197  0.44217656369635872  0.45207671504007985
  0.46238292605756576  0.47274929523386117  0.48324157848934091  0.49363178288202192
  0.50403264749341059  0.51462759398586089  0.52523783488652287  0.53562294403516220
  0.54598374403547134  0.55638469408522184  0.56700218238548927  0.57758695919836411
  0.58800777959799400  0.59844378593254388  0.60900445945157011  0.61988182706452510
  0.63025350774363664  0.64057399484781552  0.65060843068856333  0.66112028258608424
  0.67139516596324655  0.68204111141946711  0.69268565036333829  0.70357897584524198
  0.71419999135931567  0.72475748138891316  0.73527429223825080  0.74584042059184763
  0.75638889576184487  0.76710273100113779  0.77763567145052559  0.78834227783797195
  0.79885715350326891  0.80971036251381845  0.82016245508782060  0.83096005023833008
  0.84121338211773422  0.85177903038712932  0.86243412570504141  0.87315733759761460
  0.88359533807569091  0.89407906098712664  0.90439065664079721  0.91510760590632845
  0.92555701702557203  0.93593787608381018  0.94645547748202086  0.95689668492540825
  0.96773698959719701  0.97839689323357448  0.98922141233409422  1.00000000000000000
   6.6616947537118057E-008  -1.0000000000000000     
 F F F F F F F F F F F F F F F F F F F F F F F F F F F F F F F F F F F F F F F F F F F F F F F F F F F F F F F F F F F F F F F F F F F F F F F F F F F F F F F F F F F F F F F F F F F F F F F F F F F F F F F F F F F F F F F F F F F F F F F F F F F F F F F F
  <DiscreteSampler_grid>
  grouped_processes
  1 # 1 for a reference and 2 for a running grid.
  10 # Attribute 'min_bin_probing_points' of the grid.
  1 # Attribute 'grid_mode' of the grid. 1=='default',2=='initialization'
  0.0000000000000000 # Attribute 'small_contrib_threshold' of the grid.
  0.5000000000000000 # Attribute 'damping_power' of the grid.
 # binID   n_entries weight   weight_sqr   abs_weight
    10   10   2.558688395353665E+004   2.047369921715483E+009   2.558688395353665E+004
  </DiscreteSampler_grid>
