  0.00241709939621395  0.01605219465585268  0.02993577607862614  0.04225107213482137
  0.05394838702012715  0.06551307285774072  0.07665003412236857  0.08787895191771486
  0.09885679929541308  0.10996020044856684  0.12106739584681936  0.13213252514601334
  0.14303752298261205  0.15387772963132076  0.16471681747183906  0.17570280308524153
  0.18672089910985282  0.19767067504105704  0.20857873073686295  0.21938902254464965
  0.23026457050139723  0.24101390929251992  0.25176032115595953  0.26254826898016181
  0.27340601241159157  0.28418823694627909  0.29496870895742477  0.30572089029327265
  0.31637368858422010  0.32701030979756623  0.33762616099350506  0.34832705322665142
  0.35897923738186044  0.36962401884630403  0.38027510157932420  0.39094855533184492
  0.40156043112825918  0.41215010923266926  0.42266286637736750  0.43308608446222008
  0.44351122567856383  0.45392602316409941  0.46435347959046985  0.47478874826525291
  0.48542611346824266  0.49620422702937927  0.50689843753711061  0.51745333459573140
  0.52795391110881851  0.53845562416702863  0.54876879396803746  0.55898916416574973
  0.56924716278870391  0.57971707544576867  0.59031194292062483  0.60090728998751197
  0.61146677169180252  0.62196140218472296  0.63248688787672147  0.64299702692894056
  0.65352058182066730  0.66400416382034200  0.67445860580089201  0.68493284924350684
  0.69547801435976009  0.70610696892388758  0.71673999252090859  0.72730936755261655
  0.73778404319488056  0.74823314731522628  0.75868351294370651  0.76909841149393843
  0.77948126053392131  0.78981344748928839  0.80010601848353047  0.81027329203202736
  0.82050526288840986  0.83085530604066038  0.84129095608078319  0.85166552483791580
  0.86179974618231459  0.87185491477193244  0.88186203790331574  0.89187979478760415
  0.90179680292143416  0.91171080350409084  0.92156062827029595  0.93123183513792540
  0.94068279123626120  0.95005212421199647  0.95935539775892587  0.96841566409025770
  0.97704238201111893  0.98515712865523597  0.99351840579199346  1.00000000000000000
  0.00234168545807678  0.01619398549660323  0.02990735538726834  0.04206757889970437
  0.05376002570166079  0.06532822401773772  0.07673872275456060  0.08800325212735795
  0.09903508294992952  0.10985367136703839  0.12062027232044410  0.13136341143610400
  0.14219805956809514  0.15293223441674247  0.16353410066263957  0.17388016562591352
  0.18415041646009608  0.19450019977387423  0.20490133463781959  0.21531488169104085
  0.22571848836912820  0.23624394585420136  0.24688721126924765  0.25745671527825142
  0.26796103008424954  0.27856128368800814  0.28924617798868180  0.29994800034042390
  0.31060158483011152  0.32119241656051400  0.33168515735777115  0.34211984658230082
  0.35254329977104759  0.36292811565391780  0.37337199428410284  0.38380054611810094
  0.39428748361350424  0.40474029242324294  0.41513867446760078  0.42550360773183554
  0.43581681094481828  0.44617872002959291  0.45654404856481273  0.46685091738221512
  0.47712680366769950  0.48747024618505330  0.49790110358574785  0.50836116633045358
  0.51882137308536791  0.52925417959653709  0.53963639217741777  0.55002621381711869
  0.56047047306505204  0.57097299764942688  0.58140331392170796  0.59177756731502706
  0.60212587104696191  0.61251026705461398  0.62295803956127338  0.63346056054005273
  0.64399310742080251  0.65444930584176708  0.66484319158173333  0.67521900481458708
  0.68560825042706786  0.69601531725472143  0.70643291157546717  0.71684100097931802
  0.72719912040371593  0.73749117201534908  0.74776570060014147  0.75810626257219593
  0.76848890265979120  0.77884069789625299  0.78911059078686274  0.79935410638677551
  0.80962585937608234  0.81992225531063856  0.83016505206245450  0.84037258958626770
  0.85050815711852923  0.86065954755432084  0.87077777967338266  0.88084243702860454
  0.89089020833814425  0.90092919733347243  0.91100004317282923  0.92096308163353369
  0.93083626050805157  0.94065516124738069  0.95039233530269673  0.95989740855337158
  0.96897876366050606  0.97752902358889160  0.98550757738044703  1.00000000000000000
  0.00734128466622454  0.00881140125417284  0.00983994841449330  0.01079568364878818
  0.01179498891824073  0.01292794661780718  0.01418167656687634  0.01545720015512158
  0.01669368657562726  0.01795992942066618  0.01923429979160749  0.02051629192776670
  0.02180853627925893  0.02310947335336049  0.02453248713573296  0.02585309301899330
  0.02668443104128658  0.02771661406167455  0.02895488404866017  0.03019776498261286
  0.03145987413177807  0.03275528880215645  0.03409200784804162  0.03546596892254037
  0.03687596284504761  0.03831750560454509  0.03979421955166379  0.04130049815964738
  0.04283008800885935  0.04438653136171445  0.04599288652945224  0.04767613963829735
  0.04943069120099374  0.05124199402840363  0.05309964018981303  0.05501306849687894
  0.05699825570864384  0.05904632931365656  0.06113259152721038  0.06326224062772508
  0.06547604221440653  0.06780407379098430  0.07023182702525621  0.07274140360976611
  0.07533586018168981  0.07802220382597690  0.08080904253889533  0.08371165819278434
  0.08675083809331721  0.08993775418906960  0.09325352832932579  0.09667618283298654
  0.10021021295696760  0.10386922847088434  0.10768002532505845  0.11164624631060073
  0.11577651439996776  0.12006643447463623  0.12452132069129165  0.12921484120014551
  0.13417849298311207  0.13938286444355780  0.14478336897252617  0.15042045797698553
  0.15638595237077962  0.16266393021648268  0.16919623202251230  0.17602962544592995
  0.18327426700148619  0.19095494700307822  0.19901059140752678  0.20743908604548708
  0.21647258238969788  0.22603168281649780  0.23610217978477641  0.24669716001771155
  0.25802522534377015  0.27031509744024590  0.28342826727114273  0.29738159952138904
  0.31223245269728084  0.32820674630713298  0.34541001880071209  0.36419685404337077
  0.38486111123131517  0.40758994849305247  0.43237531162461956  0.45983220372331418
  0.49064402263667040  0.52613317188115727  0.56797598182686615  0.61883173228582844
  0.68724730121395872  0.80308268705326424  0.90485828519675271  1.00000000000000000
 -0.00102710644412103  0.00395701741716600  0.00925503458103721  0.01449126796572759
  0.01978187368072554  0.02518582655909862  0.03062013802399129  0.03604680283055016
  0.04146816576412523  0.04690509020451310  0.05241064384285933  0.05801427862797816
  0.06367001697271109  0.06935331603178577  0.07500990231245988  0.08067124371684417
  0.08633488258094919  0.09203162475531268  0.09780109174309556  0.10359431970226655
  0.10940271441547879  0.11523873860930525  0.12111050395667390  0.12707481275677326
  0.13310912341189390  0.13918815362940423  0.14535333488050725  0.15166951706901838
  0.15808216818851556  0.16449418395519738  0.17091933409120996  0.17738692822733099
  0.18395413655923826  0.19061329824103401  0.19731567570963834  0.20407391239732922
  0.21090520574659807  0.21779171576790307  0.22467728874331649  0.23160431142803878
  0.23860567566974494  0.24560990097380808  0.25266151479489934  0.25980722495401387
  0.26707642377984642  0.27450726931704050  0.28194086247606603  0.28942610321075202
  0.29693580532363339  0.30455446649296708  0.31236730084544073  0.32030993020328069
  0.32835540892772747  0.33654680610728149  0.34481647008053523  0.35320173981315445
  0.36165623894733617  0.37020905570270457  0.37889682128521635  0.38778678844054965
  0.39684487065557938  0.40604179927572570  0.41534587640156639  0.42479888187971893
  0.43446053781217236  0.44434315557630821  0.45439541328706956  0.46456434670505248
  0.47485813108378205  0.48535396246483148  0.49605773941808989  0.50687523881760144
  0.51790333119723952  0.52923961160439759  0.54095049520585392  0.55306762258670672
  0.56557071219278776  0.57841826761500303  0.59146415236272809  0.60487224958234664
  0.61865227304631309  0.63292535349873913  0.64774316999671289  0.66318306935091009
  0.67939762126189307  0.69656360389401872  0.71464497246659420  0.73352110940261206
  0.75334374322765241  0.77448905034994753  0.79765511112929877  0.82368756359205775
  0.85327217021742963  0.88759499072567116  0.93321657103167555  1.00000000000000000
 -0.00241647333586012  0.00943889261017398  0.01961521460551672  0.03046978885447609
  0.04110174734356295  0.05174548453732300  0.06233416669592278  0.07303549476672083
  0.08369800350060075  0.09423047168752231  0.10477247197644911  0.11545793457541212
  0.12607338356762304  0.13652817586865504  0.14690504184577208  0.15731831681394820
  0.16789661510945519  0.17845063646710807  0.18912836548325110  0.19966119255844339
  0.21016357046014203  0.22064841324100201  0.23111975833817200  0.24156331920537477
  0.25193871916758703  0.26246057453181987  0.27302264359116518  0.28361416572539183
  0.29422299623160153  0.30477637573622601  0.31523714562249433  0.32573547935979419
  0.33629187099582719  0.34681742986754538  0.35739657483991955  0.36809357902722856
  0.37865716592727372  0.38926181913895264  0.39988208410938175  0.41062261886760332
  0.42108101887324717  0.43146146637127131  0.44179013202565637  0.45235433703762834
  0.46288789123355328  0.47343250261677827  0.48406476358449463  0.49465031263031306
  0.50517297634701164  0.51557902098392439  0.52612459697558078  0.53654879109669062
  0.54683300547296876  0.55708505957281651  0.56750619800343816  0.57807054269126945
  0.58846051613792150  0.59896366392027123  0.60967073351253642  0.62039646214288269
  0.63098290754174635  0.64126520562176548  0.65162094390100789  0.66201329373814399
  0.67262801337132461  0.68323666274239314  0.69382483480014634  0.70447031040711461
  0.71514516961235597  0.72575620800349394  0.73634406929123308  0.74672128901867629
  0.75727533115051715  0.76746399043034697  0.77792618790678758  0.78829116929457888
  0.79894786429818787  0.80951169056363026  0.82001338466348250  0.83059795546042337
  0.84093455131139339  0.85131839676006438  0.86191785118706499  0.87267867220672002
  0.88336787349331336  0.89381222498520885  0.90429559216326449  0.91503421654249850
  0.92570124768945083  0.93653484612405069  0.94691985873834350  0.95760003493679602
  0.96817493747935479  0.97876769985105250  0.98941395365147433  1.00000000000000000
 -0.01405520514938260  0.06335310982372072  0.10869137705890659  0.14322581300135484
  0.17251596618192966  0.19847485257559661  0.22199695143394549  0.24375091899637510
  0.26407726018060046  0.28315777673805570  0.30104382326694623  0.31799335821870611
  0.33432189033670778  0.35007701123764434  0.36498259778727971  0.37916568835322129
  0.39275373457888513  0.40616127966912990  0.41912749531855364  0.43166453269566635
  0.44388356040731242  0.45590404824052505  0.46762546239671593  0.47908312385333124
  0.49036677785856370  0.50148041774654184  0.51231802420976724  0.52290063955094457
  0.53324541512958024  0.54341892637091260  0.55333194235352579  0.56300864651577998
  0.57259575302826449  0.58214218400497753  0.59161295029123928  0.60086983199899946
  0.60989412517339692  0.61874517270170237  0.62742756760596663  0.63597290943247198
  0.64443569944333490  0.65284822712836343  0.66119841322507933  0.66936286396537414
  0.67740428937699748  0.68537880665685436  0.69324644844611949  0.70099982904165714
  0.70863747291810553  0.71611862866318232  0.72352178023800673  0.73095034993113428
  0.73832094677893167  0.74556822096181563  0.75275829104546110  0.75984754133073629
  0.76690397756396145  0.77389070817636285  0.78078206749904799  0.78756330105148109
  0.79431234043546761  0.80104857186044243  0.80777465323980457  0.81445508034628955
  0.82104366450076216  0.82751913005556110  0.83391089710048572  0.84023077219467257
  0.84650322313537529  0.85277475457078988  0.85901381785185305  0.86518926442087873
  0.87131621873948772  0.87739757439581501  0.88342260118806537  0.88939678735592287
  0.89531895124068739  0.90116684382218271  0.90696520041063200  0.91273433487947875
  0.91847965321331237  0.92418877914184439  0.92986303843849616  0.93549841839801728
  0.94110970652800530  0.94669275461967051  0.95224320757174152  0.95774390022268396
  0.96316400280255532  0.96854147501004051  0.97391373102784429  0.97925298131087246
  0.98453084406770630  0.98970880123328764  0.99493406705430754  1.00000000000000000
 -0.00225477085660756  0.00885316426603227  0.01901805453315586  0.02944835502192608
  0.04007832502526728  0.05041546892813812  0.06089381695047698  0.07143945806255453
  0.08198346438291058  0.09282621110021176  0.10333483923171957  0.11393348349829302
  0.12431621796692452  0.13510357118205876  0.14578085423599957  0.15649680447937764
  0.16695754561413248  0.17752328508105328  0.18807611691220705  0.19875789486161272
  0.20948121448227811  0.22005748171280340  0.23070906764963942  0.24150954511075123
  0.25217280833707140  0.26272067872990473  0.27323903139581512  0.28381959708242693
  0.29443930291713283  0.30495874278566643  0.31543693327193123  0.32588214205309390
  0.33637507315599247  0.34705278485861912  0.35775406711424551  0.36847626893142588
  0.37894252776455623  0.38936395784264616  0.39984959173878498  0.41058652752032393
  0.42145532730595636  0.43229364204758775  0.44303001871324071  0.45368994026214404
  0.46434178983777258  0.47498321693967699  0.48555925785879600  0.49607315521953782
  0.50664441209926669  0.51726107687927603  0.52787037386581037  0.53849361527415762
  0.54910937560765793  0.55968912833609541  0.57023010278347086  0.58075943640513084
  0.59124473423188173  0.60160898723627898  0.61192319990542343  0.62231564507912152
  0.63279343569924307  0.64337093197378281  0.65383924366761992  0.66439397050094906
  0.67493487703529043  0.68550117194081839  0.69618957946322935  0.70676891442593814
  0.71731034133491189  0.72768906351863849  0.73829897748224149  0.74886104662463349
  0.75930428219915436  0.76972780007375852  0.78026255387618781  0.79082640981735830
  0.80136969140493564  0.81186871922129367  0.82226943028497335  0.83269132191334272
  0.84310326061024354  0.85347388815424208  0.86381482318755931  0.87415261549534484
  0.88474782855507683  0.89510961534999633  0.90553267119999692  0.91584939685276479
  0.92646652569093313  0.93686092787732378  0.94751973081955421  0.95784744769125485
  0.96855924258233594  0.97909673166200129  0.98968577513906764  1.00000000000000000
 -0.00235442602479922  0.00923596301003039  0.01929438282865855  0.02981800729653367
  0.04017884198096212  0.05076492274834267  0.06130369516836613  0.07189291495596482
  0.08256253980738587  0.09327676995671720  0.10385562017780738  0.11429886581594517
  0.12484870289037120  0.13536114489916518  0.14598118795426973  0.15652979067533110
  0.16711113251507431  0.17773811972612363  0.18832605129759872  0.19912481852916633
  0.20970592988497733  0.22028459045635493  0.23078361848738413  0.24133801348990294
  0.25185083315105616  0.26235135183791447  0.27292646958333355  0.28367437341057344
  0.29446795346555898  0.30513102100898298  0.31561641305641092  0.32616870408288867
  0.33675713208918945  0.34742610949297770  0.35799456068861035  0.36856901048699020
  0.37914417910806658  0.38982783417917799  0.40054026305274265  0.41120164268698950
  0.42182119962254311  0.43243992836416317  0.44307872348841831  0.45361369531086443
  0.46423728215086218  0.47495442102704344  0.48571639834980168  0.49640797366788614
  0.50708059391023486  0.51767680916012415  0.52821483932998903  0.53880255993232717
  0.54941444266287909  0.55996543572630386  0.57037517672282789  0.58087805234810042
  0.59151148138863130  0.60215686969052207  0.61265779313024993  0.62312546174009886
  0.63366043387153559  0.64417928845667716  0.65462669307466703  0.66503495012666103
  0.67557978181365153  0.68610754211270919  0.69648032206168176  0.70685266505563316
  0.71725083963433844  0.72771580858390206  0.73819968535925129  0.74885769050890183
  0.75961583589710002  0.77023333575534503  0.78083230504370393  0.79137897925919198
  0.80193037733953798  0.81241541714294052  0.82302019570467655  0.83341084127953036
  0.84342443612873819  0.85351589511466275  0.86369162442103442  0.87394837854386831
  0.88423604676750811  0.89402535969528274  0.90489414281652980  0.91584470715792010
  0.92638967921401649  0.93693423809149823  0.94734979617029769  0.95800510243626746
  0.96849032424154247  0.97883072266597060  0.98933973014668286  1.00000000000000000
   6.6679466047798937E-008  -1.0000000000000000     
 F F F F F F F F F F F F F F F F F F F F F F F F F F F F F F F F F F F F F F F F F F F F F F F F F F F F F F F F F F F F F F F F F F F F F F F F F F F F F F F F F F F F F F F F F F F F F F F F F F F F F F F F F F F F F F F F F F F F F F F F F F F F F F F F
  <DiscreteSampler_grid>
  grouped_processes
  1 # 1 for a reference and 2 for a running grid.
  10 # Attribute 'min_bin_probing_points' of the grid.
  1 # Attribute 'grid_mode' of the grid. 1=='default',2=='initialization'
  0.0000000000000000 # Attribute 'small_contrib_threshold' of the grid.
  0.5000000000000000 # Attribute 'damping_power' of the grid.
 # binID   n_entries weight   weight_sqr   abs_weight
    10   10   9.031087689976110E+003   1.809863229790482E+008   9.031087689976110E+003
  </DiscreteSampler_grid>
