  0.00230854346792858  0.01663014273886385  0.03051875465515307  0.04259961113628998
  0.05416744214385190  0.06561076461244743  0.07701320828646681  0.08846175072308080
  0.09971846642163990  0.11095266275913065  0.12198986426074515  0.13305167584602923
  0.14399854359667497  0.15495474883095492  0.16587341741039313  0.17671647768845322
  0.18763998565573889  0.19867101523105049  0.20972271567165054  0.22061948619107075
  0.23137430947054277  0.24210428987787252  0.25275367532112630  0.26336780481541811
  0.27403321236747924  0.28478781417781240  0.29555131851156147  0.30627128126683623
  0.31702077995868072  0.32777715948300040  0.33844937888792770  0.34904829241486662
  0.35959193323162952  0.37014807944909045  0.38072294907649307  0.39133257129780941
  0.40195139201697749  0.41262827559109216  0.42321278410570112  0.43372336535949679
  0.44415982780028190  0.45468214320378025  0.46526940752241774  0.47597926682574981
  0.48667104411512524  0.49731593710863559  0.50789224175830727  0.51846138573421319
  0.52898847572084451  0.53945727989233716  0.54994825794467372  0.56051553227504280
  0.57117024404333050  0.58178306215975373  0.59239475005989906  0.60292724607055970
  0.61340563508814339  0.62388027163715742  0.63430298725105372  0.64470504166091169
  0.65516547429094396  0.66573559744006006  0.67628348519961368  0.68669353246530151
  0.69704056416556304  0.70750932909775277  0.71801956213069651  0.72855728407769127
  0.73903016740331573  0.74941722132196265  0.75978675144403141  0.77013951711981965
  0.78045371212290715  0.79068165130932788  0.80094979239557917  0.81124894505665734
  0.82152934226723584  0.83175324038578136  0.84194135997206032  0.85211357322597692
  0.86227155605739891  0.87247111788782261  0.88272417641484224  0.89299713841411377
  0.90324864888978995  0.91346578000241130  0.92349801435085332  0.93342670585644893
  0.94319532615069812  0.95288380787084881  0.96224113157331825  0.97126721410809180
  0.97966792446838236  0.98700717480684741  0.99329767422753790  1.00000000000000000
  0.00223582304204693  0.01695824775543862  0.03032947442431755  0.04238961013684205
  0.05404022900895743  0.06548037768784012  0.07706342403767820  0.08831199707432456
  0.09955141825711510  0.11075249253122731  0.12198337734654754  0.13304005061413285
  0.14388047650428773  0.15483757034642684  0.16582412190552562  0.17671973308753794
  0.18751874487138065  0.19825750134408532  0.20905504504693564  0.21990218759010002
  0.23082280261547314  0.24170431512429968  0.25252520940402584  0.26329141158885949
  0.27405082911253603  0.28479051893829199  0.29550351831332611  0.30617394038815349
  0.31683075997015392  0.32756015479373762  0.33838311566931489  0.34917855051556540
  0.35986875761989956  0.37050116366770969  0.38109183825991549  0.39167861633990508
  0.40230217100904292  0.41297365689150739  0.42367244017286404  0.43437180978978418
  0.44511592297385477  0.45585790031371648  0.46653917956545987  0.47720092008407128
  0.48785374881541238  0.49849895264793442  0.50902056628020431  0.51947089923850143
  0.52985549765266449  0.54026653737092079  0.55077050348721834  0.56135014544905515
  0.57189521103293661  0.58235203792831280  0.59277391882876673  0.60312722439974231
  0.61339047450876127  0.62366359126425419  0.63403514818732642  0.64443377940953506
  0.65474463317780296  0.66507551260832942  0.67547330135470240  0.68588845562616996
  0.69625792327064528  0.70663437463474721  0.71705761243446831  0.72758198047095646
  0.73822236666740471  0.74883505072333667  0.75928548009372421  0.76960593113875564
  0.77991313412993546  0.79025621329209939  0.80055141729911272  0.81088697693538692
  0.82124310668642053  0.83166062742140023  0.84202823886649281  0.85229174458275359
  0.86247046531565041  0.87263937395652991  0.88288666460546050  0.89317410095913008
  0.90334307008983206  0.91331963944113126  0.92323128585732173  0.93311960833672469
  0.94293920680183141  0.95251409851439872  0.96187008463274382  0.97095548538945631
  0.97940718716771269  0.98676074777455225  0.99355830028073222  1.00000000000000000
  0.00740598842463216  0.00904214347683628  0.01024978752862413  0.01141069629084427
  0.01257214162964551  0.01375357263061480  0.01487387568301809  0.01610602724018060
  0.01735061822872803  0.01860217478342343  0.01988124790621783  0.02120671168956110
  0.02249777033594852  0.02370558135165189  0.02491321205903007  0.02608504930478585
  0.02716194784809967  0.02826462411006248  0.02949155225016991  0.03071889203741371
  0.03196066837778416  0.03323797153412218  0.03455347663743057  0.03590702760539859
  0.03729222350710167  0.03869641249038755  0.04013638006895048  0.04162261918781992
  0.04315258311195018  0.04472500651321162  0.04634295817803256  0.04801371878776796
  0.04973282852361061  0.05150747215917584  0.05334194843488928  0.05523854371132103
  0.05720542873448346  0.05923898953109343  0.06133691562948416  0.06349845614521765
  0.06573928695259455  0.06807324009180342  0.07051286110987531  0.07303808861872639
  0.07564560737852624  0.07833039295649645  0.08110205917599045  0.08399700713295787
  0.08700060462287997  0.09014287571560481  0.09340529135457463  0.09677088336671012
  0.10030546634473790  0.10396597326597110  0.10774494126448389  0.11165723053008660
  0.11576058268949181  0.12005096987316707  0.12449296133899171  0.12912395343833147
  0.13399437711635556  0.13914489268370933  0.14455220053980017  0.15023662453081624
  0.15621074307910987  0.16250302709362779  0.16908768866985180  0.17594336017730783
  0.18305478948880013  0.19053386077958384  0.19842117461108771  0.20677938830002596
  0.21565294738214766  0.22512826135311406  0.23522501779052274  0.24590231103463212
  0.25721747262938371  0.26927881512457746  0.28213079386824946  0.29579861943469649
  0.31038085081305744  0.32618223071620284  0.34322598674062710  0.36162688609270854
  0.38161987175421741  0.40379854317819996  0.42843613657625917  0.45577990874259505
  0.48623920110446311  0.52066065819393281  0.56044899150545480  0.60851541869887871
  0.67170032686394410  0.77401025661096923  0.86575716587948137  1.00000000000000000
 -0.00104168314412753  0.00399989708417110  0.00930116143965845  0.01459057985172915
  0.01990876439711439  0.02528190100972340  0.03073535462729008  0.03627923592556557
  0.04187635506898101  0.04745491889968441  0.05298913056901935  0.05850120801390848
  0.06404510889892813  0.06963569404020262  0.07527700318233253  0.08098605273799052
  0.08678317080656124  0.09268216792760270  0.09865532619029752  0.10464084256715214
  0.11056352286927837  0.11645006717538031  0.12241437150155320  0.12846680206021341
  0.13457929099723259  0.14071983050672787  0.14690350118402579  0.15314722634416875
  0.15953035275447372  0.16604022558222883  0.17258240101242020  0.17908987878738616
  0.18557212130702741  0.19215328446551930  0.19885758858068209  0.20565228956214229
  0.21245277440375254  0.21921999328697842  0.22604579872829347  0.23298219307242901
  0.23996777210615139  0.24696181369208309  0.25398716834568746  0.26107783584086575
  0.26827051578181410  0.27564416627401223  0.28313778638561926  0.29067098795094942
  0.29833553829477677  0.30603026935624511  0.31379802413837665  0.32167606088850936
  0.32964851258297662  0.33760702955027816  0.34571918074623331  0.35391597695039029
  0.36233878866698449  0.37088930767538703  0.37950523947231019  0.38820732109665840
  0.39706708679055552  0.40616411605321096  0.41544788652629383  0.42493332192354544
  0.43464470405705202  0.44454496409714211  0.45456062687506266  0.46468707315183505
  0.47489990310185842  0.48525792315341221  0.49581156160344780  0.50665589910953046
  0.51784647059795252  0.52929079210094476  0.54099300678184781  0.55294456091624933
  0.56509410844000729  0.57759050115845101  0.59061963395207051  0.60416103048185643
  0.61782454707980017  0.63184032219290243  0.64648760812339157  0.66185802873731736
  0.67804031538013543  0.69495571283677360  0.71265069640753920  0.73139386604910950
  0.75165090076342322  0.77347068579333267  0.79713248268375370  0.82331700705766786
  0.85302789676552537  0.88778186962711747  0.93276489723908729  1.00000000000000000
 -0.00226193419335126  0.00902871627083094  0.01890840792363836  0.02956103402104772
  0.04010029450791172  0.05083925691434323  0.06119004073746161  0.07207962697353620
  0.08273968043620832  0.09336571628960126  0.10384966628687137  0.11419157409220256
  0.12453915598393932  0.13483081011493186  0.14543162338710125  0.15585169521729061
  0.16653307973308132  0.17695272481660515  0.18752047152638585  0.19794995061917148
  0.20842028868714643  0.21882383008032555  0.22932241428264499  0.23982688247395445
  0.25046871663799225  0.26089024900422186  0.27147214819297871  0.28212686738429549
  0.29293228985457481  0.30368333695620836  0.31432542554428761  0.32486734705479980
  0.33534905364960504  0.34584145372768227  0.35643988926858422  0.36706674130782141
  0.37784531093189194  0.38855113797587781  0.39920340365838641  0.40984629431545250
  0.42044737596929360  0.43103933330701794  0.44160407836030191  0.45229343407522132
  0.46297081053996969  0.47356499894031473  0.48403950928444905  0.49448715182715325
  0.50492357191979054  0.51534582873278911  0.52577129933697098  0.53625848578671853
  0.54682636071305812  0.55740317352262458  0.56782819746523472  0.57838390402317774
  0.58895460278756151  0.59970332417411298  0.61026226282945373  0.62087432453270219
  0.63145515427596655  0.64210721990006148  0.65271837997717541  0.66334492782244470
  0.67415541142783442  0.68489452297877984  0.69548676988284164  0.70585542579800664
  0.71644393437242893  0.72708925153856652  0.73763727313951488  0.74808109891009411
  0.75846519755538100  0.76884402181203837  0.77926679982626035  0.78974329477037664
  0.80024633415694257  0.81075029903708407  0.82131483673078121  0.83196615557503251
  0.84256101132524697  0.85309357380760409  0.86366662160258556  0.87416287820418548
  0.88467322626362910  0.89509935141346741  0.90562544635609521  0.91608191716103371
  0.92682441188655318  0.93741431764104455  0.94808671876201522  0.95863318444944068
  0.96903468214522048  0.97948880384951054  0.98964794730718098  1.00000000000000000
 -0.01416142324480472  0.06339767298895556  0.10889305014770609  0.14392215828719424
  0.17381578318322352  0.20015447493982408  0.22345415169721364  0.24480713701533163
  0.26495964339229994  0.28407749404550298  0.30213108845656544  0.31925483159564982
  0.33566782465538675  0.35134257864673235  0.36631302018559420  0.38053125136540261
  0.39407868586140044  0.40721597526732661  0.42014120954827755  0.43278346301895693
  0.44516261693095399  0.45729729036185790  0.46904742737502320  0.48040085759467144
  0.49144822609956212  0.50239187866377943  0.51322276260847843  0.52382896237330490
  0.53415568159722415  0.54425439761512917  0.55422110721994144  0.56394537863336014
  0.57339153299669743  0.58267363656228055  0.59194975839567809  0.60115862008777798
  0.61021995870976231  0.61908035822778973  0.62778481634367778  0.63635357800432357
  0.64487070391397483  0.65329183270851932  0.66160020871791692  0.66978605001011193
  0.67789771075955652  0.68596852069260195  0.69392553651384237  0.70171177852301425
  0.70940591780080986  0.71690402368384232  0.72436626781540225  0.73168605306062662
  0.73890685526854560  0.74607781687616681  0.75322084897370156  0.76034303703905026
  0.76742102680449997  0.77439655080556435  0.78123286225114785  0.78792802052115207
  0.79457897205303885  0.80124406878445309  0.80787630369498775  0.81444242453047311
  0.82092857968869526  0.82733882518760593  0.83372951778905457  0.84008668695317101
  0.84637803681076396  0.85263089960934502  0.85886153125049725  0.86504594486141873
  0.87119700390263843  0.87729956681394528  0.88332863169828890  0.88933432906197385
  0.89531406492026366  0.90123851431220214  0.90709623528271832  0.91289305778112040
  0.91864175367451451  0.92435557529810752  0.93004679955488712  0.93568093281530873
  0.94124627909837710  0.94676083244252096  0.95224883765175028  0.95769810410767731
  0.96312870684742224  0.96852816422407739  0.97387217708368157  0.97915521052802179
  0.98440787027366805  0.98963188383232192  0.99479666067329353  1.00000000000000000
 -0.00241482712065684  0.00957827044974942  0.01950770125555311  0.03020015388206573
  0.04064761784149665  0.05115014157826298  0.06128389242513423  0.07182853887968044
  0.08214211539883060  0.09265434873984943  0.10323118820249219  0.11399254265539087
  0.12474723576579394  0.13530818001235684  0.14591994608138537  0.15654719588963714
  0.16735277413161265  0.17769968536025416  0.18827364727368140  0.19877611981624441
  0.20936544146432629  0.21979698160185232  0.23009001756075201  0.24053812866427404
  0.25101899517756815  0.26161953425254714  0.27210852946331743  0.28260617807982308
  0.29291157006210394  0.30359843693334404  0.31409615899335508  0.32469224052825540
  0.33535966898694602  0.34603190009295015  0.35685029786980021  0.36731888956990322
  0.37796850064181547  0.38839584813798811  0.39889481093714307  0.40940659638000604
  0.42006301745041513  0.43083219609469559  0.44156195583722480  0.45215628562495064
  0.46281856360058177  0.47346708699892215  0.48403956485964694  0.49462444876686135
  0.50521246566056222  0.51580045993201862  0.52630131870235686  0.53687752765842556
  0.54749900460088374  0.55804239933975108  0.56853641194116922  0.57909161283278165
  0.58963027178495853  0.60019468056850300  0.61060339541673792  0.62109555496796087
  0.63157121205102973  0.64195937762933575  0.65250548771839723  0.66275640151888571
  0.67306878769985345  0.68325151871941392  0.69386728010045484  0.70439408798487579
  0.71487550180121495  0.72528572469218500  0.73590056486443067  0.74644155499659814
  0.75714407290678942  0.76774591805685866  0.77851041950650746  0.78897024609613597
  0.79957084344859763  0.81013986835986773  0.82076288793473173  0.83129042774446893
  0.84171511802010379  0.85215355942056403  0.86273897528452681  0.87310583547842890
  0.88342526999968807  0.89384539655550843  0.90461792404529606  0.91539418909796799
  0.92593173526111272  0.93619501797633253  0.94667182212540402  0.95715141743008347
  0.96793429746232396  0.97847160740606598  0.98929527098274717  1.00000000000000000
 -0.00230912735997945  0.00915660447651607  0.01917686476485933  0.02980244925842575
  0.04035356254379310  0.05101328330986656  0.06134216955132072  0.07181550896922700
  0.08249766428732415  0.09298144053800149  0.10342019281249831  0.11381983108601403
  0.12450636889001220  0.13490002005715851  0.14541077031537711  0.15602915994437300
  0.16694372487296877  0.17719185607077809  0.18785535165377193  0.19810546469491977
  0.20844861683644389  0.21877968660413169  0.22910972701375981  0.23965179114610466
  0.24996382460629665  0.26045307628443959  0.27106725888776895  0.28179106345403426
  0.29254041158208799  0.30319079606449162  0.31385059975682972  0.32459024749121324
  0.33534327404830544  0.34598638010095567  0.35670083004789660  0.36728136371584724
  0.37775901116052563  0.38818896169251083  0.39878472086557148  0.40931869359818829
  0.41994651384321330  0.43043598890955709  0.44102278357854713  0.45144692211459575
  0.46195359818652920  0.47217745566681385  0.48259971235142796  0.49287439139203310
  0.50356538788861416  0.51418909849638517  0.52478708089683157  0.53517622324373326
  0.54564794588838506  0.55609725565357859  0.56663545261225245  0.57720613093533069
  0.58779534577021808  0.59839090649310012  0.60891502522428576  0.61964550439102606
  0.63034294724224149  0.64102103401504218  0.65149664616791947  0.66187558521183054
  0.67226237578441905  0.68268744201843723  0.69310319331890535  0.70382451231058596
  0.71448282677790276  0.72519852854555678  0.73556191451621267  0.74603559784600904
  0.75650617052121860  0.76727557022395199  0.77798463672618678  0.78867570105911511
  0.79915691675515765  0.80947032075638792  0.81999290557072313  0.83064298845527540
  0.84110354241294938  0.85161036052299888  0.86177172384906864  0.87247967627165479
  0.88276455461585401  0.89355269363778256  0.90401863672996885  0.91501719413314819
  0.92549681431640829  0.93622944309381462  0.94659016643179283  0.95732512839972350
  0.96815171755293905  0.97874674136472317  0.98939628188644113  1.00000000000000000
   6.6627251512670280E-008  -1.0000000000000000     
 F F F F F F F F F F F F F F F F F F F F F F F F F F F F F F F F F F F F F F F F F F F F F F F F F F F F F F F F F F F F F F F F F F F F F F F F F F F F F F F F F F F F F F F F F F F F F F F F F F F F F F F F F F F F F F F F F F F F F F F F F F F F F F F F
  <DiscreteSampler_grid>
  grouped_processes
  1 # 1 for a reference and 2 for a running grid.
  10 # Attribute 'min_bin_probing_points' of the grid.
  1 # Attribute 'grid_mode' of the grid. 1=='default',2=='initialization'
  0.0000000000000000 # Attribute 'small_contrib_threshold' of the grid.
  0.5000000000000000 # Attribute 'damping_power' of the grid.
 # binID   n_entries weight   weight_sqr   abs_weight
    10   10   3.507879996721356E+004   3.268437933128007E+009   3.507879996721356E+004
  </DiscreteSampler_grid>
