  0.00281548926757473  0.01466953248511854  0.02710328553209184  0.03936124443162931
  0.05130273306327051  0.06291965063783954  0.07443612585937801  0.08587333598908196
  0.09710314882974203  0.10812835215876883  0.11908238753735648  0.13003898702803979
  0.14102551373607283  0.15209394442609003  0.16325002433212990  0.17435596149407642
  0.18533724325969594  0.19623061807548062  0.20707813349815540  0.21786986611983286
  0.22861482741567549  0.23941135721858264  0.25028458182818103  0.26118096938661328
  0.27206796709381392  0.28296422161420531  0.29381195773023960  0.30451966107217932
  0.31510129261775610  0.32567327126936063  0.33636342517890999  0.34713302958075537
  0.35787434394520851  0.36852211697193887  0.37914361474619207  0.38984405482038925
  0.40060453067023405  0.41138700710775278  0.42213555753943310  0.43286499339000079
  0.44363440449888958  0.45437941202010296  0.46502485849522424  0.47556911077389641
  0.48609519959104225  0.49663468431869107  0.50714456013638265  0.51767578186665764
  0.52827671728145875  0.53892137970413401  0.54953372798006017  0.56012515217330561
  0.57077585106086637  0.58145859389346488  0.59204083626954118  0.60251239897626863
  0.61297386744615923  0.62349542680076708  0.63398816983319373  0.64445709469670021
  0.65496444367618645  0.66547196681309539  0.67594291940470386  0.68641360583124278
  0.69694080808094305  0.70744948690258103  0.71788150994571465  0.72832086945331020
  0.73876453445605228  0.74918791929109940  0.75959683856223503  0.76994377661073199
  0.78031154568269989  0.79060081047335728  0.80093670191225719  0.81133388622250990
  0.82184623746368934  0.83243205429739464  0.84291157632669311  0.85326227429714574
  0.86349567646236236  0.87361747349158703  0.88370666506615470  0.89372236397053328
  0.90375374761084726  0.91382425291436709  0.92375278047130627  0.93360429409227641
  0.94330825965678355  0.95285578307613561  0.96219208088360653  0.97111640134893695
  0.97952826690502959  0.98679487901536567  0.99354744697344111  1.00000000000000000
  0.00229279092067848  0.01650388426912986  0.03032656162100986  0.04255271498232495
  0.05432191835850800  0.06584446802151733  0.07718397484253410  0.08840979196359643
  0.09949242171070802  0.11052121244532212  0.12157138755902887  0.13264974956691672
  0.14370711053745994  0.15477278745060136  0.16577023866004820  0.17672691253875672
  0.18755096982887912  0.19827142264607031  0.20892203193506381  0.21965042398781315
  0.23038351429664136  0.24107226695516085  0.25174367071978632  0.26246851013754757
  0.27318584762044507  0.28376487117611787  0.29422361590912771  0.30474558873775054
  0.31502074142631220  0.32466166752336201  0.33435244953552118  0.34415738062940859
  0.35472119493514975  0.36527498583851692  0.37579901954741657  0.38635513020192169
  0.39690772135321584  0.40744222088492804  0.41801030357582580  0.42855879277495473
  0.43905585099516919  0.44960892548155051  0.46019829038229948  0.47084328116745910
  0.48147733844449953  0.49213669034378998  0.50281117599274772  0.51342697463092024
  0.52405908493663289  0.53465868233181735  0.54521022583550260  0.55574015487884776
  0.56625430227392282  0.57675194728264512  0.58722700633676184  0.59772521740089180
  0.60818062083457680  0.61862570756341051  0.62907338091171383  0.63957656623489634
  0.65006765764168972  0.66050399165813478  0.67092968504294170  0.68133193548905702
  0.69178401358650876  0.70224078566489856  0.71272491180228370  0.72318372474644443
  0.73361887232488510  0.74402759063462320  0.75439605020983269  0.76464861080430402
  0.77478096839741695  0.78488981639490063  0.79511494327020826  0.80542419977460800
  0.81561797223225352  0.82564866949164062  0.83568658339384749  0.84587862300796557
  0.85620376400006792  0.86651954380906626  0.87675506876397158  0.88690291340311800
  0.89700887751177938  0.90707465368781770  0.91708520292879014  0.92692407438148927
  0.93658079397277327  0.94615161928584490  0.95562536500397632  0.96484259517045545
  0.97358640644741046  0.98161933164534798  0.98952769930837892  1.00000000000000000
  0.00627763823759384  0.00679938072876132  0.00728035432517424  0.00774440344082321
  0.00819355292317187  0.00868593665005501  0.00920399171069018  0.00971292604174472
  0.01021379874983991  0.01138617510924300  0.01246789988231043  0.01355887673948571
  0.01470481274838992  0.01592468408203515  0.01717777816268790  0.01843080885675707
  0.01969867679991583  0.02100816229309029  0.02233064523044051  0.02355932440607381
  0.02480850427072915  0.02606298477768908  0.02721863361303543  0.02842997980487519
  0.02973921034870185  0.03108673630125529  0.03245645745730900  0.03385392626680387
  0.03528044555064615  0.03674314021298874  0.03825305447892176  0.03981107575892563
  0.04141814624680307  0.04307623966858616  0.04478293028632192  0.04654197000071689
  0.04836043578734096  0.05024500040303417  0.05219607234480175  0.05421462853271418
  0.05630995195422617  0.05848030161840048  0.06072530186597148  0.06303575331871754
  0.06541989279594675  0.06790103376536046  0.07051508246390832  0.07325392804346577
  0.07610298434005390  0.07904905840096156  0.08208940639499002  0.08525036738797528
  0.08856155734517294  0.09204288906005317  0.09567934790493990  0.09943284021597050
  0.10329116018746350  0.10729148540321916  0.11152121793939548  0.11603202277796888
  0.12077059345691153  0.12566361898560333  0.13074762663999559  0.13610157684590074
  0.14174743612209711  0.14767370466884841  0.15389653917202670  0.16042872962497870
  0.16737912225119872  0.17479893189856480  0.18264163669454242  0.19083412712968811
  0.19945804001930342  0.20856692441958463  0.21824164512462699  0.22857258015008061
  0.23963954881746236  0.25154559512651425  0.26437116614340328  0.27806875969615796
  0.29272947152729922  0.30860410889235945  0.32593949534749667  0.34492035987515535
  0.36557606164312456  0.38826845654569886  0.41340569641906438  0.44140640626051819
  0.47281352680475147  0.50862061764883904  0.55070440909246365  0.60286871479495296
  0.67380822477868929  0.79253100184642011  0.89232854263559014  1.00000000000000000
 -0.00102390756977475  0.00393857343119585  0.00920237832968917  0.01448409374612380
  0.01979279925091123  0.02510813637204813  0.03042332037609028  0.03576116712553380
  0.04114729804871360  0.04660573582931383  0.05211605413096493  0.05764908532009880
  0.06317792820410466  0.06871757957156596  0.07430944822829298  0.07996243569068573
  0.08566693652317231  0.09140100784184992  0.09715692037936319  0.10293043145026956
  0.10873620614664663  0.11459292174675910  0.12049672094458840  0.12645389416220629
  0.13247725417902348  0.13856078712512837  0.14471619695147644  0.15095647136201382
  0.15725658598990222  0.16358316998533073  0.16992792302664225  0.17630277301884192
  0.18273638054472288  0.18924102249788896  0.19578183137182770  0.20236111729199791
  0.20901636494753970  0.21576506299245085  0.22261082854989300  0.22955161279881625
  0.23658383377801248  0.24365877672031477  0.25074334169097517  0.25785865025475763
  0.26506528086522863  0.27237399223362863  0.27981197858111845  0.28733235560837667
  0.29488914449265480  0.30251555712240386  0.31025903634235913  0.31815696286602607
  0.32616079151986549  0.33420296229628582  0.34227038601289606  0.35044631893085659
  0.35878475278596395  0.36726812725177477  0.37590457626521379  0.38470114632353924
  0.39365314476408420  0.40273820758786177  0.41195534966197084  0.42132996257304334
  0.43092641592888709  0.44071284291495272  0.45063043675998549  0.46068190744563148
  0.47093872167591594  0.48145685791175030  0.49221461986942810  0.50317976247981933
  0.51434778989601559  0.52573451659980219  0.53734262579267833  0.54924889944381405
  0.56136546069968662  0.57323023442369525  0.58496921569092364  0.59702760422116596
  0.61027295758344968  0.62482307491003031  0.63988952363816032  0.65549468653828180
  0.67173628783296513  0.68874824635513265  0.70654926507879690  0.72529198707586240
  0.74530696067935898  0.76700995766311175  0.79071515408735837  0.81702757507104951
  0.84700080927895349  0.88231814701915767  0.92921736921595077  1.00000000000000000
 -0.00227740815544993  0.00905279465638282  0.01903735464588610  0.02992129939075391
  0.04065137099878274  0.05121056292568808  0.06169825430227984  0.07218681788668233
  0.08272052155575704  0.09311822983306918  0.10361076179546222  0.11421970322803048
  0.12466845803732785  0.13534728743298655  0.14572526676346564  0.15661385907448760
  0.16705623539449049  0.17778065907776702  0.18826236886721090  0.19880457220222159
  0.20941026749091590  0.21988026719908066  0.23043999117498251  0.24065681193044119
  0.25101420623984649  0.26147849775958332  0.27189072642661738  0.28245244215874166
  0.29301154794753420  0.30384982322246423  0.31458926665624715  0.32506373828450491
  0.33551183053675276  0.34585310895907573  0.35636533809460164  0.36697176116121188
  0.37756028248240459  0.38816583493956264  0.39874516923425918  0.40928898319046914
  0.41988108645964023  0.43055731583353901  0.44129892193626497  0.45194892536913800
  0.46245487817747866  0.47310096033132099  0.48363773054830428  0.49418900912730723
  0.50473892463949988  0.51530792461514641  0.52592567030638704  0.53653425398541554
  0.54707965802874936  0.55772605775611073  0.56831166925541854  0.57912813292219378
  0.58960328820357910  0.60027526923328611  0.61078505828145402  0.62142952247684491
  0.63188504068204210  0.64245276203937429  0.65305270660793335  0.66379428579015909
  0.67445177176001259  0.68516570834870738  0.69574829212638511  0.70634132517583370
  0.71689432974793832  0.72750357980540759  0.73833668621121207  0.74904257489219506
  0.75960761121801545  0.77015101015848431  0.78077620196469644  0.79144745647975656
  0.80196625910218833  0.81242039003448097  0.82290244683194647  0.83347857867295061
  0.84412409750292905  0.85480480710895801  0.86535238022662331  0.87586590079245841
  0.88631435923686497  0.89683404684566759  0.90757983081298021  0.91837607268339505
  0.92884108417059563  0.93859547427850665  0.94812880498267560  0.95776037027395944
  0.96811393589133743  0.97877507327307378  0.98925297247980459  1.00000000000000000
 -0.01566908774135429  0.06728804181980036  0.11472252857818689  0.15059462738329818
  0.18077704933769645  0.20730234738240355  0.23103477605682693  0.25278245351620116
  0.27311798662212117  0.29218522521421070  0.31022324069776119  0.32726335454166561
  0.34340146684757517  0.35884563892910193  0.37382971997049025  0.38827884558018039
  0.40206296411034859  0.41535443201174022  0.42827353552224184  0.44091460206758931
  0.45322529852126570  0.46521784297311475  0.47689997012916985  0.48829324631599691
  0.49941440205181781  0.51030128994234414  0.52099103352752862  0.53142671290475929
  0.54158714516365258  0.55154637670240392  0.56137848935100010  0.57106319393073157
  0.58053607040525335  0.58983167391376845  0.59901524306950893  0.60808534706145967
  0.61700996724490065  0.62578276665525767  0.63441222323178814  0.64288488208459427
  0.65119834531252563  0.65939830429347634  0.66751683513054516  0.67554241096393097
  0.68345041195103806  0.69123808072416282  0.69858346497365997  0.70558514639524739
  0.71253425808172310  0.71965156027810717  0.72699134937167698  0.73433324463315375
  0.74164727051372725  0.74888949387287196  0.75603096789442059  0.76307219982818020
  0.77002486168332318  0.77691096146830052  0.78374619639177523  0.79052144811297009
  0.79720252964952787  0.80376545601163996  0.81022958995780647  0.81663541306476639
  0.82299783219402256  0.82931584489363808  0.83559238446605366  0.84182672388028235
  0.84801347763172519  0.85415615875186790  0.86025694928710950  0.86632853366688933
  0.87236742240242582  0.87835161335413892  0.88427825992126041  0.89016082713040479
  0.89601106616640580  0.90180750811981158  0.90756050600112770  0.91329714772891168
  0.91899584853594196  0.92464693287753597  0.93024647516212822  0.93581137853082563
  0.94133500201011922  0.94682942222333399  0.95232615349996907  0.95778302046042219
  0.96318850048450233  0.96854711745407651  0.97387050485927362  0.97914528401741874
  0.98437647771809600  0.98958695535326735  0.99476778992762793  1.00000000000000000
 -0.00226663163324583  0.00897210570545248  0.01908209496472661  0.03000949036488075
  0.04076492578575650  0.05136653888675098  0.06179685118669963  0.07249494984030791
  0.08304348365598954  0.09336752204885090  0.10357787945704539  0.11400382783624502
  0.12444415610221804  0.13497332721784069  0.14551335825748135  0.15615173133052607
  0.16669555306143341  0.17726313659943874  0.18788249193468712  0.19857378963027086
  0.20938235497105814  0.22004346794120264  0.23083534121806576  0.24147163911804090
  0.25229914076701221  0.26282676500884783  0.27352741169347117  0.28416567323900827
  0.29470849105959407  0.30510766655625676  0.31557649941795202  0.32618927723737035
  0.33671682532395886  0.34723834688759447  0.35771409205560684  0.36839675479826856
  0.37909642520059916  0.38972505582506861  0.40017867680519492  0.41061341280240710
  0.42109930189681277  0.43165543669139123  0.44219701963950198  0.45281167714891229
  0.46353756069075724  0.47421410622580751  0.48495396345521707  0.49565150871223507
  0.50639795163078605  0.51711406974212892  0.52769824304092106  0.53731319855652382
  0.54692888570712150  0.55648082266988597  0.56682053150327383  0.57739317111360655
  0.58793993657595234  0.59860220253888408  0.60916494312331637  0.61970050127548093
  0.63023472325394925  0.64076705897149400  0.65140393844076705  0.66190380634149049
  0.67253086831788200  0.68317579091912639  0.69391551033391263  0.70447034550401189
  0.71501878568096944  0.72547204966599510  0.73597052562745013  0.74640016133277809
  0.75704620187210225  0.76762367409720755  0.77827487863444478  0.78869587318861922
  0.79929307764282720  0.80976124253468684  0.82030624813866970  0.83093828075199838
  0.84151131361086817  0.85219653697738740  0.86292806498975771  0.87366205223561089
  0.88423420865191404  0.89474854769340417  0.90538805822389512  0.91603326519438211
  0.92663213385413057  0.93728641993524120  0.94766921734426535  0.95830876492492034
  0.96881610243768868  0.97949383913444987  0.98962446993482156  1.00000000000000000
 -0.00227849074006782  0.00912550187700052  0.01877631843006066  0.02963710619691750
  0.04003493953671499  0.05103436202867849  0.06159322894870999  0.07217172459585444
  0.08253793065439144  0.09308713404335954  0.10375274135795344  0.11449079821345903
  0.12505663210640569  0.13580973517841086  0.14643788415878831  0.15712287878022702
  0.16776929272220911  0.17851780553154736  0.18916794148579213  0.19995754215699132
  0.21048680531167169  0.22113379891004786  0.23169577470205652  0.24246990025947146
  0.25317282827416515  0.26366660831851640  0.27422186721673464  0.28477856066186341
  0.29538227767194597  0.30598346245475894  0.31651379963344817  0.32702473950444794
  0.33758085963722095  0.34821910762498776  0.35893123186947334  0.36953416826233848
  0.38011379916060334  0.39068320642036791  0.40134873803235971  0.41201745269839268
  0.42277816303929838  0.43344548743018607  0.44407666578253630  0.45460454221529240
  0.46508775968254096  0.47551597551564156  0.48590437511486800  0.49624656962963049
  0.50670083738653859  0.51716795052646303  0.52772409628029937  0.53830518986041520
  0.54897449057479275  0.55960414874479880  0.57020755976610560  0.58076879919265945
  0.59139108733609191  0.60198204926796695  0.61248901104775799  0.62290905375298911
  0.63341295059580949  0.64395084698225979  0.65439461997317516  0.66477230693508849
  0.67529940893905938  0.68589216591437041  0.69641655821688009  0.70687291038045130
  0.71750620740706694  0.72799635474189772  0.73782598318360304  0.74761589383270632
  0.75733954927747982  0.76793744701782074  0.77862577813283562  0.78924206087517268
  0.79990489751316296  0.81054828919290423  0.82128680695120770  0.83186364347000685
  0.84243448707365665  0.85295861852672961  0.86348312424218043  0.87395210290405090
  0.88454826355753868  0.89521190291141550  0.90577584708587511  0.91639120050985945
  0.92667457753893290  0.93725810452548997  0.94768636150492314  0.95824171989692519
  0.96873548447960933  0.97892841422637800  0.98961889284580751  1.00000000000000000
   3.3350137224455358E-008  -1.0000000000000000     
 F F F F F F F F F F F F F F F F F F F F F F F F F F F F F F F F F F F F F F F F F F F F F F F F F F F F F F F F F F F F F F F F F F F F F F F F F F F F F F F F F F F F F F F F F F F F F F F F F F F F F F F F F F F F F F F F F F F F F F F F F F F F F F F F
  <DiscreteSampler_grid>
  grouped_processes
  1 # 1 for a reference and 2 for a running grid.
  10 # Attribute 'min_bin_probing_points' of the grid.
  1 # Attribute 'grid_mode' of the grid. 1=='default',2=='initialization'
  0.0000000000000000 # Attribute 'small_contrib_threshold' of the grid.
  0.5000000000000000 # Attribute 'damping_power' of the grid.
 # binID   n_entries weight   weight_sqr   abs_weight
    10   10   3.810794564391563E+004   6.626490861290661E+009   3.810794564391563E+004
  </DiscreteSampler_grid>
