  0.00245814472358393  0.01596884454246099  0.02988420536690833  0.04230992464891824
  0.05414584584979344  0.06572560456312994  0.07685405745153807  0.08799128747591704
  0.09902877103476583  0.10990467518123351  0.12060865229514275  0.13130932218253399
  0.14219618435521822  0.15311062900317873  0.16404179853084588  0.17495663933876315
  0.18589348585654830  0.19676567470233897  0.20756504459827418  0.21826134568571939
  0.22892733099580673  0.23966022508099719  0.25042727527767306  0.26095918029913479
  0.27139894828308675  0.28198856086351043  0.29262347313994319  0.30322681780244848
  0.31369591444871137  0.32424115718832447  0.33479015104795828  0.34544458651376453
  0.35610036389238442  0.36679507144607171  0.37747122661327998  0.38819869765587678
  0.39886560630818524  0.40924763600876496  0.41972390505247803  0.43022668534248060
  0.44063106650208922  0.45098143188127260  0.46136073095823094  0.47195257518032713
  0.48268246061342757  0.49322453545667883  0.50376828573644772  0.51425543845614075
  0.52474281016701774  0.53515632947043756  0.54559630661384118  0.55609963965184717
  0.56660529101399204  0.57712547059783204  0.58762400229176115  0.59811997133884720
  0.60860471334504274  0.61906727606461409  0.62969194172268084  0.64017708000057638
  0.65065442014940278  0.66112545822194713  0.67164415406340072  0.68225658356779706
  0.69289095921634658  0.70351733313010156  0.71397686520842918  0.72398320606744415
  0.73413385061936343  0.74430557180576162  0.75447131073235396  0.76452831826864764
  0.77463330722942569  0.78493153429356266  0.79531341157713165  0.80563891047092917
  0.81600976517042600  0.82639277528569399  0.83673704192754805  0.84699573662078753
  0.85730467130209620  0.86751798842525196  0.87771257680664072  0.88775586367226700
  0.89778739789095874  0.90780402358868451  0.91776682085524020  0.92759950673625546
  0.93731130891300873  0.94696016327385435  0.95650008719038393  0.96581405107280205
  0.97471737853064977  0.98303285452739098  0.99144766776094029  1.00000000000000000
  0.00231551311708942  0.01658498750276545  0.03043650470489235  0.04283309911804323
  0.05480871729810870  0.06651809248829883  0.07804031348815166  0.08928501241243661
  0.10016667878006924  0.11107508961096757  0.12193351675869148  0.13284107504533477
  0.14360042164179043  0.15450470472673944  0.16540251683075088  0.17620302043174077
  0.18683140825704211  0.19753472495791860  0.20832746321322140  0.21914639853059967
  0.23003162680469816  0.24090504485786524  0.25168085121505818  0.26232920965693041
  0.27296782163548489  0.28365044759443397  0.29432650370488639  0.30499349036510653
  0.31563358971666050  0.32622789374662464  0.33684089614811297  0.34744876506187694
  0.35798471478631660  0.36833064330537452  0.37862977667863279  0.38894759163987858
  0.39933881756889605  0.40983729442929112  0.42040438961084592  0.43102383897914431
  0.44155279526725344  0.45206332931895077  0.46267493774156609  0.47335240287370950
  0.48405829539262984  0.49472420732019790  0.50534375470102000  0.51592382985785501
  0.52648578513251465  0.53703383393782500  0.54759596903118013  0.55814163785153414
  0.56874541508681031  0.57936577866142847  0.59001788637528996  0.60061561065528535
  0.61117271909769166  0.62171804366251460  0.63228646694831991  0.64288107417855578
  0.65351455655723756  0.66410095094953958  0.67449964531618023  0.68484032941326467
  0.69523189216538472  0.70567847197309308  0.71605211805038627  0.72642119283056672
  0.73689260331513062  0.74741328626798187  0.75791116425398708  0.76835257088176090
  0.77876392727575139  0.78909786179511865  0.79940711050909419  0.80967126906384435
  0.81995191147498592  0.83026340768507367  0.84058652481595253  0.85084357184889214
  0.86100751200068082  0.87112733218205529  0.88118262981568540  0.89121825328111237
  0.90129127486770388  0.91135581380212072  0.92130135182018202  0.93108594583290971
  0.94080108909545801  0.95046444331966007  0.95990450551948392  0.96908377872878992
  0.97787161033410330  0.98604555817229878  0.99355426889279996  1.00000000000000000
  0.00724220336778218  0.00915936099072247  0.01030560562194062  0.01131580664661232
  0.01233982916562134  0.01341410782062715  0.01454940016057832  0.01571980366233114
  0.01686977238850547  0.01802756366632033  0.01923358924013298  0.02047375437539089
  0.02172466064975756  0.02296743092764165  0.02421777903487407  0.02545849814721602
  0.02650509042766188  0.02746216750677915  0.02863274055222526  0.02988237656738693
  0.03114255284974360  0.03242062080667395  0.03373766388603436  0.03507868625041836
  0.03643514763435741  0.03782526937861126  0.03925495517794198  0.04072456025461759
  0.04223188203102937  0.04378643989694659  0.04539812604634023  0.04705644411066278
  0.04876578330874269  0.05052776842153858  0.05235312716251962  0.05425375003082272
  0.05622316291725703  0.05824728067051260  0.06032789736413616  0.06247161168159958
  0.06469466495102894  0.06700513069136595  0.06940778434975765  0.07189675728621500
  0.07446860822135952  0.07713778189834163  0.07991339682778875  0.08280576320451762
  0.08581638563854482  0.08893560957956298  0.09215792665670922  0.09549410080882363
  0.09897046737273139  0.10261355036811445  0.10642876823159249  0.11040361803073638
  0.11452563987640318  0.11880449312712887  0.12329050475462201  0.12800491262491820
  0.13295041325894141  0.13812368078368911  0.14350085743301200  0.14907537263085285
  0.15493319053591467  0.16115865065340629  0.16772223445718942  0.17454029141042174
  0.18170493675383975  0.18930138281378650  0.19731380213126670  0.20562555674552910
  0.21439829441399047  0.22363675718714618  0.23340969923695967  0.24383438253597117
  0.25495135918882400  0.26684606722792614  0.27953739735249328  0.29308931642335589
  0.30747610543541970  0.32292376225588793  0.33967116406845627  0.35798118233057780
  0.37787956777211917  0.39959050828467430  0.42338429877624589  0.44979052847196482
  0.47955668372249466  0.51327772320001741  0.55242657318772492  0.59947312583382639
  0.66045204275528391  0.75054924075855056  0.86181240423416183  1.00000000000000000
 -0.00105532599715687  0.00403948822357300  0.00934285745480786  0.01464446865357652
  0.01997859833988562  0.02534942818975371  0.03072678202057763  0.03614936991565576
  0.04161296425534548  0.04709772478453536  0.05258326716890961  0.05809024304714416
  0.06362257371328825  0.06913788135079996  0.07469469171556642  0.08030081849532067
  0.08595482723210292  0.09167501975147059  0.09744218626858413  0.10322990399837667
  0.10900649650020314  0.11478822687203515  0.12059415025029877  0.12649660169742122
  0.13257538066748487  0.13877700964186368  0.14501575140324452  0.15123938781597990
  0.15741411216678011  0.16358300003149279  0.16986356602022892  0.17628711738540087
  0.18278129267219828  0.18935913744243163  0.19605878227326787  0.20285245773160945
  0.20972166369858875  0.21665399942146907  0.22365963560507432  0.23077160521858453
  0.23792721776182452  0.24510388276679643  0.25232552287023213  0.25959286502064050
  0.26693729625171603  0.27435418999318595  0.28186361969742080  0.28943897728845902
  0.29707103184139771  0.30473604355872769  0.31251144326628982  0.32043975770272976
  0.32855444856320543  0.33679489111580746  0.34512010281996042  0.35353137078613078
  0.36199019550500833  0.37058413084019576  0.37936511693444191  0.38826773543302112
  0.39731284920618082  0.40646780441329344  0.41568609253152955  0.42502760335790973
  0.43453707832428251  0.44431092520047444  0.45431386522977063  0.46452468605553532
  0.47489736075729522  0.48559131619928869  0.49653592675106734  0.50744429152892190
  0.51849223875996264  0.52985294490984169  0.54155568469030335  0.55334681624245829
  0.56542973696179333  0.57795341359825958  0.59067377077643490  0.60376449187982795
  0.61754878765484800  0.63186956451578857  0.64659831453876704  0.66196605208724713
  0.67813920687960816  0.69492354467762063  0.71248496703171571  0.73139544268167556
  0.75180232344791875  0.77369216037624711  0.79723857807221898  0.82322887820628587
  0.85292235682377160  0.88792658799253577  0.93380245111239957  1.00000000000000000
 -0.00234107809054367  0.00916725119640301  0.01903401225697034  0.02962827297966174
  0.04005824348211326  0.05054920975905754  0.06097955933538683  0.07179954682545327
  0.08239438594274473  0.09306386663324374  0.10362506846336178  0.11429744634048393
  0.12486822237032998  0.13538250588986325  0.14588413796090374  0.15648070315788587
  0.16707245936593687  0.17774762369148561  0.18837472744623224  0.19904443532577551
  0.20964132630324531  0.22019781351841197  0.23074666106196073  0.24129531314026251
  0.25182280152236997  0.26220222257017084  0.27264802515166214  0.28322432574700096
  0.29395936548127027  0.30459111997308269  0.31504464683952088  0.32538157689926478
  0.33581827789967111  0.34634515073456584  0.35698839231938806  0.36763974214298578
  0.37838054314861036  0.38917080969499779  0.39977687293728198  0.41030108202891330
  0.42073884304106385  0.43124557108701450  0.44174813556451087  0.45229300270782058
  0.46294978873552173  0.47353578812746500  0.48400709938567282  0.49436687801910439
  0.50475774711594412  0.51525134323529742  0.52590014518429484  0.53668454329702142
  0.54749160710766942  0.55816177190289329  0.56872119648027020  0.57929174307756204
  0.58986797616124143  0.60055285310387363  0.61124112637037842  0.62185967356194727
  0.63231480574260046  0.64271840513617839  0.65303792023179696  0.66347607179172585
  0.67384768894335278  0.68423487427776930  0.69468866766483284  0.70526893625212206
  0.71610757724614593  0.72682629638876861  0.73738916347934891  0.74803537672788745
  0.75867608528441710  0.76941874344183891  0.78019759456001569  0.79095108925328672
  0.80152485761054670  0.81204276722331281  0.82256659865256565  0.83317835133867824
  0.84352671219121900  0.85394497897436628  0.86465573710765253  0.87522057593970748
  0.88552313557994644  0.89584977945722977  0.90616159101292837  0.91648276714480681
  0.92669139815626045  0.93661976095073340  0.94736153403761325  0.95776904128077467
  0.96852437246008038  0.97894300131166490  0.98959414276407476  1.00000000000000000
 -0.01423992867461751  0.06370065076832290  0.10982847484029587  0.14494992799920767
  0.17394991176306532  0.19956596709094643  0.22308964369822235  0.24488837660858420
  0.26516609961460635  0.28401468400822139  0.30153970577769384  0.31825728794155655
  0.33422786747528760  0.34955197377170349  0.36421413383015655  0.37840316619056064
  0.39211618907833984  0.40539209424720363  0.41840648953885068  0.43128715579096127
  0.44378149061082200  0.45585356549982281  0.46762269928124695  0.47920688558872138
  0.49052245280650131  0.50157807593012549  0.51237774761933574  0.52295730144260277
  0.53329631120133214  0.54343141163077135  0.55340818605215325  0.56319488169574539
  0.57276332971538346  0.58218398457832365  0.59147054138901267  0.60069710580144897
  0.60975910990549953  0.61869484379860595  0.62752376586605885  0.63626119747521259
  0.64490226369967785  0.65332239186462970  0.66156153561448172  0.66967510035601352
  0.67755581772943529  0.68538023430493855  0.69312381147065938  0.70089656428258629
  0.70861472176406559  0.71620417785643298  0.72369333582850603  0.73118140809811116
  0.73862653699776504  0.74598173697509218  0.75315404713554701  0.76021920352784078
  0.76722220362490468  0.77414886451891263  0.78101889185167439  0.78779738311481906
  0.79453202370990694  0.80123186528570856  0.80794703129712331  0.81465785020358117
  0.82132242994506255  0.82790095381776818  0.83437940766108032  0.84077350644008375
  0.84710208758485095  0.85328848214014907  0.85931294381911083  0.86528717507097719
  0.87126421297835510  0.87722389601037176  0.88312182061442557  0.88894285684743801
  0.89469602896872180  0.90039980079540405  0.90610311413784794  0.91182772760801079
  0.91756970318603170  0.92333400769567886  0.92910277191800061  0.93482712320842332
  0.94049905831487168  0.94609967486466395  0.95166127303185677  0.95716888481537654
  0.96261682809413773  0.96804355170927003  0.97345326072533567  0.97884587321172645
  0.98418667326666798  0.98947220830126348  0.99476596896912250  1.00000000000000000
 -0.00239867676467056  0.00927405297245440  0.01936696351419335  0.02994886376167608
  0.04025848872138986  0.05057646098243303  0.06093895631349272  0.07151327432687740
  0.08201422443521113  0.09258813927049125  0.10312839423548685  0.11354495913472375
  0.12404763618582272  0.13447246468727542  0.14517834071162342  0.15564204183657809
  0.16627678377763511  0.17674042925806399  0.18731977955512580  0.19808130155597098
  0.20887649423920207  0.21953465608380582  0.23020097525563796  0.24084118095023491
  0.25153766007540940  0.26201833115245687  0.27251277041864302  0.28304343034133628
  0.29357019621951286  0.30407440695929744  0.31475287433969973  0.32552538195877839
  0.33626822438594250  0.34697976530209618  0.35772775033818177  0.36854248668642398
  0.37924291741589383  0.38995218706622897  0.40058289476464404  0.41114303631497900
  0.42164654791072192  0.43216795965387961  0.44276620255924942  0.45331909071818366
  0.46387843808905094  0.47434164656471584  0.48479203138615878  0.49515717689508892
  0.50565033384523195  0.51615310334647246  0.52660053996291112  0.53707397875788243
  0.54736831396038776  0.55770117817059861  0.56780443637427058  0.57798362271066717
  0.58829365671289013  0.59859377002877234  0.60879757866497930  0.61922349248671360
  0.62954251079266488  0.63991880441472382  0.65049173763667423  0.66129444802918225
  0.67206754753232134  0.68265557945825228  0.69322811588602740  0.70392145343618073
  0.71450190710419403  0.72502993400930560  0.73540247455844854  0.74595255292022911
  0.75646832770109596  0.76724368698567869  0.77773773666365575  0.78828958705174434
  0.79878501701914051  0.80935762025800928  0.81997786034267406  0.83058150315486257
  0.84122631675741455  0.85188490722293819  0.86249285733165248  0.87307639561852879
  0.88338654747951373  0.89371137179845628  0.90425704734003121  0.91502245197330190
  0.92562048503467298  0.93618504591274743  0.94673810207524822  0.95738022227065223
  0.96789095840845263  0.97855323767700908  0.98913616874112731  1.00000000000000000
 -0.00222845327780833  0.00900696190708640  0.01888063725255135  0.02953697614795920
  0.03994472717812425  0.05046362502034712  0.06097738373606454  0.07182756887949529
  0.08259206574167240  0.09330163422584688  0.10371142353056903  0.11428918530252494
  0.12507207267171189  0.13595275880995589  0.14684445399269019  0.15760162077770068
  0.16835874833702075  0.17910870177936047  0.18973522865463227  0.20055194986736749
  0.21116270727146830  0.22169789294123815  0.23200958196590601  0.24234321445130236
  0.25282037534993951  0.26330442363118373  0.27381569950929802  0.28443305763801269
  0.29483266235781158  0.30514086417073083  0.31541097422572972  0.32584756714827451
  0.33631441492853481  0.34677127221345161  0.35734380532316473  0.36817830498498044
  0.37870958181429476  0.38914488200415703  0.39952886260360648  0.41024770472562833
  0.42047391857948896  0.43051840070839587  0.44078063008719531  0.45105956221562143
  0.46124670853531013  0.47130941719465458  0.48140598241495941  0.49191712822243916
  0.50270304521006437  0.51336385660223449  0.52408038959211778  0.53458133469317604
  0.54504852560212613  0.55553220689502891  0.56617011110001803  0.57686202085570648
  0.58757429378130976  0.59830051125559180  0.60884482058905842  0.61944093801043820
  0.63004849127281026  0.64069587824347052  0.65131877529342153  0.66188697254729933
  0.67249520705428267  0.68315582655520235  0.69379164397976500  0.70456010541459735
  0.71510429185434121  0.72562619951925000  0.73607393816028066  0.74650861155147830
  0.75695886785271460  0.76749392707732667  0.77802545200219597  0.78857211119385251
  0.79910365112867543  0.80960430433557484  0.82017476016928470  0.83074974769972088
  0.84138784711629522  0.85205075636459870  0.86271935078611706  0.87347110498068492
  0.88403575235272291  0.89477998968281947  0.90529671003030110  0.91575868893005630
  0.92611925842542409  0.93632271678972645  0.94690884147172627  0.95727407012324028
  0.96783366871287679  0.97827540835487903  0.98910660245600190  1.00000000000000000
   6.6687006470734221E-008  -1.0000000000000000     
 F F F F F F F F F F F F F F F F F F F F F F F F F F F F F F F F F F F F F F F F F F F F F F F F F F F F F F F F F F F F F F F F F F F F F F F F F F F F F F F F F F F F F F F F F F F F F F F F F F F F F F F F F F F F F F F F F F F F F F F F F F F F F F F F
  <DiscreteSampler_grid>
  grouped_processes
  1 # 1 for a reference and 2 for a running grid.
  10 # Attribute 'min_bin_probing_points' of the grid.
  1 # Attribute 'grid_mode' of the grid. 1=='default',2=='initialization'
  0.0000000000000000 # Attribute 'small_contrib_threshold' of the grid.
  0.5000000000000000 # Attribute 'damping_power' of the grid.
 # binID   n_entries weight   weight_sqr   abs_weight
    10   10   7.045279550016833E+004   3.913601215148874E+010   7.045279550016833E+004
  </DiscreteSampler_grid>
