  0.00248491257875506  0.01600696843842689  0.02967271837282371  0.04180017337020311
  0.05350456655850803  0.06509404351404365  0.07650500241344713  0.08791154524689924
  0.09907016166553914  0.11017878543460610  0.12106292538604665  0.13185809176473431
  0.14258991247160627  0.15339124933379145  0.16422820731877294  0.17508216474834593
  0.18582379682437217  0.19665387597343950  0.20746050451227210  0.21825456220247255
  0.22900178096921903  0.23968842731542755  0.25039311558039290  0.26094334760426491
  0.27161113499583922  0.28227844873530583  0.29294229930451282  0.30364265636446419
  0.31434384930307996  0.32490553563136715  0.33543355188841489  0.34587020519095374
  0.35622219559720791  0.36654621110338853  0.37705744751871945  0.38779411713782114
  0.39844918965124143  0.40898788694855359  0.41949764487401742  0.43012619514382611
  0.44088894375357846  0.45179069909945269  0.46261170012209507  0.47325747014601272
  0.48366282083428475  0.49388586364987569  0.50417330340187949  0.51446103385605890
  0.52475531849687562  0.53509473595226253  0.54546440368571847  0.55579844812979595
  0.56598388467458693  0.57612546415104982  0.58631008097098591  0.59649488247632854
  0.60669138584151372  0.61692690100765279  0.62714852320348591  0.63737412861680254
  0.64771327067368789  0.65822414393597073  0.66876926889836141  0.67922600428287194
  0.68964137737607978  0.70004926282744506  0.71047684669142452  0.72083190676765629
  0.73109044762824760  0.74124635905847802  0.75135960801307011  0.76147704640942560
  0.77161702470174154  0.78178862019538076  0.79200697025342670  0.80224982054008687
  0.81248842758063455  0.82267684945916164  0.83286291167767545  0.84302860615484398
  0.85317471592453786  0.86327592387791374  0.87335172033209874  0.88338824913187175
  0.89331785753924564  0.90308227166346189  0.91273250682039841  0.92244855315151242
  0.93221389045401082  0.94196311532896559  0.95151782186322009  0.96091644985267444
  0.97005026712333908  0.97845599607653067  0.98683790087860901  1.00000000000000000
  0.00244323372033216  0.01631580148797098  0.02961225201379093  0.04174135834063325
  0.05371431145711730  0.06540542770693178  0.07651408640367453  0.08748934139833589
  0.09836293708932349  0.10922696591312749  0.12008525942850479  0.13095882714933546
  0.14181192138048154  0.15255733062217533  0.16326151189448682  0.17405552136717450
  0.18475154369271640  0.19534169209706514  0.20596833505911583  0.21681458979261997
  0.22778721953492020  0.23872650081627883  0.24960420422819038  0.26046374711185477
  0.27128800796197988  0.28206272609892546  0.29274456349830641  0.30335884461879109
  0.31391705842831030  0.32427456571423618  0.33446864828833711  0.34469812290214252
  0.35494412648022861  0.36522838211783448  0.37550184922149216  0.38590586998117982
  0.39644951019738156  0.40714669546725157  0.41795976851761418  0.42873280949788545
  0.43935042980831496  0.44982304458334610  0.46028208190511810  0.47085883883525820
  0.48149670907854847  0.49205822742661059  0.50253940067756731  0.51300234258591926
  0.52363237009536545  0.53439124354338097  0.54505410405372734  0.55546634323836896
  0.56570921149899345  0.57591456722190260  0.58605204133013911  0.59614942807970528
  0.60630348989568561  0.61662112358357035  0.62701343802757570  0.63741476132899733
  0.64781083013670437  0.65820728039054821  0.66863244610244754  0.67907426353389122
  0.68953244852652196  0.69998107111891894  0.71042008712496940  0.72084732883290747
  0.73128385388376327  0.74172660162761539  0.75215860100577825  0.76254158362852542
  0.77286878773251444  0.78315713113505958  0.79345429433964942  0.80372672339015350
  0.81397136232601330  0.82418157040102857  0.83437811535773787  0.84455658391608468
  0.85473053206908745  0.86485564667994830  0.87491620613287857  0.88484682040977614
  0.89477154639229173  0.90475597039180733  0.91475150172986297  0.92462376777412447
  0.93435640237898054  0.94401369407954627  0.95360998264874142  0.96301669346176966
  0.97200543007472884  0.98025031963713305  0.98853894280370858  1.00000000000000000
  0.00687284213391382  0.00864737346683675  0.01010007847617245  0.01148102389300442
  0.01283208264390447  0.01414024721250706  0.01518469660434024  0.01640037149898317
  0.01762220701245307  0.01885265167024360  0.02010609023339168  0.02138272665026885
  0.02262797235842629  0.02384189016939349  0.02510443438400949  0.02623156345310925
  0.02715903238404669  0.02825470416082903  0.02947624172221418  0.03070695675761511
  0.03195609096438478  0.03323676549909978  0.03454560861430263  0.03589213360349229
  0.03728271108982133  0.03870484787897509  0.04015867983635862  0.04164313614799742
  0.04317311150630063  0.04475721060037960  0.04639600379909536  0.04808139530024225
  0.04981369655512240  0.05159631139155656  0.05344908589842397  0.05537789694452040
  0.05738116101394791  0.05944394994329309  0.06157929043488417  0.06380238789597090
  0.06611342864245437  0.06848517579261756  0.07091598935410973  0.07343515032221135
  0.07603870531639363  0.07872885690441211  0.08153246018782498  0.08446398206683144
  0.08752405689346522  0.09070887063275229  0.09402934023053520  0.09752394151431337
  0.10113715569748490  0.10488592539949962  0.10875878471582247  0.11276679941093570
  0.11693101497683887  0.12127244204590094  0.12583874560139624  0.13063528894858908
  0.13565328669763099  0.14088223975389674  0.14634484521936975  0.15209590370425335
  0.15813404137835130  0.16448258742637603  0.17117612374915719  0.17823579173140638
  0.18562189590028613  0.19335059468092780  0.20152460841514055  0.21018398516710315
  0.21930908726795773  0.22890783791522767  0.23907583720224740  0.24994031225556290
  0.26148495321400544  0.27372338917158640  0.28676515372355232  0.30078483260839739
  0.31584512146087118  0.33220335025583037  0.35005522799848243  0.36933244220391825
  0.39022473895043858  0.41311129179250433  0.43816543667051927  0.46588129665524453
  0.49751778212693631  0.53411783450303441  0.57751580264974411  0.63096989205136145
  0.70766800621165760  0.81416210379710363  0.87679985477321531  1.00000000000000000
 -0.00103911948700085  0.00395849348091253  0.00918354411198926  0.01440637646606613
  0.01969888587950162  0.02507419562758607  0.03047184424683060  0.03591254119131487
  0.04141860297664460  0.04697954983986422  0.05255551522342876  0.05816678109801652
  0.06380014372525232  0.06947006466153978  0.07518290873504467  0.08095344246401252
  0.08677925864756213  0.09264133795020973  0.09853434072263860  0.10446249409448613
  0.11044579410767237  0.11649181793356313  0.12256354423756427  0.12864007400102101
  0.13472217695538696  0.14083488239914288  0.14702517103511484  0.15325641940321699
  0.15951721901980642  0.16578339746579149  0.17207032390246510  0.17841556180119497
  0.18485029282798218  0.19130784128408876  0.19779951919229355  0.20430844695691439
  0.21091041828941898  0.21766399815245072  0.22453095451091840  0.23154572036239385
  0.23873823173222680  0.24600896566422123  0.25325278846894783  0.26049217935129537
  0.26775982932307640  0.27512493338311511  0.28255485184297424  0.29007428473371294
  0.29766012236950234  0.30532094975324320  0.31303568172191681  0.32098662437683489
  0.32897607729379352  0.33712990769296708  0.34532096015489222  0.35366748604890946
  0.36216080180800914  0.37072336832047065  0.37940225677166572  0.38824248796184646
  0.39733165660253245  0.40656041907712354  0.41582892917842079  0.42508036172985564
  0.43444222894768025  0.44393962068657089  0.45352446883358360  0.46328732080553281
  0.47326166562174216  0.48367025988158452  0.49439715665001094  0.50534654858428096
  0.51640492656583448  0.52776373782451080  0.53930540515259573  0.55119352205207139
  0.56336414805829305  0.57598002774985502  0.58903305396050598  0.60261038944928991
  0.61666148609180405  0.63119217197407751  0.64630908933123776  0.66206393272147501
  0.67851548984723453  0.69570030909974256  0.71351862574855951  0.73210858497731790
  0.75190445518517379  0.77328982697444337  0.79689980716365472  0.82317713248235991
  0.85259188624840643  0.88703725711180870  0.93258341305934334  1.00000000000000000
 -0.00232066861001713  0.00931047321832252  0.01907986357570713  0.02948378453015342
  0.03994908825285771  0.05055880820490524  0.06099775837175992  0.07161097449483282
  0.08232563456184885  0.09307220200789165  0.10368858777312585  0.11428871963185236
  0.12471511645937985  0.13518518847848093  0.14554936654167142  0.15599697324306550
  0.16642664067824930  0.17695420839601450  0.18757139330756084  0.19810681630250793
  0.20842877297224618  0.21888782675331564  0.22925532589659811  0.23981646049247055
  0.25031606697866848  0.26076768271156681  0.27132353079800497  0.28172749098968569
  0.29230469102988837  0.30283091211246049  0.31341395718358617  0.32404072757314240
  0.33462855106539346  0.34510220778515793  0.35556852235168307  0.36587808634026370
  0.37659847869808544  0.38728131296144247  0.39813300103261401  0.40872540600155033
  0.41950437173641530  0.43002621520845952  0.44060634815653477  0.45128402879255836
  0.46207057760262582  0.47271617173001329  0.48339305847771974  0.49406205210123372
  0.50469813696047627  0.51531301415692399  0.52581421870443723  0.53638674581688217
  0.54701416037617823  0.55775206478892103  0.56849066158601214  0.57910873849279099
  0.58968038223984320  0.60030528955481377  0.61076550134809959  0.62112779846036126
  0.63123988249810281  0.64136243971725815  0.65161072638558748  0.66176955109534408
  0.67195852900963837  0.68239815209467092  0.69317665242501614  0.70398574722018925
  0.71460090909823981  0.72511750487817717  0.73588144187421600  0.74656804909808627
  0.75723334641802209  0.76790228669727378  0.77858875894824187  0.78939294001446236
  0.80020178087306482  0.81083764405109959  0.82124159381358897  0.83172498656610006
  0.84241050033020648  0.85318174720853890  0.86376091711229730  0.87418905624237087
  0.88472053062881950  0.89521477014676587  0.90584240055936649  0.91624239517501982
  0.92699774044228112  0.93766207703933313  0.94826865914834879  0.95855482245738766
  0.96895627722854294  0.97931406836086732  0.98969966919138652  1.00000000000000000
 -0.01417386825473950  0.06325672475352301  0.10909938933543598  0.14418999573728197
  0.17391410190651749  0.20011754766312989  0.22382377762250089  0.24577305284591977
  0.26610888760597262  0.28499742485242285  0.30295297426133877  0.32018268288701529
  0.33658918636477414  0.35214126470467816  0.36697330513008619  0.38138269102158323
  0.39542180032370594  0.40900110504736664  0.42220344278050498  0.43508716250558216
  0.44723493572556094  0.45901272798407899  0.47056723754589425  0.48203329571184439
  0.49326661597843530  0.50420628147458679  0.51484669526303917  0.52527226666651017
  0.53558825268957433  0.54570565520459624  0.55560716891477924  0.56523465703629938
  0.57451798464611969  0.58375794857179530  0.59279792215900928  0.60168504987630900
  0.61045493769863013  0.61912364947528842  0.62763932299720748  0.63608221043743274
  0.64450472016415905  0.65288774816928696  0.66120151456906706  0.66940038497907850
  0.67745644299501639  0.68540380200353301  0.69318507012490083  0.70080524215370910
  0.70842704171142579  0.71602077708165268  0.72353010901101000  0.73093396581722747
  0.73820889750451346  0.74540769400469420  0.75249382899314055  0.75947139087901105
  0.76641882208951584  0.77326777622308140  0.78004436475092331  0.78679996176603606
  0.79354231863784019  0.80017492849217142  0.80672548533408162  0.81320439049915383
  0.81967335069204950  0.82613411005671455  0.83255012496177061  0.83889433139595226
  0.84518516233797536  0.85142235349890671  0.85762510244581247  0.86383845813347993
  0.87000058629346522  0.87606655487426544  0.88204989569579484  0.88800668969113616
  0.89396207555906171  0.89988954153923706  0.90576001063774580  0.91156943522224354
  0.91734535856834454  0.92309044092166526  0.92879241348933839  0.93448563160758125
  0.94020465366728334  0.94595010625258358  0.95167345579285534  0.95730386210868290
  0.96280553451120254  0.96820879613055499  0.97358266432984597  0.97893358885964987
  0.98422257710732108  0.98947210538313279  0.99470723586191190  1.00000000000000000
 -0.00237084532590697  0.00930933505331052  0.01935296375358008  0.03000782636867991
  0.04059793256684279  0.05110217300689174  0.06160336831119177  0.07232915113646282
  0.08318131572947565  0.09394096101955100  0.10465225683141713  0.11504530083432683
  0.12548032773664533  0.13592040187738436  0.14629816072437138  0.15697772296322429
  0.16735927558407124  0.17818884834793128  0.18897757233504944  0.19975973850083081
  0.21056326330462696  0.22105661116817463  0.23164247720041392  0.24196075490078742
  0.25248325408488337  0.26297288458445001  0.27369220032540781  0.28442385833001160
  0.29487355356158584  0.30525485809645059  0.31564035352711334  0.32607896515044699
  0.33659772594768117  0.34690482362326147  0.35722155400887518  0.36761863885975887
  0.37797490777610215  0.38834222184672867  0.39869830466966805  0.40920280458279884
  0.41971981692845650  0.43039734059272694  0.44096829341567650  0.45144306025070469
  0.46202548254214082  0.47260955728502985  0.48328933242018546  0.49391657698598523
  0.50456795930504128  0.51504338004807282  0.52533614198554801  0.53580213991403469
  0.54623046374381312  0.55669133932265702  0.56701856655437122  0.57774748798346776
  0.58841194727971302  0.59912067961135995  0.60948690757732427  0.61993938134551518
  0.63012824635409292  0.64066052624508751  0.65093484470148166  0.66158745364238414
  0.67212793714121577  0.68261118158300726  0.69333346255735029  0.70393954375894841
  0.71454781865910921  0.72469391239726133  0.73514448242554531  0.74542843844663997
  0.75568039284382038  0.76597377450072790  0.77641217522490458  0.78701437307928124
  0.79746329738784083  0.80821563878292324  0.81885967961612915  0.82947537192149823
  0.83991770518343067  0.85042627013694194  0.86135032390984212  0.87226062750112787
  0.88322690215019917  0.89375524965096509  0.90439843399446462  0.91513976818778875
  0.92582399523469228  0.93651347936491225  0.94703666181186508  0.95770491671870450
  0.96810920670843104  0.97859170293784081  0.98931395307654435  1.00000000000000000
 -0.00231961598705172  0.00917886556327776  0.01858441601506163  0.02924360687893721
  0.03934497457912095  0.05034559039519790  0.06118756671332052  0.07197519162276284
  0.08254020363232996  0.09293727275368864  0.10340443852237216  0.11403169706239082
  0.12480450336814324  0.13560184292390692  0.14634777517052130  0.15682271513820537
  0.16763646586362932  0.17832174381919880  0.18919240010381896  0.19975272254127432
  0.21042775790586554  0.22130758121619293  0.23216137649147861  0.24290481477844508
  0.25345018863698154  0.26403445526806246  0.27460246984030806  0.28525623689886825
  0.29583860558094471  0.30647449653886788  0.31701369285876951  0.32749091726602719
  0.33794152077610518  0.34834888935615688  0.35881361947311269  0.36930064127266737
  0.37989211507160497  0.39051761245328337  0.40128644616518483  0.41203049997946212
  0.42250017326819611  0.43278724905609878  0.44314506159591227  0.45355938160610459
  0.46401481258402538  0.47432592363063403  0.48480695973571530  0.49547156270974330
  0.50600495439908366  0.51652252769336693  0.52686439196099033  0.53729966712548949
  0.54789557055629079  0.55843830658524718  0.56891165285194056  0.57922510400540672
  0.58965330538943406  0.60003519040966835  0.61047495022345888  0.62082830624413776
  0.63152751029773990  0.64240001296731275  0.65319504572510545  0.66383407687397278
  0.67430459993561109  0.68475901176162923  0.69520384041476935  0.70568562455785155
  0.71612165848369436  0.72660739247914963  0.73704870508410425  0.74723462041280264
  0.75756511512646685  0.76767495150149467  0.77830580495044588  0.78866120365027947
  0.79928082670362721  0.80986582411944097  0.82051577561507483  0.83112246004413648
  0.84147797213138176  0.85184062837033137  0.86217090611848468  0.87249958315717790
  0.88295763936726868  0.89349633334293144  0.90421152479135825  0.91496159258157983
  0.92581640120325592  0.93658940495016341  0.94723109524141647  0.95773664316955043
  0.96836324565766740  0.97902948570184123  0.98961020848358083  1.00000000000000000
   6.6571175564238326E-008  -1.0000000000000000     
 F F F F F F F F F F F F F F F F F F F F F F F F F F F F F F F F F F F F F F F F F F F F F F F F F F F F F F F F F F F F F F F F F F F F F F F F F F F F F F F F F F F F F F F F F F F F F F F F F F F F F F F F F F F F F F F F F F F F F F F F F F F F F F F F
  <DiscreteSampler_grid>
  grouped_processes
  1 # 1 for a reference and 2 for a running grid.
  10 # Attribute 'min_bin_probing_points' of the grid.
  1 # Attribute 'grid_mode' of the grid. 1=='default',2=='initialization'
  0.0000000000000000 # Attribute 'small_contrib_threshold' of the grid.
  0.5000000000000000 # Attribute 'damping_power' of the grid.
 # binID   n_entries weight   weight_sqr   abs_weight
    10   10   3.353046684913547E+004   1.983677043008970E+009   3.353046684913547E+004
  </DiscreteSampler_grid>
