  0.00251343307622734  0.01591254999623883  0.02949047612764510  0.04143288006363152
  0.05325090025436756  0.06460629395170787  0.07553070039553862  0.08629602516508889
  0.09718984663070747  0.10811014933361063  0.11911895136874213  0.13016562703628937
  0.14128549734364582  0.15238396248175748  0.16333593256049958  0.17425345659842517
  0.18502975430596219  0.19589939588185695  0.20669431318532600  0.21738760989788156
  0.22791991074988063  0.23854677726180878  0.24930666503032309  0.26011578345153791
  0.27084639622746204  0.28151360224241195  0.29212696260991494  0.30277294275117311
  0.31337439208206241  0.32370225474457770  0.33395559606556174  0.34415007001098102
  0.35430726439077803  0.36464292113452079  0.37520831027767609  0.38602952285700132
  0.39680193406449393  0.40735481968887571  0.41786897203306383  0.42843579674179538
  0.43896712945845989  0.44938485335692635  0.45983823322037765  0.47042341514741554
  0.48117182803922420  0.49193544688446150  0.50260902858347212  0.51311984664626398
  0.52351083410391219  0.53387534086874822  0.54428409906127606  0.55477436669429014
  0.56534392182906990  0.57595701399011123  0.58659390022434688  0.59713388554381441
  0.60756096688684846  0.61787285745834997  0.62816134595470707  0.63843305175414278
  0.64870369891941682  0.65901666392957636  0.66943421602753184  0.67989808425406750
  0.69029038750253857  0.70060725929377610  0.71090390399699088  0.72126610954805914
  0.73158996012442623  0.74174137636027815  0.75182605754546716  0.76192752825352128
  0.77199526350451009  0.78196024730131741  0.79192407649639807  0.80211134215627533
  0.81249019025946767  0.82283998650218926  0.83307003875165897  0.84320954921624747
  0.85326641255285707  0.86329271963538334  0.87333837117926438  0.88353760724654629
  0.89375441878806205  0.90381248038113526  0.91360674603218361  0.92327496713493595
  0.93287450265152172  0.94237869201381497  0.95176087661900299  0.96098093221450132
  0.96999311168732361  0.97844385742298645  0.98685363870214238  1.00000000000000000
  0.00235358656958321  0.01647790289788701  0.03007621101639767  0.04194233675451629
  0.05350787130857883  0.06478958910357475  0.07601677522725604  0.08706933884816857
  0.09793647780107299  0.10872150962057794  0.11951347527238632  0.13024712525056947
  0.14095840344156513  0.15177047526119963  0.16271080625368706  0.17364646983568857
  0.18454408570233985  0.19538129972483609  0.20612963539084550  0.21683274131619759
  0.22759276551660163  0.23843224783122952  0.24921188159140722  0.25989283038240046
  0.27043190432740150  0.28090616343487795  0.29140664430236929  0.30201066546490574
  0.31276936366673852  0.32356528286548586  0.33433241413620413  0.34499156656202312
  0.35555819572227931  0.36603993831416221  0.37653224500427934  0.38708963433029914
  0.39773819284148582  0.40840161207078707  0.41894666849979900  0.42933840043248378
  0.43973852985115991  0.45021071276446617  0.46057674351199474  0.47085982437555673
  0.48121669397345351  0.49175597180555974  0.50232275269481741  0.51279978296012962
  0.52315926558330172  0.53347164127622204  0.54388476061277446  0.55443022115344265
  0.56499353753283799  0.57551062002666753  0.58601655977233325  0.59649548774957828
  0.60691485981357629  0.61723288680478483  0.62750043431816271  0.63778435677002077
  0.64813830210065870  0.65849464320344808  0.66884271819888808  0.67920564253297122
  0.68965707160361922  0.70020267235645395  0.71079317283501464  0.72136812746499324
  0.73184062797226745  0.74220693352121003  0.75247866695419108  0.76268736722487718
  0.77286908531323895  0.78310499742665063  0.79341144518547113  0.80375696935546648
  0.81402133603210036  0.82414112164618669  0.83413488180147288  0.84414640714791545
  0.85418149156571421  0.86423156704388449  0.87432991379208569  0.88446662046795410
  0.89456414452796251  0.90452510510476958  0.91439315398680543  0.92424388054397699
  0.93402915764642114  0.94368740754396718  0.95319065150378612  0.96254631778835198
  0.97156395871126822  0.97993292665501985  0.98833304840297609  1.00000000000000000
  0.00723477050448938  0.00890262702338837  0.00996944086702206  0.01097898174889152
  0.01201333768695459  0.01308732726237258  0.01421194294412059  0.01537884431426730
  0.01655904254295746  0.01773660924231132  0.01892884405878059  0.02018150932699243
  0.02149821806948291  0.02278189924310334  0.02403998136321136  0.02523351597939009
  0.02629905308922809  0.02731061225956230  0.02845421994951467  0.02970230199051553
  0.03095710735513679  0.03222412478884698  0.03351804907470440  0.03484068460508281
  0.03618873775226292  0.03756652156221916  0.03898476075179046  0.04044288742167452
  0.04195254599217404  0.04351224799324001  0.04511661036486406  0.04677610292851111
  0.04849754815260589  0.05027711360224371  0.05209161383836175  0.05395237653734644
  0.05587826243042585  0.05787522000934945  0.05993629166241943  0.06206539439003647
  0.06427050292426215  0.06655002153711749  0.06891191369576410  0.07135525601614853
  0.07389626994502856  0.07655436319213259  0.07933078322134264  0.08224103710659200
  0.08523486920572566  0.08833306066161614  0.09151516251480034  0.09479193330332775
  0.09819048899200306  0.10175824269419850  0.10555133861484807  0.10952623219032370
  0.11364921340955862  0.11788318650913632  0.12226288897216418  0.12686544026427712
  0.13169533520354915  0.13686012510807447  0.14222681707629356  0.14783575462034595
  0.15369482614876498  0.15982989691783472  0.16636257882451541  0.17320839091605192
  0.18040516249504771  0.18783448852544729  0.19563678836701701  0.20383038432390629
  0.21252283851298887  0.22175334122868770  0.23158848466065035  0.24206141276888549
  0.25310982903373114  0.26481679689900611  0.27728253165965305  0.29069264828884728
  0.30517422112011305  0.32088655435004804  0.33773328458156671  0.35580839608833331
  0.37539206882835602  0.39678922520033233  0.42041175511743717  0.44662828817793343
  0.47587061741429493  0.50910997296314286  0.54765342548748774  0.59356413372082151
  0.65084789625803152  0.73492197535865822  0.85576146348092208  1.00000000000000000
 -0.00104893223309387  0.00404224124439011  0.00936183933921352  0.01463608516353662
  0.01995561500845248  0.02531037170867609  0.03071645311110887  0.03613484628369657
  0.04158042608843641  0.04704691912596298  0.05254600723985838  0.05808898002244425
  0.06368059759377447  0.06932252820003401  0.07502240310074725  0.08079312001740918
  0.08662811033688023  0.09250637043230413  0.09841108204580351  0.10434052150852363
  0.11028349102986938  0.11621865499678226  0.12215397339640492  0.12807286948722679
  0.13400409897554383  0.14005426291120518  0.14616082250621973  0.15230448308758915
  0.15850097584310971  0.16473876298099854  0.17108664222649686  0.17746870328811182
  0.18387769671683785  0.19040631947240552  0.19707038601536769  0.20383045127117908
  0.21066280862405418  0.21756610997650946  0.22451215759221524  0.23142596339598007
  0.23828106712565406  0.24522260086020486  0.25234178308805089  0.25956574303501029
  0.26679773579244243  0.27406989353472649  0.28142667571815222  0.28884476883498061
  0.29644606265077478  0.30418245375191078  0.31200775737478492  0.31990007223497413
  0.32790050541774907  0.33599089684496863  0.34418659696983511  0.35252476650049691
  0.36105360915149953  0.36969616122825366  0.37845974766653573  0.38737334169706084
  0.39647987813226038  0.40582178684899611  0.41527215158886321  0.42481233894493536
  0.43440275953925989  0.44411217517118834  0.45406094775746531  0.46427798267517173
  0.47472093461993187  0.48518727960591668  0.49569965349858519  0.50647259759017693
  0.51756996455000881  0.52896528706355661  0.54069882906263023  0.55281181848345173
  0.56524180357446452  0.57793712474775005  0.59094316478398068  0.60446129702034734
  0.61823830588200823  0.63250651265112312  0.64715901623594185  0.66232981516185496
  0.67809312057503091  0.69468260279704264  0.71236478146585547  0.73135588372286597
  0.75168773308410386  0.77338577387111451  0.79682850900451119  0.82270892968089160
  0.85189399255425835  0.88645385206852290  0.93253553551750257  1.00000000000000000
 -0.00237411132142200  0.00922198009303008  0.01944690417316996  0.02992711239025192
  0.04047569611724156  0.05081080503435106  0.06150118259761909  0.07187833601645120
  0.08235116175173893  0.09282338887550096  0.10329278547142187  0.11388903464710468
  0.12425250006527690  0.13476720890784386  0.14537278012900812  0.15609760750018731
  0.16681274389441189  0.17713849245156441  0.18776304455924459  0.19819861049938076
  0.20854300772948098  0.21893839473661464  0.22909340021422328  0.23975956173750382
  0.24993981838492213  0.26084052925522716  0.27138548921766653  0.28229498677350745
  0.29279622843567382  0.30339575503479893  0.31392789393463999  0.32455228191871222
  0.33523315639346812  0.34586232217628354  0.35633150436981570  0.36681419334654669
  0.37732547065779043  0.38789195180151692  0.39837316127174988  0.40876854783366423
  0.41934571428943118  0.42991470679606864  0.44045607176662654  0.45092494303978786
  0.46142008519292776  0.47207679094536859  0.48267106086676126  0.49334972862561066
  0.50408903679457606  0.51493182951158045  0.52573994726157147  0.53636977482831460
  0.54683904668534544  0.55738088886749826  0.56786824702103456  0.57838938014794461
  0.58880606408684166  0.59927004676708984  0.60982566410997907  0.62045047692385313
  0.63081479503612037  0.64103923838177779  0.65137548830102598  0.66183759568374612
  0.67228297147057703  0.68237116253912133  0.69298154464291994  0.70382624190663479
  0.71455389568929906  0.72537173899804153  0.73605184237594845  0.74677863156878477
  0.75743967536648149  0.76814304277087653  0.77895559757838706  0.78956672997010180
  0.80020010172071665  0.81072613313946573  0.82134701451900216  0.83195772756143960
  0.84262656547151749  0.85315598203189602  0.86373950663454957  0.87433477566403828
  0.88520011125781128  0.89581909160202811  0.90626677050761251  0.91671401949340015
  0.92713093929236345  0.93741575894264606  0.94759325205318101  0.95769229239587284
  0.96866681646654273  0.97911148434559780  0.98965841990207892  1.00000000000000000
 -0.01413130541118749  0.06348290721432180  0.10917988917163081  0.14442034978079660
  0.17443880258293834  0.20087457883568174  0.22477325654013738  0.24681194315046040
  0.26720624748230809  0.28617338926249675  0.30415535907105962  0.32128860762369105
  0.33740697642257622  0.35271194232410336  0.36744459133112206  0.38192197354003876
  0.39582679363790940  0.40948353395449277  0.42268550779185232  0.43525185283943063
  0.44741740015589310  0.45922905968793021  0.47077742992654326  0.48212432763804824
  0.49330567543023740  0.50428355139550618  0.51502783631899618  0.52563605278945591
  0.53599764071591938  0.54614179629837278  0.55604645402196040  0.56579174695815004
  0.57531167909523750  0.58465285066271500  0.59385262577393427  0.60298425638653075
  0.61200066468537750  0.62101592116142545  0.62985588028063610  0.63860863837943660
  0.64709851614481828  0.65528158668056080  0.66339763994117507  0.67140360117768805
  0.67934811658375849  0.68719160058137396  0.69493935333145318  0.70251536663268832
  0.70998952630770473  0.71747274959713370  0.72488079613420953  0.73227039553781337
  0.73968026987398050  0.74705633864978627  0.75437813098177564  0.76160172133192983
  0.76867679531061350  0.77556068998174077  0.78238113362973993  0.78916819557903362
  0.79591830106120076  0.80256949436714098  0.80910777941132783  0.81555432782496262
  0.82198396084605518  0.82838403479885792  0.83480158866198229  0.84120214767240287
  0.84751337857768561  0.85377479864801975  0.85998753300654029  0.86614470331853022
  0.87226135871203703  0.87832237788887968  0.88433914824453985  0.89031721127243379
  0.89625018247102450  0.90213882695148395  0.90799385088350848  0.91382874626361421
  0.91963150475592637  0.92538779569686336  0.93110460345488544  0.93674060024000994
  0.94226524900493491  0.94767536979715972  0.95306167320535107  0.95842322699432514
  0.96374183974810423  0.96899793792073863  0.97422919286786169  0.97943893879102695
  0.98463449923954727  0.98977675923784603  0.99492670706571462  1.00000000000000000
 -0.00226320731522133  0.00900764420655518  0.01898650277714628  0.02962249095013761
  0.04059284803482360  0.05077373759946600  0.06131771996839079  0.07169774443234445
  0.08231619337568376  0.09280955782547713  0.10290421384387999  0.11362973304091276
  0.12411954998404105  0.13491644221689034  0.14540687049291812  0.15613967960371056
  0.16699537865491046  0.17716071938000000  0.18773910692693366  0.19818020093701885
  0.20873445080156522  0.21922761238219182  0.22953617806980459  0.24013493123470914
  0.25074411763285070  0.26150747910997346  0.27222297923391725  0.28282457490084162
  0.29337360846773503  0.30395169730419980  0.31438541383164587  0.32507620334267273
  0.33555491931792925  0.34622046411716384  0.35669846216141088  0.36686693505421253
  0.37730466377198640  0.38776107839181728  0.39830963464460167  0.40881011897387881
  0.41938558134195508  0.43003744181611597  0.44064821080010685  0.45109627894788906
  0.46166239173793477  0.47213842661023953  0.48271097076425451  0.49319759254302603
  0.50378718618697937  0.51431038026569575  0.52479172114280448  0.53526870291863282
  0.54578162477330949  0.55638955739270490  0.56707737618190179  0.57777317520968685
  0.58849251686026727  0.59909937535331270  0.60964869104072061  0.62010445297013583
  0.63066604953639172  0.64124797239960918  0.65184454944564219  0.66249269266672117
  0.67294889298169625  0.68347955086975909  0.69403626104022187  0.70456207902721102
  0.71522076449783178  0.72583344406360673  0.73647644926354705  0.74686160479006136
  0.75723541092228186  0.76770446403687331  0.77822387241305169  0.78895543531376167
  0.79943737353847044  0.80981266767124560  0.82012186685512811  0.83058010099932789
  0.84140623486197885  0.85236942161962859  0.86290965737716419  0.87340557980066569
  0.88379072479691956  0.89416659264866694  0.90473663658719561  0.91492039664220293
  0.92558562056935290  0.93626504246315467  0.94675728649533708  0.95741276687492560
  0.96790708493024624  0.97869059218660059  0.98924622468521139  1.00000000000000000
 -0.00234499256915452  0.00924175967108392  0.01916746207770460  0.02976131342972886
  0.04024019436233341  0.05103074586124664  0.06148781578748178  0.07211716043382797
  0.08263502107377194  0.09334158279972123  0.10405874831955676  0.11472148311251423
  0.12553919391468890  0.13631559498059481  0.14696660224875108  0.15770991100633483
  0.16835000515544524  0.17903776761370371  0.18955957720951747  0.19982204557578773
  0.21019928201896512  0.22036875042048562  0.23063035206888188  0.24099856304083689
  0.25145208294850219  0.26211729332419709  0.27263700341718555  0.28325990326808592
  0.29387770014306447  0.30452440590871954  0.31503547027401474  0.32551840684611910
  0.33606851855244724  0.34654456480957324  0.35710419150530559  0.36765739350657733
  0.37818505911269318  0.38867980631391502  0.39912812037774992  0.40971298669450046
  0.42020854222968335  0.43076935677240069  0.44127182382986502  0.45188632472359680
  0.46249443360949127  0.47320311244250141  0.48378980799510846  0.49397067395892502
  0.50438968433526354  0.51476159777870767  0.52502117920853164  0.53538579571518607
  0.54585287937770199  0.55677680244563232  0.56739392975986525  0.57790150572967036
  0.58831826051631364  0.59882084707551708  0.60942323069173165  0.61993887557629390
  0.63045007270106568  0.64105472490575599  0.65157525390775073  0.66216949228625333
  0.67271641777423818  0.68339325109225579  0.69400005389653452  0.70462125702681511
  0.71535555746773638  0.72634170701544643  0.73655883417810364  0.74680970603453889
  0.75698417363670478  0.76737762318123648  0.77774862102424869  0.78818846817830801
  0.79868415164833195  0.80951586359899730  0.82020617110108041  0.83080687558973965
  0.84136305142705170  0.85179969709664094  0.86221131039013876  0.87252871396678966
  0.88298245157681510  0.89369686339610921  0.90432226475984323  0.91491273408219265
  0.92552505383914951  0.93608939466534036  0.94688738051679944  0.95776389271224138
  0.96830512513792955  0.97906476638204931  0.98934969285883467  1.00000000000000000
   6.6827044448430274E-008  -1.0000000000000000     
 F F F F F F F F F F F F F F F F F F F F F F F F F F F F F F F F F F F F F F F F F F F F F F F F F F F F F F F F F F F F F F F F F F F F F F F F F F F F F F F F F F F F F F F F F F F F F F F F F F F F F F F F F F F F F F F F F F F F F F F F F F F F F F F F
  <DiscreteSampler_grid>
  grouped_processes
  1 # 1 for a reference and 2 for a running grid.
  10 # Attribute 'min_bin_probing_points' of the grid.
  1 # Attribute 'grid_mode' of the grid. 1=='default',2=='initialization'
  0.0000000000000000 # Attribute 'small_contrib_threshold' of the grid.
  0.5000000000000000 # Attribute 'damping_power' of the grid.
 # binID   n_entries weight   weight_sqr   abs_weight
    10   10   1.347759617349329E+004   6.472988549198459E+008   1.347759617349329E+004
  </DiscreteSampler_grid>
