  0.00233329596326698  0.01646635070035114  0.03046977174917882  0.04280353812204743
  0.05448988765520522  0.06589767819755185  0.07705901708585039  0.08816312083824115
  0.09927203632258939  0.11018659566818476  0.12053837296481178  0.13130790573956874
  0.14184880930830013  0.15225952263641943  0.16267798304812112  0.17337716127141953
  0.18422090322127566  0.19502653981559001  0.20578851379721858  0.21663183729390195
  0.22746825171763635  0.23829629469154823  0.24914890922379920  0.26000605244842012
  0.27085840944465556  0.28155586634694862  0.29207529893500550  0.30253471786472602
  0.31308103879183447  0.32370962094977390  0.33434316003956999  0.34490629626747593
  0.35547393735217064  0.36603392380728006  0.37653383649999905  0.38699971954580198
  0.39747715991582050  0.40801955528116451  0.41860896949430743  0.42920937726032110
  0.43985964303211406  0.45055923769380984  0.46126552186889969  0.47189970102823470
  0.48250866101739953  0.49306019732864498  0.50361790483278235  0.51421726090151554
  0.52480953912479533  0.53542006109937024  0.54590821991485461  0.55626251785966996
  0.56664316146190374  0.57706588779720991  0.58742105682813472  0.59773868026658983
  0.60815904963016032  0.61878046830013833  0.62940983074556967  0.63990836608689006
  0.65037966725870044  0.66082951354919961  0.67119452726285767  0.68154475962319438
  0.69194716405147039  0.70245966849446551  0.71292009390132860  0.72328755419392354
  0.73371886968455746  0.74420158222241362  0.75460484733144784  0.76490815756462138
  0.77512111539209483  0.78519223614970191  0.79526350839433635  0.80525309921845667
  0.81522506249436422  0.82515282774033594  0.83513986598877854  0.84517844005847464
  0.85510520701922166  0.86499396900041370  0.87485561321189842  0.88479844107466776
  0.89471200431268449  0.90445869772057963  0.91409162419033696  0.92375663389681573
  0.93326450817894968  0.94266568013838314  0.95199611710375698  0.96118977566815966
  0.97020385622725114  0.97864302328429087  0.98696686005110390  1.00000000000000000
  0.00226976329183172  0.01665229461201252  0.03066427997163782  0.04252863284708517
  0.05424891433325846  0.06566978539603316  0.07694120512097741  0.08801840499576924
  0.09886050706223959  0.10963109782468090  0.12028743442653381  0.13086634711244260
  0.14148644942059996  0.15220234174045752  0.16307036751509976  0.17386192975172871
  0.18462474596798836  0.19526774535886415  0.20590907112241785  0.21668623238950399
  0.22751515092714122  0.23833016185594250  0.24910622030758028  0.25990751251277150
  0.27079390424306843  0.28170710758433026  0.29250047354437159  0.30298087696950055
  0.31334861411674897  0.32377148020043400  0.33416212757102998  0.34461027958751966
  0.35511508516301926  0.36575308040632842  0.37633550107456093  0.38691936904497187
  0.39752015225626514  0.40798581177696003  0.41836748926328449  0.42858608086931343
  0.43870782132609049  0.44882658689716748  0.45907264614920429  0.46950684707488666
  0.47998538956914777  0.49045886309224862  0.50097628339109035  0.51153110878705887
  0.52218468058846157  0.53277652102135775  0.54324620237969667  0.55355923410601282
  0.56384145091019233  0.57410914269932467  0.58434985568841402  0.59460039553523558
  0.60493348902305877  0.61534131858799745  0.62574490957434903  0.63613194533622786
  0.64650988779517415  0.65686455000995148  0.66717313043970217  0.67750597843729854
  0.68794224121601322  0.69841851080159012  0.70884374844353715  0.71924831325802241
  0.72969543634978418  0.74019353344918926  0.75067088148276606  0.76109103967842584
  0.77150987553271699  0.78191726894213165  0.79228297222194610  0.80259462108591451
  0.81286241246536395  0.82309704995773247  0.83331511061203323  0.84354855495144865
  0.85381508484758706  0.86407084636936515  0.87425760987132628  0.88437768965625285
  0.89441560498280670  0.90440367638630503  0.91437226705726182  0.92431034476470864
  0.93417227913871248  0.94389300879503224  0.95345410324647217  0.96277332229492651
  0.97171418775750629  0.97999217449092657  0.98824902877215204  1.00000000000000000
  0.00729623315705113  0.00910135567510207  0.01026132940869120  0.01134726490214706
  0.01245607203038847  0.01359276389206388  0.01474961239167500  0.01594106809715639
  0.01714053498430482  0.01834394650370589  0.01956478099322929  0.02085083953113014
  0.02220323143067266  0.02351451969907343  0.02476360310515769  0.02589617465956903
  0.02690448039435522  0.02797017242503898  0.02918283254464956  0.03044411713834947
  0.03169843145910149  0.03297447138806887  0.03428133032371385  0.03561688353182838
  0.03698295049596608  0.03837987365973457  0.03980968833273550  0.04127998265775240
  0.04279544967780134  0.04436883708945833  0.04600559244656592  0.04768206551214758
  0.04938383803171797  0.05112972550005990  0.05296024418317677  0.05488270518804231
  0.05687545580289557  0.05891398028064444  0.06099877370683020  0.06314671453870178
  0.06538051117759293  0.06770587109494379  0.07011806855988258  0.07260276205953470
  0.07516951808697540  0.07782250086587324  0.08059354817760227  0.08348375948681994
  0.08648825962535306  0.08960748481240828  0.09283324426283592  0.09617118511086441
  0.09964694876346987  0.10327628479738672  0.10705520881077187  0.11097785775576079
  0.11506642017855112  0.11931815917850257  0.12377145742680444  0.12843725128236411
  0.13331370748107907  0.13837994414537003  0.14369208783488488  0.14930937179689804
  0.15523572555826301  0.16144147751530893  0.16791343059415736  0.17466803473755660
  0.18177945380520527  0.18929955132318874  0.19720315300539359  0.20548889894872086
  0.21426632283366395  0.22357522193844348  0.23340173465818262  0.24379514893486534
  0.25484916341636993  0.26662748308648521  0.27914873649513888  0.29251172360190392
  0.30682053531791359  0.32220351581354473  0.33890054814207132  0.35703411118455830
  0.37667648091983430  0.39813100240807509  0.42173303327606615  0.44773926330334235
  0.47684277307308665  0.51014438116487748  0.54905585978175386  0.59568194280566900
  0.65439531772306425  0.73851588049735617  0.86106244170726276  1.00000000000000000
 -0.00103490542575414  0.00402785545798781  0.00919936990753698  0.01432931694425713
  0.01958007321939371  0.02491298976751190  0.03027081696644498  0.03563862693537243
  0.04105660238293710  0.04657417103608754  0.05216150372052587  0.05776035298363141
  0.06338803604201196  0.06906611372815662  0.07477029362778592  0.08046487458236050
  0.08614236225970201  0.09187222558745244  0.09768135427520029  0.10355702063369855
  0.10950377302854560  0.11548518423269009  0.12148928610512906  0.12753137673724371
  0.13360353315437107  0.13973132471156324  0.14590744906820993  0.15216426046652665
  0.15856275317081522  0.16501138956739969  0.17144966117995755  0.17791241165036684
  0.18446515032319674  0.19105802506620984  0.19765312011981356  0.20424166389382412
  0.21087907984901999  0.21758998750256797  0.22439043543500917  0.23130554478168378
  0.23835167477118979  0.24543161599903518  0.25248592612937965  0.25958276911565192
  0.26679065163263704  0.27410327055270600  0.28153312875489261  0.28898863847632983
  0.29659270404775606  0.30423158994010624  0.31205473541370288  0.32010854649809556
  0.32830268898210402  0.33655177201844461  0.34487146236066846  0.35334651251888083
  0.36194674957180811  0.37064213187768602  0.37922712058131836  0.38771248199635155
  0.39643996303812973  0.40534176578056302  0.41442148053590105  0.42353344246212726
  0.43277078673245850  0.44257287675724533  0.45258791924763048  0.46282285749724655
  0.47306296507504997  0.48355534084020713  0.49428994265668375  0.50531217910039028
  0.51672593320751548  0.52837000481889584  0.54035083212747137  0.55249021671158560
  0.56481816282649799  0.57752278499651621  0.59050354546171757  0.60392195335385912
  0.61779686954238811  0.63224687457464457  0.64711652629080796  0.66241662126122713
  0.67861292689167463  0.69573232847154343  0.71369776440680466  0.73255686847171153
  0.75251439190787495  0.77389685228790472  0.79706443598607712  0.82278242368180743
  0.85215903738010779  0.88701717384774159  0.93307633349147057  1.00000000000000000
 -0.00225415112122553  0.00884921560673372  0.01896201195904123  0.02959847848485557
  0.04030537105742160  0.05082037017526216  0.06130822654570055  0.07192599296200518
  0.08257958270366254  0.09338122856052410  0.10413112903868058  0.11491077305571672
  0.12552846253720362  0.13611752902144886  0.14664549081859182  0.15727589117275453
  0.16795836124724184  0.17865579915146612  0.18941605870318939  0.20014863907983335
  0.21087354693651481  0.22158692506395181  0.23241812971822534  0.24339722998192037
  0.25425670826777796  0.26494649093683398  0.27550737208599263  0.28605748645903228
  0.29661303443983106  0.30720823089387106  0.31789158199599798  0.32857668763174602
  0.33914711125661440  0.34963901315973822  0.36010873832734508  0.37063210418045750
  0.38116274503304159  0.39170007973067844  0.40225511751563864  0.41284780763739681
  0.42343031248675311  0.43403020641734452  0.44465426563796945  0.45531944076590086
  0.46597724629597226  0.47656452989564069  0.48713412077919244  0.49769980692478144
  0.50831473725453113  0.51891244367776312  0.52947242063688216  0.54002096526577092
  0.55054181277750991  0.56096319961186125  0.57125871836998943  0.58156091810059340
  0.59192166939132462  0.60233943966328318  0.61278671848163735  0.62328740394054216
  0.63385872582284353  0.64445463081044851  0.65503715993579015  0.66562267392600138
  0.67624030048393524  0.68693654861965725  0.69757805810823126  0.70804786175777312
  0.71834401862952280  0.72869908016788909  0.73916586923858096  0.74961561667911258
  0.75982922370283512  0.77000257713012699  0.78032569670882845  0.79072544742046658
  0.80118005042997731  0.81172572586180358  0.82235319135571405  0.83296373918011457
  0.84347290732368074  0.85389548530467740  0.86437562657314360  0.87485071519739999
  0.88525202715252782  0.89566607909918072  0.90599400827486176  0.91635284133110773
  0.92668501752608867  0.93713791202234631  0.94773392650201638  0.95812147540726944
  0.96867965434011394  0.97910592470739888  0.98955733699135484  1.00000000000000000
 -0.01408629044061108  0.06281018072391417  0.10822049784308245  0.14343111080733900
  0.17322336016963016  0.19939514390991073  0.22286849571237669  0.24449451614118756
  0.26481278384500445  0.28406211278080307  0.30237694753754879  0.31959499711670858
  0.33576143269263342  0.35111177160953566  0.36573697885428630  0.38011610968113080
  0.39420873979587101  0.40773978823637730  0.42069560731686773  0.43332254296477912
  0.44570849555281317  0.45779063866937902  0.46956204111553079  0.48098632171220540
  0.49219828421287831  0.50320062684230282  0.51408839477554169  0.52469280871670632
  0.53510705505136713  0.54536930742209200  0.55513380335543450  0.56469125973943846
  0.57393003765386219  0.58313247297651694  0.59218971526826181  0.60106844480213450
  0.60979353072347753  0.61855611964638690  0.62722556505309757  0.63585826614904573
  0.64435945165636954  0.65265522593242198  0.66078450311821613  0.66877700913902471
  0.67675265664957407  0.68463650047671987  0.69246542638818520  0.70013292705631802
  0.70773097087152137  0.71527721076103179  0.72282478222955504  0.73023716276459782
  0.73758443245866012  0.74482464390216507  0.75199154172054394  0.75900469459625441
  0.76593488974110047  0.77281820074544028  0.77968253866598169  0.78650607285619911
  0.79329248854971279  0.80001185331242330  0.80667157352265406  0.81329378174802247
  0.81991386839624958  0.82650844817569513  0.83301043671171349  0.83939162459938332
  0.84573672300730096  0.85207036972595540  0.85835928891329449  0.86460231022263379
  0.87081524350123041  0.87697430094337570  0.88306652014696674  0.88911326216286568
  0.89510954180915303  0.90103943010876175  0.90689108023058684  0.91268597555002007
  0.91841081927512269  0.92406884824429603  0.92968432757390218  0.93527135853839616
  0.94080881317544873  0.94631336231184959  0.95180085181251661  0.95729137173774859
  0.96273160181344186  0.96811905669145648  0.97343769198866281  0.97873146336517991
  0.98403299430169200  0.98934191860409426  0.99467587619003006  1.00000000000000000
 -0.00226905446423090  0.00900159889750822  0.01920626704424065  0.02995708488872072
  0.04070597290640663  0.05147573793153648  0.06209993087645016  0.07254695273996264
  0.08302665975218132  0.09375056752202035  0.10427182430898836  0.11486815723430048
  0.12521966142750918  0.13614126977774610  0.14674221546226254  0.15738325637805567
  0.16796366521530962  0.17878131415583040  0.18948330333078134  0.19998456739155954
  0.21044606773779986  0.22090340469545106  0.23119675706987738  0.24141810781661863
  0.25191430218272859  0.26241511052726751  0.27282657193434107  0.28313729653431591
  0.29358491308376472  0.30426260657458898  0.31477122866588714  0.32544769703362109
  0.33600344741480309  0.34656241330559839  0.35715573265308620  0.36765182810252800
  0.37817845883184498  0.38880483965097268  0.39930144154151087  0.40983127945307030
  0.42034414282986843  0.43121385347446084  0.44168151084626112  0.45199006359151417
  0.46237543431019618  0.47267849356077574  0.48301654038998915  0.49334533726248336
  0.50368090503937268  0.51447390792402392  0.52509381535822397  0.53588642870777869
  0.54654610951263405  0.55699622881450239  0.56747086283684334  0.57777546663250701
  0.58837470741984066  0.59896926863052413  0.60995609347601576  0.62084049614633197
  0.63150853772340487  0.64212979017623517  0.65269916945890938  0.66343962822142422
  0.67389201711233293  0.68434650583697276  0.69479465825441922  0.70537648169871658
  0.71595790533814396  0.72657625653450109  0.73735868569594587  0.74804097084917343
  0.75871909096761192  0.76923371845002497  0.77966517792962409  0.79005076288898957
  0.80056197359898418  0.81106931116975267  0.82154860357095505  0.83206338928666812
  0.84278959012324217  0.85356702675876173  0.86430592089083258  0.87483353041331235
  0.88543328734130811  0.89600379032824840  0.90652700754965942  0.91698229318863722
  0.92741346196841146  0.93778039427036686  0.94807832509878875  0.95828828522998377
  0.96887122227308864  0.97934159814799260  0.98974806590449438  1.00000000000000000
 -0.00231188242913423  0.00925574520029811  0.01889016966475590  0.02962156985049640
  0.03994897729670013  0.05066347267842126  0.06136547648104319  0.07200871168542212
  0.08254516687697599  0.09314769073314137  0.10369684996952981  0.11421232521875102
  0.12483544932633694  0.13541333234942179  0.14585708335926101  0.15640866378734619
  0.16694313089607660  0.17772350125797573  0.18818208666674677  0.19843870158488991
  0.20883455505781581  0.21916838276402681  0.22962498034316678  0.24004112260403382
  0.25027922402503389  0.26090911425405061  0.27139347249229667  0.28222061551293870
  0.29268372308337481  0.30323113736281382  0.31363811575638023  0.32412783805876338
  0.33469655850673963  0.34505229249190889  0.35575074540226143  0.36609396267517841
  0.37658515300318285  0.38715420573420345  0.39772997066696075  0.40803589065864004
  0.41824975884623611  0.42879415122538700  0.43923715276906677  0.44965900195590375
  0.46000064070671265  0.47049617958466883  0.48097981688483199  0.49148890178215071
  0.50182585512075029  0.51221002454477205  0.52256022001132862  0.53317642637554008
  0.54386969431867072  0.55453758094723249  0.56517713396911295  0.57581532336712937
  0.58653921838124834  0.59731335932529916  0.60800479658358064  0.61853702170977087
  0.62893067100506173  0.63930443037132600  0.64976521640725338  0.66025044829308732
  0.67067430862682054  0.68117282961582803  0.69179240757152227  0.70253641257592125
  0.71333309334338568  0.72414069269467407  0.73489803168744283  0.74541531628063418
  0.75603264452137153  0.76658423818598054  0.77714498270158683  0.78752034984160602
  0.79796193942741478  0.80863185973662643  0.81934261147315324  0.82990662574487883
  0.84054526565055199  0.85118437525442558  0.86189541287344018  0.87229276690388402
  0.88268126718383522  0.89315788192593992  0.90374222207445376  0.91439009517628034
  0.92518900562776818  0.93595590883893409  0.94679486919508637  0.95743847784671199
  0.96809469084842825  0.97882891694286023  0.98932356913974995  1.00000000000000000
   6.6609507461794922E-008  -1.0000000000000000     
 F F F F F F F F F F F F F F F F F F F F F F F F F F F F F F F F F F F F F F F F F F F F F F F F F F F F F F F F F F F F F F F F F F F F F F F F F F F F F F F F F F F F F F F F F F F F F F F F F F F F F F F F F F F F F F F F F F F F F F F F F F F F F F F F
  <DiscreteSampler_grid>
  grouped_processes
  1 # 1 for a reference and 2 for a running grid.
  10 # Attribute 'min_bin_probing_points' of the grid.
  1 # Attribute 'grid_mode' of the grid. 1=='default',2=='initialization'
  0.0000000000000000 # Attribute 'small_contrib_threshold' of the grid.
  0.5000000000000000 # Attribute 'damping_power' of the grid.
 # binID   n_entries weight   weight_sqr   abs_weight
    10   10   8.341879953356292E+003   1.803987907598691E+008   8.341879953356292E+003
  </DiscreteSampler_grid>
