  0.00260193391476962  0.01625167038718772  0.03014200015965621  0.04297372556341766
  0.05490242527674777  0.06661754015202849  0.07828889923972399  0.08988829946000117
  0.10154853047891918  0.11304342877743019  0.12427357038964336  0.13520006797935855
  0.14613679336993338  0.15697937718136573  0.16779627746307299  0.17869809259192115
  0.18950052839091502  0.20017595794476964  0.21074817572291296  0.22149720890223076
  0.23241830264500368  0.24322252364648198  0.25389053182111398  0.26449749588209820
  0.27532450328663804  0.28628295439215445  0.29715930550534359  0.30791295252810047
  0.31851930269363754  0.32904635491306888  0.33958720736161846  0.35014184381259961
  0.36087475688362414  0.37177540432716755  0.38279492441384699  0.39377493710174805
  0.40461011051808671  0.41528933042008526  0.42589102755714664  0.43655904002837687
  0.44745918403980384  0.45845244129155488  0.46938760418974768  0.48017690966341536
  0.49076911724888317  0.50121912711917671  0.51153039624780772  0.52185326087048012
  0.53232663129277724  0.54293335725482306  0.55358168060729718  0.56408892545087830
  0.57452084921279223  0.58490405824547220  0.59528265356653465  0.60566185722332089
  0.61600957131601819  0.62624428833628409  0.63641323008807482  0.64666348792585571
  0.65706014061160567  0.66753403561190505  0.67788027937198636  0.68825126807724890
  0.69859014229880978  0.70887153917717971  0.71907617028015969  0.72950850005194068
  0.74020848468630573  0.75098958639443203  0.76158454922748553  0.77204553989479341
  0.78257455953401744  0.79310279284484053  0.80349195092182446  0.81379021677662622
  0.82405445318549408  0.83428293829167521  0.84449910361904013  0.85466448191600164
  0.86478708572076990  0.87474010034942062  0.88475322561409409  0.89464119944945242
  0.90438958411461567  0.91415626742642275  0.92406492622639758  0.93415319784539830
  0.94411632141100321  0.95372388691706456  0.96294080827242634  0.97164773427964879
  0.97978403940934566  0.98714545709122803  0.99333230278484630  1.00000000000000000
  0.00259702463672674  0.01622250208534176  0.02980358476457436  0.04237039980370569
  0.05442765990476159  0.06629790187261959  0.07782219586543833  0.08893082939667189
  0.09992315302323602  0.11097848158486666  0.12229426091373963  0.13359167385801299
  0.14472491640265819  0.15578897622000387  0.16685337928549410  0.17802531104264391
  0.18905387807888441  0.20000222686968111  0.21087337722105712  0.22170968963309046
  0.23251022876103733  0.24323926144476213  0.25395491773312989  0.26480344452275051
  0.27574633517709957  0.28654567737606612  0.29718124007876995  0.30781007238706026
  0.31875324195626314  0.32972993519727484  0.34050307420606224  0.35134290887996905
  0.36232651183076531  0.37324888702349029  0.38380807411731399  0.39435992531055092
  0.40508298291660316  0.41579210535665334  0.42655824873599135  0.43718291666707854
  0.44760894028636800  0.45783044617826119  0.46788826488181573  0.47805192515814843
  0.48829008832263321  0.49861484770923337  0.50906558637860388  0.51966074702060672
  0.53048411835702980  0.54139830848820347  0.55210058211650093  0.56268314498929861
  0.57333361639756486  0.58430797617690144  0.59556285916292806  0.60663493491103515
  0.61702851389948221  0.62720356445442904  0.63737304798092764  0.64774038683618773
  0.65802010850852699  0.66807025108278817  0.67801587653261208  0.68795754215373461
  0.69808907461100600  0.70820590583803611  0.71848328070598388  0.72879538583917958
  0.73928726270669509  0.74982948007489181  0.76008077700249721  0.77026326613044116
  0.78038174739147459  0.79050343119697741  0.80061578065481454  0.81070133940526268
  0.82084893089135924  0.83106758659178259  0.84126080787813218  0.85159516955593695
  0.86181041416462045  0.87199453674680738  0.88192097494841726  0.89184877946094998
  0.90196492031050912  0.91196493461412964  0.92163416419009347  0.93106031540872014
  0.94045877527641863  0.94986343500726889  0.95904044770275643  0.96780016817970271
  0.97610052805171899  0.98411315687687828  0.99200490765622262  1.00000000000000000
 -0.01194427970293409  0.03779358542189960  0.08190204987194576  0.11452780612829375
  0.13330340970120191  0.14600392116335739  0.15815154556949915  0.16979495627846311
  0.18153820536120371  0.19321005967219204  0.20485822782538204  0.21662623813677176
  0.22817613439240531  0.23984936238732604  0.25132576952846197  0.26233193629026941
  0.27348514954070346  0.28455519880045144  0.29544600337843785  0.30611927118627569
  0.31673672992318924  0.32734901451832099  0.33801594995114959  0.34865183012373718
  0.35896892550032172  0.36922470154561582  0.37971519254777442  0.39005882034647715
  0.40026997534057507  0.41044363389565930  0.42044773393342982  0.43017686635043462
  0.43970291152351504  0.44918926548445809  0.45841945712727550  0.46755976197279464
  0.47669254215318430  0.48606520189883512  0.49570647268597479  0.50528037367492462
  0.51465807768844296  0.52393341962600604  0.53330794545554772  0.54289432298814899
  0.55260090084379765  0.56213607218948425  0.57146914103703927  0.58068511627576302
  0.59026782870935179  0.60002301472963593  0.60963438978745288  0.61899750800026321
  0.62815034956692051  0.63724796146730800  0.64625267444979551  0.65526554326839581
  0.66418977766573084  0.67296568846762594  0.68166828220520148  0.69050626794985914
  0.69947931922633633  0.70845260215505657  0.71732807741505944  0.72611667755874798
  0.73501696257147386  0.74399714150678953  0.75261886739637307  0.76150806310316099
  0.77029305831111206  0.77896649783893201  0.78755154302918462  0.79609707435788091
  0.80473220380979160  0.81340331484912576  0.82204375966990251  0.83065405082897104
  0.83922208962465950  0.84773087863646068  0.85619954213601068  0.86462029757342374
  0.87297035552018465  0.88135530243678140  0.88971688197115439  0.89812098712678456
  0.90662234939152953  0.91528891246245481  0.92400708185816105  0.93268167850727990
  0.94131110428025122  0.94992540455225127  0.95848680086327465  0.96690803990677110
  0.97518982796068021  0.98343681384544668  0.99164296473549829  1.00000000000000000
 -0.00262407398873043  0.01002265648288985  0.02070058618361616  0.03128793379877250
  0.04208314136107334  0.05256309874823319  0.06300482626295635  0.07325414350429163
  0.08368131000501251  0.09409466153567536  0.10423188947575458  0.11437508503114853
  0.12447444142952800  0.13498426371194808  0.14535025363154999  0.15572487162711454
  0.16598023386238683  0.17638242604437185  0.18676375618230900  0.19726228323663669
  0.20750302916648639  0.21752809302214129  0.22752372244542018  0.23762556293610132
  0.24793874631684237  0.25832549503400337  0.26880431522632137  0.27924337221791318
  0.28970174497890638  0.30021588579492070  0.31091122710940622  0.32147071041123498
  0.33209683933992634  0.34263487418959654  0.35327272903209495  0.36381099486664353
  0.37427223846831809  0.38461468971303481  0.39490088985584448  0.40506598883553746
  0.41507312421355058  0.42534472949833185  0.43566208315711175  0.44603963918017248
  0.45632808157295468  0.46686273080613966  0.47771306662931207  0.48845023212560035
  0.49912282995743501  0.50958878484483350  0.51992076575806290  0.53007023122811547
  0.54025274210447849  0.55068965642411605  0.56132986745095981  0.57202788356584466
  0.58249175040347079  0.59288290551894995  0.60346918299002283  0.61437697951479708
  0.62549353861852885  0.63671139759119888  0.64779725845551550  0.65892074414470603
  0.66972937437581759  0.68040453161077985  0.69113039989401481  0.70176112578634908
  0.71220848932800918  0.72250104456337749  0.73283596531123019  0.74333750869744875
  0.75403641831080559  0.76467691704347729  0.77541072525842947  0.78589732052639927
  0.79658920818153267  0.80706469267685310  0.81769400116957858  0.82836956050660138
  0.83923650326315213  0.84994944341243495  0.86069657833226176  0.87171442429852886
  0.88259424218017068  0.89352834341369780  0.90442145055908696  0.91527769044924301
  0.92620381383230721  0.93700160866133775  0.94795496154925041  0.95875527439469665
  0.96893342264058258  0.97912833384326214  0.98931986863605448  1.00000000000000000
 -0.00187550062878901  0.00661994783149905  0.01451892148739314  0.02238737399519570
  0.03018144491301148  0.03787834495390378  0.04548808592881472  0.05301949139930960
  0.06051188877802981  0.06804984503689691  0.07560697589400152  0.08319159494810809
  0.09076521805093760  0.09837282016986389  0.10620556016508285  0.11419629844059485
  0.12212940216437981  0.12993796485611417  0.13765609653968039  0.14544208576191470
  0.15337167295714832  0.16139370348136442  0.16957070888197731  0.17785359339906534
  0.18618608990367630  0.19442049361191929  0.20259706419838078  0.21079836876443453
  0.21915242004694566  0.22735240359632522  0.23547149905530607  0.24362335816677369
  0.25203170961910093  0.26077130637251089  0.26955942268364741  0.27822554171707087
  0.28682296031692328  0.29540602927979742  0.30391321234230567  0.31241583840727793
  0.32086514489870532  0.32922280635356238  0.33755272007910209  0.34608715906439602
  0.35472753186179989  0.36361191487672589  0.37260835132531323  0.38165166073046974
  0.39074189391079889  0.39979522119512556  0.40875321120297353  0.41764084909912258
  0.42653730193151368  0.43552653478888920  0.44467777259056118  0.45390029721720326
  0.46302478282523213  0.47212038823444058  0.48133925511385378  0.49075248555715012
  0.50028729474669487  0.50985722863854399  0.51953743135324804  0.52942074558452690
  0.53957373684547039  0.54985706204738427  0.56009031999662162  0.57042897008581939
  0.58119595316592276  0.59251303641934516  0.60404500587564358  0.61531419597848058
  0.62632481880509261  0.63719720789261103  0.64808941734981429  0.65922376937450966
  0.67093443619798354  0.68333018254134958  0.69600575205093040  0.70882667456760640
  0.72191786323337614  0.73521239462580845  0.74876888227021954  0.76249270289896987
  0.77688647904660624  0.79181213565093012  0.80689861474018276  0.82276414519075236
  0.83908022537596660  0.85570809002299442  0.87401259814254473  0.89412044771243815
  0.91623866517407881  0.94078795771173773  0.96877437297325042  1.00000000000000000
 -0.00251771019334528  0.00969789499810316  0.01982954938196192  0.03043668302297651
  0.04056964399745842  0.05100097359575109  0.06171466569868658  0.07212441573245722
  0.08266125021231467  0.09273473455980111  0.10282188974730559  0.11313213356622760
  0.12366374670720620  0.13423154159106709  0.14485883951028250  0.15515877458790156
  0.16584448384896705  0.17628931155703989  0.18694682145010627  0.19756551212081985
  0.20785479324314826  0.21810122439314047  0.22825125773626090  0.23866687086760766
  0.24903866546950243  0.25942017417491847  0.26999905608900965  0.28064994891945350
  0.29110119065795292  0.30133241590869214  0.31154430896052870  0.32206931430185742
  0.33288749152504932  0.34374321421773607  0.35469366201430880  0.36559804502972321
  0.37643505896478513  0.38690698772664500  0.39737982141724493  0.40814715738447421
  0.41904729388379230  0.42953015544460871  0.43983656056212278  0.45036838164331067
  0.46136618837347548  0.47236532697457334  0.48311059973682519  0.49386196195400017
  0.50451012775127535  0.51502895573137342  0.52544521913270548  0.53582426489019053
  0.54589161361095206  0.55601166466673546  0.56623265887482477  0.57706666758699943
  0.58804152908057161  0.59896825572977719  0.60940241515051619  0.61969112444397934
  0.63021935589740330  0.64098543248913542  0.65167051808601506  0.66214289608511734
  0.67288596515544064  0.68376733033114345  0.69467572261888577  0.70540019176976909
  0.71601564975177523  0.72656197012419999  0.73702842830089466  0.74769777333939946
  0.75848120409131936  0.76932826821012834  0.77994288534852929  0.79041701367798989
  0.80098509881530167  0.81145237963456451  0.82183714618180892  0.83240667508991140
  0.84331370269336026  0.85423060886021041  0.86486629140867899  0.87545467263959087
  0.88592451434643349  0.89617374379545212  0.90691310633969513  0.91738621124995579
  0.92812045649570329  0.93844148212918410  0.94872824807368794  0.95895396805228872
  0.96896687438725382  0.97935173377752660  0.98973169205739242  1.00000000000000000
 -0.02942458320384948  0.15690669630174789  0.21807513162969983  0.25848581535266107
  0.28987492195198888  0.31534615281239192  0.33853984044432600  0.35926369285118365
  0.37752413978798172  0.39411613271198825  0.40978756508858749  0.42459646434088633
  0.43860045557758348  0.45200150515621423  0.46470939827337360  0.47671841928306868
  0.48816771289001887  0.49904627794279088  0.50935800456323588  0.51932964525254022
  0.52891544122609691  0.53822980614953375  0.54739640269238121  0.55649124413693896
  0.56524605968830210  0.57357759988203205  0.58165508389578124  0.58956774269586365
  0.59740250139818762  0.60508081100161859  0.61258044442018711  0.62000633851931009
  0.62745393455977272  0.63495078668402993  0.64230079812553043  0.64942474753060075
  0.65639890581474003  0.66331824619837654  0.67018619758353948  0.67687430534940729
  0.68341941231173742  0.68988615906193862  0.69631408857716770  0.70267718996244233
  0.70907597475149375  0.71548579240223642  0.72185568747526330  0.72798078588762327
  0.73386507891948993  0.73963691536684095  0.74562981359216396  0.75174644470250263
  0.75782904300389320  0.76375452064908611  0.76953311725140383  0.77521342610581434
  0.78090818343027679  0.78665085159462522  0.79234092428001035  0.79794352715102190
  0.80349514915043052  0.80899156196743227  0.81445847098587631  0.81993254323277864
  0.82536849138674562  0.83086268343881087  0.83643685795747180  0.84191159943099247
  0.84736457908491869  0.85275403545132022  0.85821112221230633  0.86379022678181860
  0.86940563163768270  0.87501353097351697  0.88052160189096940  0.88594909258482857
  0.89134635388254813  0.89669387203537954  0.90202254806263804  0.90743085991431494
  0.91292127491009056  0.91848871054481629  0.92406219022499114  0.92961733041228456
  0.93519303220151329  0.94086309216289588  0.94660594088588501  0.95231891890677089
  0.95803072436828207  0.96380975901464772  0.96968178070251720  0.97569853193307143
  0.98177723899869196  0.98790527582349208  0.99392372455310884  1.00000000000000000
 -0.00241529202538222  0.00950898252836723  0.02009561909979458  0.03078820106380607
  0.04168782946099138  0.05208350013656424  0.06255057002185230  0.07318924088902946
  0.08417664550330997  0.09529644960051145  0.10598989496660809  0.11653930417878512
  0.12699859936363767  0.13784259606130025  0.14835926595174415  0.15878085462739749
  0.16866202239581582  0.17887871870208497  0.18892669460098119  0.19922551655603615
  0.20970078604004691  0.22026214476466724  0.23090451359570721  0.24138865658686334
  0.25208875600409103  0.26283405102498336  0.27361818095097284  0.28409721956157657
  0.29434242743623962  0.30464380123103996  0.31513300006296474  0.32583019112491468
  0.33646887428177330  0.34667428783075688  0.35677256900899718  0.36696823970937248
  0.37741400598977476  0.38808802551849941  0.39894036078201567  0.40971881161993129
  0.42039191023069067  0.43076475163292138  0.44131761339243769  0.45175928451599134
  0.46194661084789201  0.47174395816147335  0.48169127966014796  0.49181223260855972
  0.50202438987326270  0.51236914547567092  0.52282010994407047  0.53349938641885708
  0.54410578200173920  0.55449443292939815  0.56491529803705864  0.57545834923611705
  0.58624970592534087  0.59720325695879273  0.60800294240651409  0.61900468742420423
  0.62986573439199578  0.64066387822640691  0.65111187962843520  0.66181106724931937
  0.67236666398455647  0.68305524297339526  0.69348116920948311  0.70371112927383639
  0.71383092999516573  0.72418308924774211  0.73485525061619805  0.74531882104767866
  0.75570632393992876  0.76596743235187703  0.77647756854547934  0.78687050497725020
  0.79700963295041560  0.80690047259798336  0.81705971417405632  0.82770643007648848
  0.83856324784297875  0.84920182608305350  0.85977623067040210  0.87060621952522599
  0.88138869044997559  0.89201377878755816  0.90302512048035999  0.91376613909039650
  0.92530974405091204  0.93669315572496781  0.94796348291727961  0.95862296683178760
  0.96899792475339541  0.97937138884851926  0.98980254639778120  1.00000000000000000
   5.7316357442144219E-009  -1.0000000000000000     
 F F F F F F F F F F F F F F F F F F F F F F F F F F F F F F F F F F F F F F F F F F F F F F F F F F F F F F F F F F F F F F F F F F F F F F F F F F F F F F F F F F F F F F F F F F F F F F F F F F F F F F F F F F F F F F F F F F F F F F F F F F F F F F F F
  <DiscreteSampler_grid>
  grouped_processes
  1 # 1 for a reference and 2 for a running grid.
  10 # Attribute 'min_bin_probing_points' of the grid.
  1 # Attribute 'grid_mode' of the grid. 1=='default',2=='initialization'
  0.0000000000000000 # Attribute 'small_contrib_threshold' of the grid.
  0.5000000000000000 # Attribute 'damping_power' of the grid.
 # binID   n_entries weight   weight_sqr   abs_weight
    10   10   1.505178975336921E+002   3.654035810630485E+004   1.505178975336921E+002
  </DiscreteSampler_grid>
