  0.00240128348478603  0.01626635644750745  0.03014843914554106  0.04229277934447120
  0.05413275247472982  0.06553239965127969  0.07683291716765085  0.08804720417951171
  0.09918074999416802  0.11021981543149310  0.12110578325486503  0.13187180011378369
  0.14261883638392281  0.15346724467270445  0.16449716090581315  0.17540345009493449
  0.18627402468363138  0.19710727053416086  0.20791861862030753  0.21855905614350302
  0.22905222496290206  0.23954550945339531  0.25013271438546913  0.26078797532544928
  0.27158399524962817  0.28249007097545192  0.29346831780029653  0.30432449756638491
  0.31505748050339788  0.32576963684494142  0.33654489807560917  0.34725037707962159
  0.35789537442915281  0.36849962780702383  0.37902190294994897  0.38954701897930732
  0.40013980922956532  0.41082032814228536  0.42149298548026981  0.43212366535904762
  0.44270852953926443  0.45325688684403254  0.46379822999879355  0.47433670441949050
  0.48489270259516637  0.49554755779750220  0.50628350260530164  0.51703751800818432
  0.52777301741059568  0.53843247143512063  0.54893992766652111  0.55935527705359678
  0.56985079994324472  0.58050800456140372  0.59117032303593264  0.60177448886226204
  0.61238595866329160  0.62304968957667262  0.63372270280460985  0.64434322465159133
  0.65487589003114799  0.66532496222585191  0.67575200509299405  0.68612467012796063
  0.69638353762928695  0.70657997417987473  0.71693053902389792  0.72734804929206542
  0.73754745634892283  0.74754354011996049  0.75762943716317188  0.76776986255636581
  0.77779034156240456  0.78784431856023707  0.79807331929663783  0.80854183628226250
  0.81899885414888085  0.82938965569709722  0.83979702779474130  0.85021347990083229
  0.86058693419622134  0.87086213274047453  0.88112548685683978  0.89138355023727245
  0.90156818814689099  0.91168859735678354  0.92179548291355562  0.93187412640075229
  0.94172454729553534  0.95123272666127578  0.96052909832798095  0.96959922707440960
  0.97821828421314927  0.98615769614305193  0.99354095391001962  1.00000000000000000
  0.00240336381604648  0.01641652707036687  0.02980676933022256  0.04162989045893089
  0.05291693520064535  0.06404992308287583  0.07535299498343444  0.08670146186162984
  0.09779095892575618  0.10874001298871561  0.11959020673017526  0.13044492454297379
  0.14124400895832653  0.15206678158565426  0.16285741737863768  0.17365497414495037
  0.18439836337848797  0.19511546358741486  0.20584668278924900  0.21662707838884407
  0.22743278038138243  0.23803069288431458  0.24847615472460519  0.25894603263994698
  0.26934509715870314  0.27962035451253003  0.28996514349025210  0.30047442538863905
  0.31119361893610359  0.32188646959666889  0.33257378169760970  0.34326661278782217
  0.35397621562153686  0.36468660320619373  0.37543109071790637  0.38626548927787524
  0.39713010747162264  0.40788273308696033  0.41845921855993429  0.42889369623613322
  0.43939252951465291  0.44996481468784222  0.46059389925524657  0.47121794024854985
  0.48187371168086007  0.49253404797318484  0.50307916730988211  0.51336213763602168
  0.52360330021284673  0.53395983768733668  0.54439876403383536  0.55489483498914771
  0.56541721050669846  0.57601750727033674  0.58660320761354612  0.59709585270954013
  0.60756673694713959  0.61790227691541699  0.62811670409720610  0.63836470546945656
  0.64865658784879399  0.65898982816375562  0.66932472570919443  0.67971210326719955
  0.69008738090732280  0.70028724942779352  0.71026782125184540  0.72015113842210265
  0.73008839194406305  0.74014092972097745  0.75034042572828608  0.76066819769383620
  0.77101196442972120  0.78121523691411343  0.79130221163198278  0.80141060958758903
  0.81153637984361005  0.82164836897057936  0.83177095520472988  0.84199017881969762
  0.85226027915661684  0.86246189224488301  0.87250297508136798  0.88251104987661511
  0.89249929264678540  0.90240926852511083  0.91222907188792057  0.92198883600935744
  0.93169333911959606  0.94128390037464271  0.95078070681115923  0.96008984002425279
  0.96913067822961385  0.97771856997226181  0.98573307422261469  1.00000000000000000
  0.00948558531301008  0.01110582141321394  0.01222797489407984  0.01332819628280628
  0.01445932715997952  0.01560404529125523  0.01675046967011252  0.01789585869001794
  0.01904350030459151  0.02020774671829336  0.02139826305193563  0.02260650398343845
  0.02381337676831789  0.02499298265759134  0.02606787844180836  0.02703352011645086
  0.02808188227535190  0.02925265555619112  0.03047447558403831  0.03171969625542630
  0.03299258905697514  0.03429125380548961  0.03561257671068597  0.03695954714634862
  0.03833800589277038  0.03974913374440082  0.04119549677585451  0.04267985145438221
  0.04420853705976534  0.04578586117710270  0.04743373176889333  0.04915361354832062
  0.05093346971939385  0.05275383316688085  0.05461108564091281  0.05651125174007921
  0.05846608651743263  0.06049531943228054  0.06262073754163787  0.06482969610296566
  0.06710687221354457  0.06943531057961055  0.07183395942960742  0.07431071933711161
  0.07690386021156556  0.07961252998114020  0.08241945587526894  0.08532682441640331
  0.08835263953651816  0.09154119879815797  0.09487125281679916  0.09831663829253101
  0.10187791424522495  0.10557346318822325  0.10940678277891967  0.11336652705272698
  0.11748299630718340  0.12173767181829634  0.12618897396569068  0.13082836359328384
  0.13572044441161188  0.14080245926406906  0.14608689786270429  0.15164310393907818
  0.15756902258330618  0.16382701050727111  0.17035636923011202  0.17709612884791517
  0.18418723605790932  0.19174528889420361  0.19974786894895807  0.20820156283612634
  0.21704315804840774  0.22643838081304690  0.23641916490317286  0.24698345135376065
  0.25810965481568809  0.26992071000619239  0.28257932152200527  0.29606416006148401
  0.31055270582738193  0.32617389082483672  0.34302909057786568  0.36120026111324172
  0.38100123111069484  0.40269992255730686  0.42641918158926878  0.45254090874593195
  0.48169264433147368  0.51492365605670709  0.55373696102491266  0.60002540720917141
  0.65907774314066114  0.74910654424738998  0.85642024650967985  1.00000000000000000
 -0.00106183800723870  0.00397694167314957  0.00940244261170256  0.01475120078936416
  0.02016822195418449  0.02564047572478156  0.03114445884673102  0.03665657191039765
  0.04217458685315871  0.04771027758707586  0.05326709227283166  0.05885519087463352
  0.06448155301071180  0.07015547666967538  0.07587911226415055  0.08163625108625192
  0.08738405249600535  0.09311563693367535  0.09887502633155791  0.10462401251220452
  0.11035640476783440  0.11615059810374989  0.12204106128136225  0.12803147615952495
  0.13408530699523152  0.14017626212291873  0.14634330018137454  0.15262167229320803
  0.15894068979692480  0.16532025030509134  0.17182319086379955  0.17840767242854338
  0.18499581468558160  0.19161845217015078  0.19828755495572295  0.20501092805238652
  0.21180042306670144  0.21868256600990671  0.22565580074570277  0.23266979743883462
  0.23976855038312203  0.24691912956618686  0.25412070083398425  0.26136608610875672
  0.26870065460608683  0.27618056854291428  0.28381399321101553  0.29156295634633334
  0.29938608257282645  0.30724590424773962  0.31518003309687526  0.32320308645112705
  0.33130570108262625  0.33948312701395378  0.34784024161014199  0.35634969690945612
  0.36496633978391230  0.37359658621172853  0.38223369309966154  0.39093460015123382
  0.39977232080743513  0.40879827104084149  0.41793788390554454  0.42716761781351864
  0.43656413730324795  0.44619570033561551  0.45598917196076949  0.46590349902672035
  0.47606829177558185  0.48663298989127862  0.49750182751128524  0.50856669633559837
  0.51971354482722643  0.53105209497230510  0.54264759078368774  0.55445841900732318
  0.56655625610556082  0.57908300217306141  0.59215805881595263  0.60554128313259292
  0.61910698869360659  0.63319165632130892  0.64789445135984114  0.66329749187428566
  0.67954593111400685  0.69657460364307966  0.71425054161490376  0.73297548027580317
  0.75297728085919280  0.77445508071843705  0.79781510687680135  0.82368678548017227
  0.85303917920177164  0.88755096530334898  0.93354025615750025  1.00000000000000000
 -0.00234782922343029  0.00938308110894124  0.01932794430446548  0.02984890500932241
  0.04012388342336608  0.05086943651992199  0.06169868388896344  0.07208548075204306
  0.08250899710149809  0.09285967728974671  0.10340434841798449  0.11394308099070036
  0.12447741802713758  0.13514372128168034  0.14547685055036197  0.15611506025719196
  0.16655372127221069  0.17731932834595257  0.18798366461331051  0.19818964328549110
  0.20859957280597072  0.21886490996775534  0.22928260866272096  0.23977294623510487
  0.25027984842889250  0.26123139437094794  0.27195724604269761  0.28266507323545870
  0.29338312131177913  0.30400999643954218  0.31457212162875603  0.32502689897463954
  0.33552787897083364  0.34607718244223978  0.35673667347231552  0.36741253847445365
  0.37800484449161548  0.38853555059607747  0.39892882078618197  0.40928406912479703
  0.41958229074346615  0.43000899050296160  0.44046463240738515  0.45093239811208974
  0.46132179741551127  0.47190649086935305  0.48232603057263429  0.49292388188289787
  0.50336964652419980  0.51401386459099541  0.52455793041292365  0.53485153815355979
  0.54533968045200099  0.55575104751441218  0.56612607194812026  0.57654065110651542
  0.58689562440051790  0.59763717697781693  0.60830050937649371  0.61880396069832155
  0.62939809218341969  0.63937130300285161  0.64968541312596573  0.65984237416524461
  0.67009739460791262  0.68044998598273332  0.69081469572828524  0.70137977174531196
  0.71195438587759008  0.72262931308511780  0.73327292891451568  0.74389771203040012
  0.75451449535326554  0.76514524419194885  0.77569147256210758  0.78620919461309335
  0.79675976164580309  0.80738507680396077  0.81800760908029635  0.82860656465370253
  0.83921149235112258  0.84978320111578010  0.86046250996215756  0.87125815940457996
  0.88208149771222100  0.89276536184645217  0.90348767687452258  0.91413389631591524
  0.92485012272108535  0.93563188221151172  0.94645705857387252  0.95721221989526462
  0.96812426427263898  0.97875139752307494  0.98951307412751444  1.00000000000000000
 -0.01421954228729541  0.06364808473231823  0.10943060774658721  0.14484692137835586
  0.17499314345018896  0.20129091145388114  0.22488484839446890  0.24642331222516872
  0.26637589842027587  0.28502259331360458  0.30268717612458923  0.31958238855228233
  0.33578852149361449  0.35143838701339103  0.36628648039095230  0.38069811955990457
  0.39478693288412420  0.40849027518805925  0.42177093211068045  0.43446784212916301
  0.44674422057260849  0.45869100008123254  0.47046509220668842  0.48197347578313254
  0.49317615493891853  0.50413302379106095  0.51483531444396380  0.52541167435346980
  0.53580922021596933  0.54610476501207672  0.55620394386727290  0.56607356564394584
  0.57564472413163614  0.58498318863626420  0.59396023935122122  0.60293654064625801
  0.61165481717686443  0.62034292259047585  0.62898166537509526  0.63749644938698302
  0.64596867629279331  0.65436065795049725  0.66258589637387910  0.67069773429464896
  0.67881924255306914  0.68689511576648421  0.69490940865290318  0.70279025071468249
  0.71041160877038201  0.71786512168815775  0.72521715287684174  0.73249143542468220
  0.73963350273581119  0.74671599134594635  0.75375780218963506  0.76079297294760673
  0.76772903196792308  0.77460463547574976  0.78144356128238046  0.78825633364465519
  0.79502907174702586  0.80169961135121981  0.80828257001100301  0.81476210890678435
  0.82114537069263538  0.82750666961027042  0.83383420507432249  0.84013957662608152
  0.84639257968710702  0.85259924256042552  0.85879402944636840  0.86495768375001103
  0.87108899801598516  0.87720988777095366  0.88330096110323952  0.88932723739936281
  0.89528951004652080  0.90121363929083387  0.90709846226593815  0.91290946350945845
  0.91862799072406043  0.92427735732314020  0.92992725429891343  0.93557656366291153
  0.94118828730058290  0.94673860089147444  0.95223785742765643  0.95769414220853299
  0.96313255702652001  0.96850331739426476  0.97382554926367693  0.97908816370667373
  0.98434273516308235  0.98959290806380951  0.99478187322738432  1.00000000000000000
 -0.00229400089934246  0.00916157364861064  0.01864118364671211  0.02933438321934582
  0.03959773648947752  0.05025880773886206  0.06119973620825756  0.07170956820710027
  0.08215330762502936  0.09245624494864312  0.10289770480404507  0.11322307747801272
  0.12353180272702483  0.13385612627389853  0.14418152614216651  0.15449798137339252
  0.16496859102412170  0.17557069209565537  0.18638665155525030  0.19708763618852931
  0.20771058211390142  0.21831336029360005  0.22877455650370374  0.23920835176831517
  0.24970573947617830  0.26031340457195534  0.27114946210196123  0.28193245346345935
  0.29252131542936383  0.30298708062102925  0.31342251909154240  0.32412850501092322
  0.33467186815763694  0.34521132078475691  0.35591262350581204  0.36639808629203030
  0.37712378586891548  0.38741132650317234  0.39770646181533803  0.40797312051910278
  0.41823667090447963  0.42881201851022366  0.43939560899477320  0.44999372318236380
  0.46056131429885283  0.47112729269950498  0.48182725364377860  0.49250469528613539
  0.50304291139790336  0.51352568863625703  0.52407713366306563  0.53468961881507659
  0.54526659967383495  0.55582556750635270  0.56644674002022055  0.57712123305762730
  0.58774273886450501  0.59827212056138668  0.60890603879814720  0.61959325049888514
  0.63044561533229437  0.64135152930423922  0.65228350167321147  0.66304576890230660
  0.67364977521279523  0.68421614538945630  0.69474751247301214  0.70538083476228430
  0.71621345231680300  0.72703852858522500  0.73781268006071787  0.74846781364754178
  0.75905402072525574  0.76968428463139227  0.78015146403427538  0.79076913659866266
  0.80141136902110488  0.81209969558324469  0.82280670372485265  0.83344458865074045
  0.84381622990281102  0.85438779494737815  0.86480531499090252  0.87521217310998001
  0.88526137339472577  0.89543225335438903  0.90622232838003514  0.91672281607749184
  0.92695043907624997  0.93721610389336063  0.94777639731380203  0.95848593951104211
  0.96877724259287268  0.97926661137040649  0.98963448449261959  1.00000000000000000
 -0.00228282932106331  0.00906021089034280  0.01939847708001998  0.03000925655133679
  0.04069323302567739  0.05142115895475580  0.06204720200660187  0.07261780551864405
  0.08313187750344284  0.09365969056258852  0.10414113333826683  0.11456892872024961
  0.12517955306702253  0.13581819421469515  0.14622141050590146  0.15663004060491600
  0.16701461739752979  0.17732335293465040  0.18737447127902385  0.19768004088655913
  0.20781528003364305  0.21829767878226883  0.22847904552723255  0.23920960873063127
  0.25008921949249691  0.26049767592031520  0.27091168158337092  0.28139719502523258
  0.29203303777268474  0.30253409281100579  0.31297291979172831  0.32344695647496563
  0.33403946493681769  0.34450625746434366  0.35506676470756010  0.36564371511720140
  0.37625454753769522  0.38675265413692900  0.39728830367300300  0.40761340050283956
  0.41797398609282177  0.42839907439975311  0.43894769056780991  0.44950926380755729
  0.46013090498321041  0.47080173762711358  0.48142204414237943  0.49199408946629919
  0.50259423183194507  0.51324411896122768  0.52399285099216131  0.53467467330753793
  0.54545573840954675  0.55613590684251002  0.56699856879509747  0.57774925070555672
  0.58835616557455728  0.59858479281144450  0.60909450137531795  0.61968276440054304
  0.63026043838635426  0.64079423756957088  0.65129593358265736  0.66190205780567779
  0.67229997117297458  0.68297785820334533  0.69357903696996215  0.70440563240922505
  0.71497569268589689  0.72592422986042071  0.73647682808109316  0.74742252467530645
  0.75767442375064020  0.76802184649376282  0.77827000805693736  0.78866052866930658
  0.79923544830316573  0.80965073669650911  0.82020662762504282  0.83090735928419723
  0.84147734176633471  0.85205356451267300  0.86265167928444786  0.87344647872197323
  0.88406559994085532  0.89444258984939851  0.90500169015068843  0.91534243282314809
  0.92587410511638868  0.93608129614601177  0.94677296005793199  0.95739397498479561
  0.96812382139066433  0.97882507473591962  0.98942032287445536  1.00000000000000000
   6.6666365037860225E-008  -1.0000000000000000     
 F F F F F F F F F F F F F F F F F F F F F F F F F F F F F F F F F F F F F F F F F F F F F F F F F F F F F F F F F F F F F F F F F F F F F F F F F F F F F F F F F F F F F F F F F F F F F F F F F F F F F F F F F F F F F F F F F F F F F F F F F F F F F F F F
  <DiscreteSampler_grid>
  grouped_processes
  1 # 1 for a reference and 2 for a running grid.
  10 # Attribute 'min_bin_probing_points' of the grid.
  1 # Attribute 'grid_mode' of the grid. 1=='default',2=='initialization'
  0.0000000000000000 # Attribute 'small_contrib_threshold' of the grid.
  0.5000000000000000 # Attribute 'damping_power' of the grid.
 # binID   n_entries weight   weight_sqr   abs_weight
    10   10   7.799629506344492E+004   2.818902579674549E+010   7.799629506344492E+004
  </DiscreteSampler_grid>
