  0.00263868820291951  0.01603468571064912  0.02976163970191224  0.04201805589342900
  0.05403729229001961  0.06556222471900268  0.07662861883036842  0.08744720292098682
  0.09832447393805595  0.10925746698496124  0.12005406874066092  0.13083849784589069
  0.14171290707161210  0.15275491736562857  0.16404981228856699  0.17514339218952865
  0.18618140709778427  0.19723889919050033  0.20814602450716371  0.21898251103648189
  0.22965636798058917  0.24040163694148270  0.25092051219337974  0.26142571560999289
  0.27197098107438461  0.28251341520095774  0.29324604618512773  0.30434958697173020
  0.31546061379823043  0.32596895105042767  0.33632310565533613  0.34639235318877770
  0.35615785278091905  0.36600219003574175  0.37609498017665066  0.38663064701474809
  0.39729661107724212  0.40792896956550678  0.41855490281061419  0.42902606770004881
  0.43955354827720128  0.45007023046938477  0.46093384266642790  0.47172758379025398
  0.48251016116841317  0.49318299791550430  0.50392609221586981  0.51489403138007839
  0.52566317173279509  0.53640810460670207  0.54682520998953277  0.55698188012077587
  0.56705845595592619  0.57717795783692516  0.58748875924966182  0.59796955943638830
  0.60847091663433162  0.61896718932073436  0.62945349484628277  0.63994769570725007
  0.65051596359509989  0.66106303559371282  0.67135813327546057  0.68141457343468814
  0.69145195602462317  0.70165082944539880  0.71205911093751029  0.72248785917430847
  0.73288286212964449  0.74323321435182566  0.75350875956321306  0.76384255888587693
  0.77419990815956607  0.78439779412002630  0.79438589857370823  0.80431100412095347
  0.81427271501653076  0.82416457619984029  0.83393794511352004  0.84399455982259142
  0.85417350802331604  0.86432125655140313  0.87443010615326011  0.88434497102865905
  0.89401553521300947  0.90362150724888635  0.91335815516418384  0.92299081689730167
  0.93238581176895885  0.94151690512720554  0.95070362460625946  0.95987308255558479
  0.96877038511157443  0.97718130626094013  0.98507701564024941  1.00000000000000000
  0.00223327006859352  0.01716544657590217  0.03084628583060713  0.04307889531329541
  0.05456691126953815  0.06570469931420314  0.07672428865781236  0.08773545359662355
  0.09878913358987401  0.10990726998615556  0.12092914397648757  0.13194192785267844
  0.14295339153240708  0.15375758350261748  0.16448107265348197  0.17508387284098875
  0.18546435319201612  0.19566694176865773  0.20604757299414714  0.21660631457647855
  0.22726867381364396  0.23769201657236039  0.24819415075731782  0.25877263307315729
  0.26940190330649610  0.28035522379497374  0.29146783976403184  0.30248294484934896
  0.31321374223107679  0.32353168122022041  0.33383084903737531  0.34423462072467959
  0.35479517599975635  0.36555654600311621  0.37611004370467227  0.38664802491061068
  0.39710090572874118  0.40766711851359766  0.41824192613903582  0.42877624116140323
  0.43899569892132834  0.44897569767222673  0.45902098320218115  0.46936858939342746
  0.48014046228226381  0.49098148252258589  0.50173191042421195  0.51247796812951329
  0.52336827783711459  0.53443591609081942  0.54540401294464425  0.55618739120714689
  0.56697280707016506  0.57779410364047734  0.58846587853842858  0.59882958396479169
  0.60895660197564427  0.61903826246786431  0.62925312425046120  0.63964710250174495
  0.65018435120367901  0.66078330212567560  0.67121798993330917  0.68148286835942651
  0.69174256281538360  0.70212452541632153  0.71270765100617606  0.72343573353008483
  0.73422128322073288  0.74511252300335773  0.75599259199075641  0.76665512921700762
  0.77709945630567334  0.78712381676775067  0.79716565761355851  0.80732264466250736
  0.81734224585104465  0.82700385255857145  0.83642272294995512  0.84596047225605120
  0.85563620635094451  0.86529059281154952  0.87499442814988859  0.88468138439014865
  0.89446837943301538  0.90418352550612080  0.91390963713931472  0.92368118590341264
  0.93318026256828313  0.94238924221974685  0.95155928095083120  0.96069012990539238
  0.96969064957630158  0.97808664235526044  0.98588223548990062  1.00000000000000000
 -0.01220894735965316  0.04023565162716363  0.08521666043249219  0.11704495228886728
  0.13492374513225069  0.14739472544815613  0.15991133493937970  0.17201634522940251
  0.18390312365121894  0.19534526681109943  0.20696411909716839  0.21862937113451680
  0.23024502560967616  0.24180400134358282  0.25280175858659332  0.26371467388062025
  0.27492348748913603  0.28614429111121514  0.29648787648147096  0.30673492152640180
  0.31708231484739835  0.32748463815721723  0.33777727514071504  0.34815379679468000
  0.35849156332381038  0.36851221853601018  0.37828010605873086  0.38835749700358274
  0.39866775537135463  0.40888871014435657  0.41882584242108661  0.42867091905751009
  0.43840874874510366  0.44843168273496703  0.45841718792856667  0.46803400777436338
  0.47711466258566887  0.48609108928189515  0.49547793283060637  0.50503795364268800
  0.51467106724391909  0.52404793679403805  0.53343818137772192  0.54295108525352476
  0.55230826591651472  0.56149654823908379  0.57051512533535298  0.57952073482069055
  0.58866395859080090  0.59795606898800358  0.60738152589120120  0.61686542499846952
  0.62627166803574796  0.63544100119233737  0.64440500899853703  0.65336126970752628
  0.66244809000417471  0.67164015860189707  0.68076701497997472  0.68976367220482859
  0.69875515578926140  0.70780913375324306  0.71684541124900070  0.72581094283148062
  0.73465379393481312  0.74332609379965264  0.75199936878651641  0.76073365366464807
  0.76948078324216462  0.77801971593124974  0.78641339822625267  0.79491874461070122
  0.80359313592640169  0.81232079288747905  0.82107000871239877  0.82988173796891085
  0.83875609732950707  0.84753233239688419  0.85613206783898110  0.86466395038740806
  0.87313601057403722  0.88166738689695934  0.89027585858831049  0.89888060309514406
  0.90744339258900342  0.91596629711990485  0.92431834243524202  0.93260861997807931
  0.94086827568342835  0.94913720634067555  0.95746410391905079  0.96582426869110327
  0.97418859758228438  0.98264414996287219  0.99124761407089634  1.00000000000000000
 -0.00243266438809300  0.00966608136265528  0.01988553630941533  0.03035057491093068
  0.04094030304459158  0.05139736554837724  0.06190821139806629  0.07272702344482646
  0.08344434362887122  0.09403126370605373  0.10423233194875119  0.11462136322904896
  0.12517863627727194  0.13621217805369251  0.14713029657288462  0.15757028275530741
  0.16758275594835456  0.17762059764621993  0.18782695843149413  0.19839917236749138
  0.20875902411481259  0.21919341475618073  0.22962785299611177  0.24008733112174291
  0.25038920874517789  0.26031786459306894  0.27037131308791573  0.28055427917892239
  0.29104594082937701  0.30140787541435193  0.31170969282656219  0.32213861083304574
  0.33271083908488064  0.34363609234985476  0.35456755298807813  0.36568624027294500
  0.37659655801666336  0.38743854195032240  0.39842452799733935  0.40919132387028151
  0.41964239345430587  0.42993048211698276  0.44059303631686303  0.45152808187731769
  0.46249268552436018  0.47356920078970360  0.48480676818670282  0.49596207640892248
  0.50653847674605268  0.51673560464927670  0.52675381106495267  0.53679373956928078
  0.54696747982584315  0.55701932744998983  0.56755329954868639  0.57853157845568493
  0.58943026992521130  0.60001050424919222  0.61030546460028168  0.62053658086437558
  0.63088800420608637  0.64142384248383444  0.65207290751308944  0.66270305619688685
  0.67329554939983494  0.68405688974054479  0.69466618798652990  0.70502616863192080
  0.71535150314241591  0.72587084715099248  0.73645093606439183  0.74719448067510486
  0.75807177409610516  0.76887379836770664  0.77933691207475586  0.78968830308262850
  0.80041082352757109  0.81109592888941406  0.82185194534735295  0.83253085840612684
  0.84317740744836012  0.85366845974515448  0.86387005427378449  0.87420081248742343
  0.88472546406521824  0.89552792570510364  0.90636276603926369  0.91742318233069964
  0.92843325282679678  0.93939312091071792  0.94985451649005703  0.96034940042608263
  0.97054105563578474  0.98031269436175761  0.99019999003298442  1.00000000000000000
 -0.00170782832439933  0.00642045268170483  0.01390144270251895  0.02141855005089888
  0.02908307747955922  0.03685530492360336  0.04468109770453275  0.05248785564742756
  0.06022447955706107  0.06792886910105607  0.07567472509157823  0.08345257807787065
  0.09135475854003812  0.09929351221757994  0.10710798271746168  0.11505022942293167
  0.12303684950579390  0.13085198603543471  0.13851694938511169  0.14604441330181647
  0.15359189488470310  0.16123183521629214  0.16903450146488294  0.17703508561782474
  0.18497932541453418  0.19283854579379470  0.20066960221782554  0.20848214704643617
  0.21639822065082931  0.22440989483438351  0.23240333610787378  0.24036627686475873
  0.24837145966421217  0.25637909978320450  0.26454331343533544  0.27285609716345161
  0.28130633054700654  0.28971082102942353  0.29808169047600025  0.30645531610855375
  0.31491759182696555  0.32350660090973776  0.33212684963879152  0.34087850936838249
  0.34969674624682129  0.35859091837345697  0.36750536239562259  0.37639600513991095
  0.38527805522027725  0.39430490794017459  0.40359683508039995  0.41295162669813973
  0.42209479824562796  0.43111785795994623  0.44030080807668648  0.44985853538686216
  0.45962911355604041  0.46931957163293692  0.47891051939558205  0.48851011138200612
  0.49805899366605544  0.50752359854080653  0.51701184777997289  0.52672456898178810
  0.53657484195470773  0.54663840325732471  0.55686652803692083  0.56730695580952073
  0.57820330159850430  0.58932825703151015  0.60050266365951421  0.61143456940077667
  0.62265415621277143  0.63426794941688847  0.64596976946305418  0.65757794866577990
  0.66945358686115930  0.68167787000771252  0.69400986909936724  0.70636593314046170
  0.71907782589446945  0.73244067837771543  0.74652592057317102  0.76094191703795899
  0.77562330341278884  0.79066170532807090  0.80604960254877112  0.82200389116409367
  0.83847053856035070  0.85555970793574998  0.87347644199907626  0.89300378713896589
  0.91483621881942112  0.93997474087232624  0.96866420365715633  1.00000000000000000
 -0.00223900422378867  0.00901248024940400  0.01855692541176072  0.02892960814616329
  0.03931468164669472  0.04972312142204605  0.06039851011082246  0.07118463549962041
  0.08229980357239375  0.09256110389060640  0.10290149320050471  0.11333725487116682
  0.12384132823959952  0.13422548077231111  0.14458003723335378  0.15486899906343399
  0.16512761035318468  0.17539016855417594  0.18572908719727577  0.19630931374132304
  0.20697489927149595  0.21755980748228029  0.22794987049465654  0.23809105874492265
  0.24837224908303795  0.25887297684867444  0.26930771261695108  0.27979616697278359
  0.29030577848270972  0.30088139608187303  0.31135861323596897  0.32164192086244980
  0.33208792868326403  0.34284379842008189  0.35391832212277519  0.36454267822677749
  0.37506202760541063  0.38542560510321910  0.39599634930978461  0.40643359519059929
  0.41696598485447312  0.42766115366632973  0.43819322516666837  0.44885053227501337
  0.45957887105705503  0.47073086833712774  0.48192108668766187  0.49295552072575366
  0.50347264068246833  0.51394254392114602  0.52462363039252824  0.53549457466177108
  0.54626414186748129  0.55702567841947304  0.56767836486383105  0.57838063113036442
  0.58884267403661961  0.59941261495604325  0.60994780384832614  0.62024098767157043
  0.63060596030270910  0.64104880718071389  0.65167895918983954  0.66254212175867799
  0.67335332180767948  0.68389923574036660  0.69392345692765500  0.70395792871659157
  0.71425446643091017  0.72484237600420620  0.73534458815897163  0.74580883071586945
  0.75644061268343887  0.76730868832196630  0.77803877560737134  0.78880387429428478
  0.79944206085092717  0.81043412083041422  0.82079372060464162  0.83111110416766809
  0.84141752685721760  0.85167103554256807  0.86224521988831659  0.87282151867853741
  0.88358355891322615  0.89411841028708938  0.90470485989833316  0.91505868959683490
  0.92550163432507093  0.93567544343815445  0.94635046966466618  0.95691607540640844
  0.96759975388998631  0.97819812302092479  0.98906354592016432  1.00000000000000000
 -0.02970009133385677  0.15491634479097413  0.21634167162378959  0.25779622755147075
  0.28889687130947006  0.31504466581128399  0.33831625691745337  0.35838402522231749
  0.37619471618462125  0.39295521194532185  0.40866877446531791  0.42333157232025292
  0.43740565408462445  0.45111910800051669  0.46389118726882345  0.47565843151624565
  0.48680357684156256  0.49770511445060112  0.50825676644704054  0.51843671853392537
  0.52827644564897858  0.53787171607825091  0.54717986638335214  0.55621771752654992
  0.56498099612127628  0.57358870449782828  0.58199610676907043  0.59018012635060713
  0.59819989719826461  0.60604215287396646  0.61378713668131502  0.62153881785211018
  0.62906766924437685  0.63644841398365359  0.64364499643573303  0.65065047330087555
  0.65748621747096292  0.66418296388508957  0.67079447253039215  0.67726822836024925
  0.68370485370652101  0.69013043311302769  0.69658225659625173  0.70296707049454898
  0.70934044693590625  0.71565493905677091  0.72197160563901508  0.72817565229014836
  0.73422538072489529  0.74030121903061574  0.74634233385064286  0.75231724020058321
  0.75821486832909413  0.76392156414035339  0.76956116199281244  0.77516487807494605
  0.78079732095728527  0.78645035867135527  0.79215089700021279  0.79784713510018745
  0.80349362076589870  0.80913375057762871  0.81480307262163387  0.82046598427111161
  0.82610962047260839  0.83176120041057489  0.83736054197853571  0.84295386465477407
  0.84852845428672274  0.85400697218955335  0.85953657720680066  0.86508146904518979
  0.87069933944315603  0.87624315278482234  0.88172739414959189  0.88716505051364425
  0.89277650941464237  0.89832142050523667  0.90384961102827088  0.90937741420407026
  0.91483762882608310  0.92029237208701631  0.92572008011298346  0.93113863912699812
  0.93657455124249700  0.94204322188431955  0.94757670196741239  0.95314294678101030
  0.95874816917912364  0.96445593155660825  0.97027996049371279  0.97621764479344419
  0.98208286498214548  0.98802661597582508  0.99392130290872927  1.00000000000000000
 -0.00236506982400651  0.00893564858480673  0.01911928614080162  0.02972869260646355
  0.04054710920435042  0.05128337865541278  0.06186613167830105  0.07228699502323402
  0.08262189028209853  0.09284191517062297  0.10319991961185111  0.11392680074476133
  0.12474240271906654  0.13536278063312929  0.14568190544172777  0.15587209188439913
  0.16597787189471697  0.17609565166435970  0.18619617129293492  0.19654199833519914
  0.20705676070980983  0.21764316935731226  0.22819714210020206  0.23867317512722958
  0.24941537403883488  0.26025039697929925  0.27110901709245872  0.28167702330848404
  0.29212526353555712  0.30251023045081099  0.31310647483981846  0.32381879133159935
  0.33444201002756069  0.34490589640959229  0.35537216114601672  0.36551079693308219
  0.37562937805631802  0.38589591590784145  0.39632069664062697  0.40677182806245771
  0.41702171010048866  0.42757173689466921  0.43797997262605132  0.44804909490766914
  0.45793535891231718  0.46785838933322293  0.47822138543684689  0.48883300326540069
  0.49951179031525966  0.51025232601437653  0.52120884707092396  0.53231196902851352
  0.54334576129126011  0.55410734594568289  0.56476633686124234  0.57510833233359360
  0.58585036653017508  0.59688875563521937  0.60822688053679652  0.61912646132143778
  0.62956901185763592  0.63996611759538102  0.65025365025145165  0.66079426395549479
  0.67125288486113488  0.68200293843570814  0.69306350104212033  0.70442633374205876
  0.71526516733559642  0.72587087823643492  0.73660551371419491  0.74730765937496446
  0.75779799614061150  0.76824239907524072  0.77879116464278975  0.78911487921226875
  0.79941735962913529  0.80967066140225041  0.82003433995887276  0.83010079314242957
  0.84055864899788524  0.85113371689640682  0.86165957625378942  0.87165943285423464
  0.88197203487434495  0.89275222765212670  0.90387483520547074  0.91470512790457714
  0.92534264921247966  0.93608837877283380  0.94664049465514077  0.95725481445455540
  0.96788794655671839  0.97831733959239497  0.98910797169302878  1.00000000000000000
   5.7089729637202691E-009  -1.0000000000000000     
 F F F F F F F F F F F F F F F F F F F F F F F F F F F F F F F F F F F F F F F F F F F F F F F F F F F F F F F F F F F F F F F F F F F F F F F F F F F F F F F F F F F F F F F F F F F F F F F F F F F F F F F F F F F F F F F F F F F F F F F F F F F F F F F F
  <DiscreteSampler_grid>
  grouped_processes
  1 # 1 for a reference and 2 for a running grid.
  10 # Attribute 'min_bin_probing_points' of the grid.
  1 # Attribute 'grid_mode' of the grid. 1=='default',2=='initialization'
  0.0000000000000000 # Attribute 'small_contrib_threshold' of the grid.
  0.5000000000000000 # Attribute 'damping_power' of the grid.
 # binID   n_entries weight   weight_sqr   abs_weight
    10   10   1.860874306685535E+002   1.467957098737937E+005   1.860874306685535E+002
  </DiscreteSampler_grid>
