  0.00242122574191137  0.01610619508248175  0.02990685202104052  0.04225297981912951
  0.05398306636347505  0.06544931947119215  0.07670875258139050  0.08796574726097484
  0.09935025521601835  0.11054964451956745  0.12168577714622425  0.13253774037776012
  0.14340388926484621  0.15413972936870657  0.16480494703359638  0.17552608954082927
  0.18613455991065303  0.19678323493638547  0.20743175881089099  0.21784161462628285
  0.22850081245307194  0.23913053332754289  0.24986810782521507  0.26032375609775998
  0.27084528045791245  0.28144052512723283  0.29205344095288116  0.30256627832640304
  0.31298283145654632  0.32349191039511499  0.33399359040018145  0.34458591896147700
  0.35536745022720917  0.36594125194745375  0.37656744917211571  0.38670758312786258
  0.39700270423327316  0.40738295166024729  0.41774310514744789  0.42806719319767372
  0.43841721638866188  0.44891385264899641  0.45939709809220985  0.46971556694859740
  0.48010824512705913  0.49056779296405323  0.50110968997794081  0.51163769198336762
  0.52210237459344366  0.53256308521334228  0.54303980266506024  0.55343228820621271
  0.56381462978040953  0.57427736321748113  0.58474659346078728  0.59515137980528310
  0.60555209097458540  0.61605678776293193  0.62659384924973027  0.63706099895270496
  0.64750644427239090  0.65793283234356215  0.66827002260194768  0.67864761969111154
  0.68914503599748922  0.69969169767721429  0.71014036781093304  0.72049333335298826
  0.73082791796950552  0.74120433780425865  0.75160600514103504  0.76207003705930265
  0.77254837628474615  0.78295086171115558  0.79330376765470856  0.80371527857259006
  0.81405842600961131  0.82418334477090582  0.83421798392198587  0.84421730037866016
  0.85424514214546465  0.86416093710665265  0.87397485296640687  0.88394561660063620
  0.89403640193797651  0.90420572650612119  0.91441076648595454  0.92437181014690750
  0.93392291997145638  0.94348526610354255  0.95275315942695527  0.96182069694520600
  0.97053032182082710  0.97866696260680563  0.98688484726845582  1.00000000000000000
  0.00227459340898558  0.01647948131478013  0.03024154492782167  0.04214380717363635
  0.05382164774891419  0.06512755898899564  0.07627851165992444  0.08747437037616240
  0.09875419464525462  0.10972666271138720  0.12056639609466786  0.13142270665141348
  0.14242176450175650  0.15345071850417424  0.16429239548919322  0.17507329871019803
  0.18565225389389126  0.19635096075544139  0.20701489107146906  0.21758981998563284
  0.22814509993200080  0.23869258468771559  0.24949919442087226  0.26034873440623174
  0.27121587763179589  0.28187550113573556  0.29235554720534818  0.30275732165721325
  0.31312575472131987  0.32344980988880551  0.33380597434681575  0.34424372664859110
  0.35481278178123793  0.36540872331695101  0.37598381234847067  0.38659213590632685
  0.39725021812122430  0.40791359093270735  0.41860387648770170  0.42920927771981310
  0.43981853447854535  0.45033960940344908  0.46083319535150463  0.47129459396415652
  0.48176098914618309  0.49226888659910145  0.50278354838529382  0.51326725497032455
  0.52375781865640481  0.53425533236444578  0.54472701403640411  0.55517124530457329
  0.56563024107160587  0.57613120961522446  0.58658999605830331  0.59691312166131683
  0.60718899752478628  0.61748348888236371  0.62778365320033180  0.63811129939636524
  0.64841859033228622  0.65877413518653638  0.66907487532725696  0.67920284510341866
  0.68923561049392057  0.69921378222606789  0.70914966686186753  0.71913931397461928
  0.72923435060018527  0.73941091896224420  0.74960659317087408  0.75979497304635080
  0.77000483489020677  0.78017407273933104  0.79021150183041156  0.80026965210917578
  0.81045249775350792  0.82070282435579966  0.83087805752592925  0.84092571824702900
  0.85088191245821332  0.86083798789400712  0.87079520754332673  0.88069548791293817
  0.89056331085312002  0.90045465872108899  0.91040749585700431  0.92032858373667403
  0.93012645731198085  0.93979143993954073  0.94936481505873027  0.95869132200896467
  0.96772813131644975  0.97635490525013857  0.98448366550070621  1.00000000000000000
  0.00862442225906820  0.00993432537335818  0.01090910816564970  0.01191436842352563
  0.01296785564589946  0.01407203965782516  0.01522346679117929  0.01639584902609334
  0.01755650884822779  0.01872559804000815  0.01992190699835689  0.02113161859111215
  0.02233910775763896  0.02356071678025996  0.02480544004093017  0.02595271453090131
  0.02690861231279353  0.02796045996056500  0.02917349101148804  0.03043710516160291
  0.03170178041082997  0.03297985610859538  0.03427463560167892  0.03559406840475320
  0.03694605787592572  0.03834237021732927  0.03978337394156266  0.04126744033456178
  0.04279511442278903  0.04437386479281544  0.04600613551666027  0.04768724587792750
  0.04941239051986537  0.05119309598982501  0.05304094818504815  0.05496896385239546
  0.05697220187327116  0.05904236014166694  0.06116590472377003  0.06335189104412141
  0.06561652760922161  0.06796400391635701  0.07038426398951173  0.07288087113517475
  0.07546641659276929  0.07814412823348300  0.08093474593143755  0.08384677217820938
  0.08683820902376579  0.08993260365372806  0.09315956688019401  0.09654601700020582
  0.10010271990668518  0.10376751404303919  0.10761733453653427  0.11161297900101888
  0.11575829800301934  0.12004096317328082  0.12448327278430334  0.12914526552562147
  0.13396013471453591  0.13904204527952041  0.14437538849623374  0.15007070492617400
  0.15595453953603816  0.16210682711466282  0.16858580634361342  0.17544004640457056
  0.18268406401249840  0.19030421741273201  0.19834192040557477  0.20683610726312882
  0.21582343218386699  0.22527170635583979  0.23509031693226767  0.24543590611117316
  0.25647710007068081  0.26837015425939115  0.28116313436791718  0.29485331453807317
  0.30954031929271292  0.32527308758248408  0.34220504227647819  0.36057505313058991
  0.38069536651797953  0.40289207389001280  0.42740543187283675  0.45446906440397278
  0.48487740653757294  0.51948789345662505  0.55950836141010074  0.60803034203372552
  0.67277958748931466  0.77049860310662999  0.84783792174057482  1.00000000000000000
 -0.00104757687745821  0.00405343989070226  0.00931210391205652  0.01456603313987721
  0.01985965999135202  0.02517023534956537  0.03049848410136237  0.03586603666322321
  0.04128243833491205  0.04674603025437010  0.05223677932768415  0.05771381682868840
  0.06318943991113481  0.06867919052742090  0.07423936937501847  0.07987907416682417
  0.08556246666952906  0.09128492104475067  0.09703526442641032  0.10285466171809432
  0.10877760060319118  0.11473229063982715  0.12065885968894668  0.12662920918897283
  0.13268679445945972  0.13879402478222844  0.14494229889242280  0.15115067231739371
  0.15743825423171573  0.16381537707978758  0.17028434659326055  0.17685601499717926
  0.18349401615051422  0.19013322789004872  0.19677329697375845  0.20345086114794281
  0.21020962188458397  0.21704888510256309  0.22392114077976405  0.23086029775991737
  0.23792132622158049  0.24508671178830191  0.25229471296027106  0.25956058639692503
  0.26690342550959556  0.27430575810410385  0.28179930100463924  0.28936866339723677
  0.29705583540603686  0.30490535231960458  0.31289408295111615  0.32102238490758667
  0.32917454572168209  0.33723513090242413  0.34532995332983057  0.35360738612249448
  0.36203199305468675  0.37057966694090588  0.37924777995411202  0.38800953232248087
  0.39689259806509247  0.40605147400467273  0.41532572145469321  0.42477445725748170
  0.43441280021916756  0.44417769913439620  0.45406594804332495  0.46404140864010729
  0.47425772298643881  0.48475690492799545  0.49549965787292499  0.50646586928108739
  0.51757985519058913  0.52889894677194649  0.54043266068236318  0.55225930972940274
  0.56434740487596280  0.57672423327671596  0.58961933852079740  0.60307044589691439
  0.61714498828744324  0.63155092989673334  0.64636442059628896  0.66174084298172731
  0.67790217778440287  0.69482506966569624  0.71271832438010074  0.73173982931179282
  0.75200951982666819  0.77358564980508826  0.79688034049419587  0.82267625869412575
  0.85213883874545426  0.88714268980316047  0.93294282776291959  1.00000000000000000
 -0.00230549189664237  0.00919667033659434  0.01865720266275992  0.02923293139524866
  0.03953111601675355  0.05031712504157397  0.06105646356928020  0.07167354031450207
  0.08243585571939463  0.09292282417600918  0.10324987915852783  0.11367517838539587
  0.12414045207939961  0.13470510520707468  0.14525647148912774  0.15595878761838330
  0.16646507654959630  0.17682106629837149  0.18722047343803824  0.19780347085274255
  0.20837654477674258  0.21894324297407666  0.22950617261707734  0.24013772764186073
  0.25064832234995471  0.26114194873855606  0.27169732316996453  0.28229724968921333
  0.29280075370046055  0.30323583781499908  0.31367093254014411  0.32434217621473010
  0.33507364502187292  0.34580046695926103  0.35626448933102767  0.36682059108954757
  0.37716811434401037  0.38758574980514415  0.39794608364367801  0.40857292371854576
  0.41926161175527066  0.42974546464259622  0.44018104243350831  0.45079162309932119
  0.46141449679778196  0.47212345869095335  0.48276509357256026  0.49352160527016198
  0.50436057570065218  0.51511745923276442  0.52574342304107335  0.53618269936350504
  0.54665207506291114  0.55722554049015793  0.56790976052825992  0.57861931366764485
  0.58917639775590391  0.59979895558559837  0.61038597149792340  0.62105734549086788
  0.63169378904664542  0.64226769395333905  0.65298740974231972  0.66369079786010821
  0.67437771609804442  0.68499687500930040  0.69552066802204537  0.70624531755582309
  0.71716401438886912  0.72802396154247451  0.73855342319264572  0.74889889418834865
  0.75928918230648590  0.76963327958735539  0.78006195749641027  0.79054061594151037
  0.80093553128336747  0.81125265239277744  0.82145419579856249  0.83170386395500262
  0.84205103021288241  0.85220965046826969  0.86266437558917097  0.87300636251271380
  0.88352919316749756  0.89382544202942715  0.90421208382221496  0.91447796102846057
  0.92512143006858971  0.93567716328193973  0.94619424157180143  0.95683741691392232
  0.96760461055567770  0.97835466229525792  0.98910540479411357  1.00000000000000000
 -0.01395115985548037  0.06305904537887741  0.10919604062999380  0.14481241771411357
  0.17488852711662692  0.20146277641492744  0.22540181764959613  0.24711756244499755
  0.26695915971581746  0.28546414047663293  0.30298273336781423  0.31974356440654472
  0.33587962655113746  0.35142643945483448  0.36657446096147001  0.38123442161260085
  0.39536246209677278  0.40877788681131566  0.42170829017166900  0.43418852785756185
  0.44629062433598371  0.45816540302061642  0.46966398055063774  0.48103001877398610
  0.49212404366521495  0.50286380752516613  0.51335207858665521  0.52375358313164888
  0.53422726679715260  0.54449786195894745  0.55443376562693214  0.56420058160993236
  0.57383367315644362  0.58329020906576068  0.59251528241785589  0.60159318718673971
  0.61063127310743415  0.61958556282473776  0.62833821579151206  0.63680354988714771
  0.64511517594555357  0.65323465444406226  0.66117621594485609  0.66904411046214218
  0.67687128812650266  0.68462644564608310  0.69232946846985977  0.70002222303963368
  0.70762232146263815  0.71514702541303110  0.72262640536087464  0.73000274551757383
  0.73726807760214053  0.74442054076879483  0.75152138276741076  0.75840021015047032
  0.76531343757684867  0.77225142708159311  0.77919558437008074  0.78608262792605066
  0.79286107211582413  0.79953411558282783  0.80611727886009332  0.81264684312736779
  0.81912637971937241  0.82557672673637994  0.83199360552186485  0.83843786093901940
  0.84488360708263377  0.85127033627635507  0.85757685799938277  0.86383461088405811
  0.87002415794106147  0.87610741543088211  0.88208577643187658  0.88803216717693545
  0.89398798962763293  0.89993742320213044  0.90584348125092862  0.91166533187384202
  0.91740089585440976  0.92306620453420873  0.92869344491138217  0.93428420699288284
  0.93987251036282304  0.94548114663626215  0.95108656318517670  0.95666026514493396
  0.96217916388688518  0.96763744361039683  0.97305999758448103  0.97843731201688355
  0.98381284985782580  0.98918701005409360  0.99459458764809017  1.00000000000000000
 -0.00226245624769084  0.00904211057086586  0.01932057199923641  0.02987429067537822
  0.04072327804970914  0.05107824943764887  0.06169483864652472  0.07223810390186983
  0.08294507153365785  0.09356092006665086  0.10409599368322925  0.11473662471718944
  0.12526679095087639  0.13597355785958198  0.14683210185893170  0.15770139588981097
  0.16844826235521221  0.17912041748479801  0.18962168888212474  0.20025630960222748
  0.21078172797218156  0.22182155454910710  0.23220088888573959  0.24241491430421769
  0.25267308281785844  0.26295458558825696  0.27308667352240368  0.28317017051292498
  0.29329957345302476  0.30401160898601076  0.31462754497907564  0.32521779336434620
  0.33594436660475624  0.34662331882471992  0.35733563575465049  0.36782014377317479
  0.37830391005405190  0.38876354954672110  0.39945577846746089  0.40997935770927424
  0.42065258079917328  0.43116725055487592  0.44191056481959723  0.45246188571508034
  0.46297010771642982  0.47318427747679792  0.48368217445788719  0.49427536155341578
  0.50484244317041393  0.51527280403800357  0.52572825046234750  0.53623141747679837
  0.54666066242414779  0.55704812360684364  0.56760387002906387  0.57810806654815938
  0.58865049717253970  0.59919283463647266  0.60975614251407972  0.62034641911884880
  0.63087615812806541  0.64137875008900203  0.65190952193456642  0.66259280656470820
  0.67324230338833335  0.68387930403932484  0.69439621825583031  0.70503136558388924
  0.71555991304660094  0.72621204803506401  0.73684107156558887  0.74753187440491775
  0.75804201049539988  0.76842550258188069  0.77882740726056710  0.78921299045853488
  0.79963915574789590  0.81029280596964448  0.82087939904785057  0.83141286471722564
  0.84187441530210916  0.85244175429277580  0.86304193761082670  0.87365166939328853
  0.88418433950676112  0.89496421182627417  0.90554381544499662  0.91622691682290447
  0.92675844015690290  0.93723363236137958  0.94786005323999456  0.95852315820193257
  0.96902856478299992  0.97948702491490114  0.98979036951465715  1.00000000000000000
 -0.00237310239567210  0.00917111900532768  0.01955833913988823  0.03011372816380365
  0.04090920297237708  0.05142551979379402  0.06215009050897662  0.07264522211084211
  0.08335629976379366  0.09417688199943225  0.10471954201682621  0.11538598196370828
  0.12590991022802842  0.13627872242416872  0.14668631208121397  0.15722912595618227
  0.16783654388036154  0.17817932185339821  0.18867934036803427  0.19876790724173737
  0.20921055769398070  0.21952536757866498  0.22992781129570403  0.24002710113078027
  0.25009118817249365  0.26054417640395577  0.27119580848829772  0.28186346543487978
  0.29259354640600937  0.30318764164476841  0.31362899096925367  0.32409037868263818
  0.33463656337190012  0.34510500324489429  0.35540204419125759  0.36592407075318856
  0.37653828828945712  0.38703682505524334  0.39751541226786241  0.40806090452384558
  0.41864096674107215  0.42916912701355575  0.43964716106348223  0.45029215682642221
  0.46092472839959658  0.47149405058246396  0.48205604315835904  0.49258691140247918
  0.50324695162767985  0.51391777782024484  0.52473394985210908  0.53542950322490146
  0.54603029145849513  0.55658703030948264  0.56724244777749422  0.57794352121496684
  0.58848468902791318  0.59889447661166062  0.60943873665879056  0.61987056710823640
  0.63020673359382451  0.64056255792216343  0.65109317168454739  0.66178400715721930
  0.67237350437987375  0.68288131322860901  0.69346426583655962  0.70405755169976292
  0.71457857108102218  0.72503591280251478  0.73549733398565675  0.74607340170488790
  0.75691216502700631  0.76776180754909618  0.77840665976541901  0.78887118928073496
  0.79932418796051841  0.81005077489022115  0.82054776317721134  0.83092263559339707
  0.84134144553939028  0.85170057443670599  0.86206361757860328  0.87238821354742668
  0.88281975128050572  0.89340291969596342  0.90402560014808786  0.91462398772439990
  0.92535733213073856  0.93585110997958032  0.94643023658015890  0.95690047203172379
  0.96744450663210602  0.97810430331991172  0.98896478847570468  1.00000000000000000
   6.6593660885337516E-008  -1.0000000000000000     
 F F F F F F F F F F F F F F F F F F F F F F F F F F F F F F F F F F F F F F F F F F F F F F F F F F F F F F F F F F F F F F F F F F F F F F F F F F F F F F F F F F F F F F F F F F F F F F F F F F F F F F F F F F F F F F F F F F F F F F F F F F F F F F F F
  <DiscreteSampler_grid>
  grouped_processes
  1 # 1 for a reference and 2 for a running grid.
  10 # Attribute 'min_bin_probing_points' of the grid.
  1 # Attribute 'grid_mode' of the grid. 1=='default',2=='initialization'
  0.0000000000000000 # Attribute 'small_contrib_threshold' of the grid.
  0.5000000000000000 # Attribute 'damping_power' of the grid.
 # binID   n_entries weight   weight_sqr   abs_weight
    10   10   4.163447176000435E+004   5.188373716431547E+009   4.163447176000435E+004
  </DiscreteSampler_grid>
