  0.00233159408289253  0.01651649868119825  0.03013216537009892  0.04195634789495251
  0.05346911639872953  0.06472112966019002  0.07575579053398193  0.08680610597365861
  0.09787015581081576  0.10877277347139562  0.11954743614551970  0.13040290741290450
  0.14143668436079607  0.15245807670944453  0.16346673924168328  0.17442451651142662
  0.18532919461969183  0.19622386558310620  0.20704019894338463  0.21782226395910465
  0.22849897542327766  0.23918125470630586  0.24987237765892223  0.26059456059456704
  0.27127514584617296  0.28197002415882783  0.29269916103673893  0.30349536648009584
  0.31430556639021001  0.32505457762177564  0.33575063325747689  0.34639632126547676
  0.35695900397722252  0.36736045042504345  0.37763023877002033  0.38789188053422635
  0.39822018974080925  0.40865930879114443  0.41919038872537789  0.42978709675158633
  0.44037985038901722  0.45094987124685210  0.46151813915709416  0.47212371631125027
  0.48276851946645710  0.49343112764908431  0.50401696084090752  0.51456592241969490
  0.52503693886387059  0.53541284788225207  0.54569791951731661  0.55597464273862662
  0.56627831006589713  0.57661064623138381  0.58705491848022096  0.59765059733910819
  0.60831939639011956  0.61894488368013922  0.62949370536415528  0.63999466303380115
  0.65049464128722578  0.66100561631984500  0.67146789225982595  0.68182334833691893
  0.69215080783581540  0.70253954191017920  0.71298720713149921  0.72346122933724255
  0.73394760219257382  0.74442314648198760  0.75482038351814262  0.76514002706796602
  0.77542253795960636  0.78569863993509548  0.79601245344995075  0.80641913981142965
  0.81689056981937280  0.82736411861071901  0.83777383230715896  0.84813576473863783
  0.85843548670417158  0.86863059939266429  0.87870401562865286  0.88876870939690567
  0.89888293412705156  0.90905675332338443  0.91926469363211127  0.92931094451665508
  0.93922456300156920  0.94895143320733777  0.95845999226695822  0.96771642777678646
  0.97652413809533667  0.98484987676814817  0.99355579268447547  1.00000000000000000
  0.00247067033001535  0.01618746781573552  0.02952297912847456  0.04133247962415541
  0.05280135346649458  0.06423070002251746  0.07562733539786816  0.08693820602730024
  0.09792723121340295  0.10906343873596887  0.12016876294754088  0.13116308826807371
  0.14184588116753405  0.15251632353087488  0.16316366428677556  0.17386285078993993
  0.18458176816868585  0.19523622066480853  0.20576022666151744  0.21624289003006916
  0.22673276268072018  0.23734772921835262  0.24802287900776782  0.25862228115211594
  0.26910294791525552  0.27949076304459702  0.28997618541238351  0.30044724029161546
  0.31083854581676096  0.32121914457818540  0.33161323450887376  0.34206443629521727
  0.35254027633815466  0.36302333074127319  0.37346481306281298  0.38389573467613547
  0.39429948633861434  0.40474167719394799  0.41522657238103522  0.42573128505869212
  0.43625101835450442  0.44682659883477815  0.45745209732463532  0.46803735114304329
  0.47856201859261061  0.48911628968113141  0.49970701957870423  0.51025472088504020
  0.52078526953388438  0.53134213146628750  0.54189862423092749  0.55241770172675642
  0.56287737111531611  0.57327207138433811  0.58363342346127689  0.59402310248891799
  0.60448907732088530  0.61501053456186339  0.62555202518664965  0.63605656597858640
  0.64655448278795302  0.65706308823841097  0.66755419788942871  0.67800123368995602
  0.68841315950736848  0.69879654253659940  0.70916195911641855  0.71949526309629142
  0.72982940966755949  0.74009051383094393  0.75028039771540056  0.76043013766930623
  0.77056926217785515  0.78065401645687804  0.79073510946943903  0.80083955455840861
  0.81090302060373110  0.82086211166460343  0.83085213080829401  0.84098143354165333
  0.85124381013846862  0.86154308551982484  0.87184853610805790  0.88210737340497136
  0.89225014231249578  0.90230886303428137  0.91235400205352102  0.92239510683737225
  0.93234102228873073  0.94208247064756245  0.95155833799638767  0.96088518951477153
  0.96998122283499533  0.97844587183159171  0.98685871850888007  1.00000000000000000
  0.00856455628395453  0.00992387173222666  0.01089108405378174  0.01191216887375959
  0.01303043532645950  0.01420890700961040  0.01541588064629625  0.01661995904219541
  0.01779764991004630  0.01899985949220868  0.02021878280711035  0.02143567486806044
  0.02264024806850787  0.02387167470738922  0.02510740680538937  0.02618669063751391
  0.02713056969471725  0.02821521987608546  0.02942581380823129  0.03066355951325206
  0.03191145488942182  0.03318324802384683  0.03448806199394407  0.03582785497510595
  0.03720069788696785  0.03860544547428581  0.04005161760084496  0.04154471783189619
  0.04307734861605898  0.04465021110763338  0.04627292169347956  0.04795452100043252
  0.04969135273314326  0.05149243491101174  0.05335287601991823  0.05526646114308434
  0.05723004743117890  0.05925987872693064  0.06137211262981794  0.06356335168685648
  0.06583445060579983  0.06818827603639922  0.07063498262157740  0.07318208256545843
  0.07582295271998425  0.07856229432254609  0.08138981490122690  0.08430156786126480
  0.08730762665339123  0.09044179608148867  0.09371197332001692  0.09712274767448009
  0.10066365411430735  0.10433932116056593  0.10815722887189358  0.11212644968651501
  0.11625739517678496  0.12056679286868244  0.12504733485267916  0.12971405202343517
  0.13459868574739461  0.13971829238331560  0.14505237346514224  0.15063571681633139
  0.15652691462681448  0.16271564113534778  0.16911124618369397  0.17577247923684333
  0.18280509126957384  0.19029769073143799  0.19820342395244747  0.20658185737993140
  0.21542429672375382  0.22477343280419623  0.23465512043791248  0.24510524402706352
  0.25622792737156680  0.26809749811871564  0.28082683783099610  0.29444426437344184
  0.30903363464494726  0.32465529334225818  0.34164439599363872  0.36001913104822375
  0.37998435679100645  0.40171095787323541  0.42584154792102075  0.45258991209235594
  0.48255585896852093  0.51695833767548593  0.55712388939547330  0.60522011402268561
  0.66829390648536324  0.76398027641245325  0.86773428735633706  1.00000000000000000
 -0.00103432345542776  0.00397983810239405  0.00924515141786489  0.01449454758943676
  0.01981718337426561  0.02522339092204916  0.03064489183218787  0.03608711878187421
  0.04156720433184152  0.04706473641673656  0.05261168554837655  0.05819425790501771
  0.06380212643752317  0.06947828277741804  0.07522884540224618  0.08100504614802950
  0.08673802306433830  0.09244362236461946  0.09815718867369742  0.10391729432646443
  0.10973458469514694  0.11560116679815090  0.12149307872633941  0.12739036455732472
  0.13333187584639197  0.13932506108586970  0.14544491335482385  0.15173371225129295
  0.15809365100807790  0.16448417449566163  0.17089063278081951  0.17735600602211385
  0.18394134738875795  0.19059985234223151  0.19730896060351311  0.20405086528604108
  0.21082473353544817  0.21766224346018431  0.22458043538248604  0.23157201237112107
  0.23860197651885853  0.24569594531828526  0.25288225394697322  0.26010120001230802
  0.26737893584924743  0.27468270518350668  0.28204440722146912  0.28950063635066098
  0.29703090547680094  0.30461848293666655  0.31234039794192903  0.32022762588246761
  0.32815409607232948  0.33617319578192800  0.34445850165692954  0.35283204189410577
  0.36127678938525470  0.36982178814918332  0.37847374198050276  0.38725770922818220
  0.39619327480637578  0.40526358234513205  0.41458084582793153  0.42413653601493156
  0.43384573674025090  0.44363154713535291  0.45360405631217554  0.46375151238660084
  0.47410990351607935  0.48456322651098538  0.49522843840467634  0.50610766022128439
  0.51732122554706972  0.52880431003954309  0.54055165362821911  0.55255586232733911
  0.56482423677237237  0.57752502170520104  0.59065665724751437  0.60431585801443732
  0.61821487707361988  0.63253213823233689  0.64727487420394281  0.66234977656214200
  0.67804222979232642  0.69459322109099431  0.71209488777204610  0.73078449225922593
  0.75071973500736566  0.77211459349565092  0.79550879832312837  0.82165279453392515
  0.85141355267165553  0.88671388265627293  0.93313667415991308  1.00000000000000000
 -0.00227614097564192  0.00890309337235566  0.01892925703847169  0.02917477287877593
  0.03971329613608442  0.05016292562355184  0.06055549742962266  0.07085634486785730
  0.08132970729523384  0.09194377641611573  0.10277429137557599  0.11331718943455776
  0.12375985935755698  0.13412797239892946  0.14465952811200067  0.15495561724782361
  0.16527864591140889  0.17572677354345193  0.18610509720838816  0.19652080371162575
  0.20682993451155268  0.21736609624258424  0.22811083590166129  0.23850171092728345
  0.24880855382496506  0.25918341795501543  0.26962277713591265  0.28012822357785305
  0.29072115187576397  0.30139836052682939  0.31228767248009587  0.32312829244793484
  0.33399069825478728  0.34462605624091652  0.35525187616271131  0.36587031014831067
  0.37652327279491610  0.38716673176412175  0.39793409323636786  0.40860643709751066
  0.41913405146046251  0.42957282453522339  0.44009114130624039  0.45073098590672456
  0.46134545710600017  0.47211278367821580  0.48261154488836405  0.49296482828509591
  0.50334217807024040  0.51389318107019011  0.52470706861247707  0.53516354376470165
  0.54582497708009470  0.55616994685493504  0.56701669488408935  0.57769394313168632
  0.58864376542562458  0.59939369645597007  0.61011503817973123  0.62086418771399210
  0.63157539470282387  0.64234793775571375  0.65291569962651486  0.66352580470971623
  0.67404090523714855  0.68439606473896775  0.69479020809837688  0.70515853027143494
  0.71570055153678491  0.72613637773757767  0.73660899456486062  0.74708010257747515
  0.75740181395154116  0.76770503877749452  0.77799567491171839  0.78837860612187460
  0.79880674045820832  0.80919344216854916  0.81968068581875186  0.83023337456056800
  0.84104117637435616  0.85188861303105690  0.86248989024252243  0.87340490077906685
  0.88403034981476103  0.89492719715703983  0.90550185195578481  0.91628592087472771
  0.92662817575967582  0.93725989615370808  0.94796116168256506  0.95868187696941798
  0.96897989847195709  0.97942280327832998  0.98973484527162880  1.00000000000000000
 -0.01447978535486702  0.06396589170208575  0.11045376160351050  0.14597582027640327
  0.17590962916932099  0.20224211353816987  0.22598109030846233  0.24766081097191170
  0.26776157302373338  0.28670666936582800  0.30454951481622189  0.32134578955283266
  0.33721033334033129  0.35245596197435081  0.36733484768451802  0.38173899722182120
  0.39561557514746115  0.40919385537950637  0.42236858284570444  0.43505330215252414
  0.44718828474697964  0.45892256482176297  0.47043354174919261  0.48171857345809460
  0.49280590130221075  0.50366279668266978  0.51426941889637945  0.52473965126150768
  0.53490459653964595  0.54487171996666461  0.55464111874230326  0.56430568861955965
  0.57395659893779771  0.58349729589615906  0.59281310456078051  0.60188535493323436
  0.61062044360403556  0.61921780190109155  0.62784533517932251  0.63637500136209046
  0.64476231396997363  0.65296574443527744  0.66110568852900908  0.66920847378990977
  0.67732707131208525  0.68535448439269975  0.69307973776040221  0.70063608236037422
  0.70810595317786496  0.71543817983206748  0.72272554286419510  0.72998236123869897
  0.73716357194245863  0.74427389725108672  0.75134867299062369  0.75853750314734480
  0.76564765997730788  0.77264131451473972  0.77956399097812989  0.78642587097421091
  0.79326949648717315  0.80009563051901711  0.80687670057229266  0.81359322530067568
  0.82022325042096078  0.82676140721510760  0.83320700503792167  0.83960917955276226
  0.84599310389002091  0.85230002685734219  0.85854484758459804  0.86474924573301759
  0.87089946110649974  0.87698552819012687  0.88300931137789462  0.88898443588317111
  0.89489187016291061  0.90074546966291724  0.90658825059453862  0.91241592730943777
  0.91823375956430398  0.92404152924239003  0.92980614654996852  0.93551535222499482
  0.94114259905440933  0.94666982854965775  0.95214321878235986  0.95757267419520753
  0.96296354332914491  0.96834691736062073  0.97372559052347585  0.97909126537062385
  0.98439026703638166  0.98965824065152674  0.99483387124208456  1.00000000000000000
 -0.00226295551662087  0.00904729348629331  0.01882369551966716  0.02954350229406631
  0.04003436170021458  0.05071908362263605  0.06138042305091184  0.07205436294099021
  0.08278855496099574  0.09310238516350487  0.10373101569722376  0.11433239104696712
  0.12474275218117142  0.13529244826314415  0.14548971140640815  0.15629054065521664
  0.16683019708307600  0.17739121762467935  0.18794687849859271  0.19856534925801889
  0.20902141246258860  0.21956457465946869  0.22997793126856028  0.24074262111047071
  0.25159447012063485  0.26214903003667844  0.27290416571666365  0.28357968543268858
  0.29425213844399140  0.30513755448551855  0.31560928968670848  0.32617290012518524
  0.33672386987758840  0.34733544421934509  0.35775100492249778  0.36804741066048929
  0.37868412602627355  0.38952539384581802  0.40038608587913782  0.41111424501599664
  0.42186663073284275  0.43251965656906727  0.44294793110554276  0.45339145545473730
  0.46399677088417263  0.47479537383889736  0.48541386871538506  0.49586226961229540
  0.50622919388493848  0.51663060836339059  0.52711953405372025  0.53773941108658996
  0.54833906279511913  0.55882887830722705  0.56936779712250651  0.57984650510996272
  0.59029497440635226  0.60079890272818148  0.61153128127867828  0.62221472011229884
  0.63282550418721550  0.64334581598844309  0.65391483418841279  0.66446964250031848
  0.67506957566191228  0.68567738447347648  0.69602775103344217  0.70635661652380699
  0.71643985760412465  0.72647646816627198  0.73667070954038361  0.74691721243674025
  0.75738085919556597  0.76776171257291581  0.77822439238018593  0.78875711711693852
  0.79930602368379466  0.80990931050569370  0.82053576139542672  0.83119350005601089
  0.84165012213524781  0.85222617804457601  0.86261041775349723  0.87322261621834962
  0.88367653105165400  0.89414585572720062  0.90447985654876639  0.91506939207682114
  0.92566254592741992  0.93630652854071905  0.94681228296284436  0.95743541644875574
  0.96791303133830586  0.97862603938504933  0.98918951212944717  1.00000000000000000
 -0.00218734850464333  0.00877373864954745  0.01870557972572820  0.02905334783659119
  0.03954189290480505  0.05014624487114326  0.06061663154000729  0.07146939507039565
  0.08225475969812553  0.09315042024786581  0.10390417122162457  0.11451523764803628
  0.12524870796570156  0.13587128325961129  0.14666387804354483  0.15744432606983164
  0.16817290612655700  0.17870840879448366  0.18927726449925386  0.19978607755066236
  0.21035100023157430  0.22082894051449831  0.23131903514958951  0.24187066788028619
  0.25254975232667393  0.26331111243648819  0.27406850412269840  0.28467331314206606
  0.29528142452723399  0.30573162098705042  0.31641214537804413  0.32709509381415869
  0.33789891895113050  0.34861791520234398  0.35923490056146273  0.36979199338995722
  0.38036368274032833  0.39086595804562435  0.40133612019298565  0.41171814323389222
  0.42230003092646040  0.43290559154107072  0.44355710324961450  0.45406257020954016
  0.46439926445299090  0.47479871777989990  0.48529097984126285  0.49574825439387848
  0.50619288343830926  0.51646438891893787  0.52677864522769013  0.53696922184605944
  0.54733901310341682  0.55762557839937732  0.56804408694901720  0.57856251591973007
  0.58927465377760846  0.60009644809554485  0.61062046419967930  0.62094952284494931
  0.63143562444831192  0.64207719630851023  0.65275115406065920  0.66332054224606052
  0.67404781308484207  0.68480596206397082  0.69563944809821998  0.70629105870548747
  0.71683413265646612  0.72720049090468253  0.73765126391669933  0.74807103419063414
  0.75848067344591996  0.76886572767762817  0.77954743086573630  0.79011890950163222
  0.80046614285857598  0.81077955092435949  0.82122850796903080  0.83160702290530875
  0.84199136636059591  0.85199648692239116  0.86271932020953168  0.87319503983215596
  0.88360530164524598  0.89433147059817519  0.90493545239707751  0.91568263273827366
  0.92588760541817905  0.93621925776125303  0.94676385862237955  0.95741339044887019
  0.96817179677247411  0.97862607696953374  0.98942072125219815  1.00000000000000000
   6.6656133609241554E-008  -1.0000000000000000     
 F F F F F F F F F F F F F F F F F F F F F F F F F F F F F F F F F F F F F F F F F F F F F F F F F F F F F F F F F F F F F F F F F F F F F F F F F F F F F F F F F F F F F F F F F F F F F F F F F F F F F F F F F F F F F F F F F F F F F F F F F F F F F F F F
  <DiscreteSampler_grid>
  grouped_processes
  1 # 1 for a reference and 2 for a running grid.
  10 # Attribute 'min_bin_probing_points' of the grid.
  1 # Attribute 'grid_mode' of the grid. 1=='default',2=='initialization'
  0.0000000000000000 # Attribute 'small_contrib_threshold' of the grid.
  0.5000000000000000 # Attribute 'damping_power' of the grid.
 # binID   n_entries weight   weight_sqr   abs_weight
    10   10   3.779913852731670E+004   3.093097120888581E+009   3.779913852731670E+004
  </DiscreteSampler_grid>
