  0.00232433899904799  0.01649980994975461  0.03009546741725977  0.04213241336546211
  0.05388396785102124  0.06544741058300498  0.07677066656608419  0.08801143895886070
  0.09917970345977270  0.11042973662211517  0.12152882588327960  0.13253936734204175
  0.14325812744597483  0.15393495487431530  0.16477130355571340  0.17568207165640701
  0.18659881490041197  0.19742510249298134  0.20819025338891353  0.21893057914107955
  0.22959294814158876  0.24015647590923730  0.25059495236738827  0.26095161446557336
  0.27141162355383502  0.28189111387777760  0.29241371427002127  0.30295487777020591
  0.31339845565707591  0.32366461461753121  0.33387310759720373  0.34422968187247632
  0.35471385431417174  0.36519083001537839  0.37556825499003660  0.38590315583664758
  0.39642079333584573  0.40700116095640637  0.41763963571187973  0.42820500986257726
  0.43879447839798258  0.44937275243193270  0.45994028188427788  0.47055209751945720
  0.48123268081779086  0.49191870553400857  0.50253052733088932  0.51307719926222628
  0.52353937861986299  0.53397058073040338  0.54444820087121404  0.55498755323957716
  0.56544919738489496  0.57573520190096406  0.58595114131831894  0.59616062773221468
  0.60627990033021673  0.61634488008801491  0.62650533499078076  0.63690199729055230
  0.64741705355629775  0.65799978970170236  0.66849125264088638  0.67879462372838528
  0.68894297536933158  0.69905304962659787  0.70917670385478260  0.71932576487982791
  0.72950361905712546  0.73980272903391242  0.75021484269002359  0.76067086727601285
  0.77111360452275601  0.78149707402239721  0.79184582779037549  0.80218291538257114
  0.81253132201462919  0.82290948822816101  0.83326131411649518  0.84355736112733215
  0.85373134626697500  0.86386262931953273  0.87396603035830178  0.88404873494552372
  0.89406416578444348  0.90401745047096749  0.91391399912674531  0.92376252187045871
  0.93352366741720871  0.94317121853222530  0.95266687318587473  0.96195333830087770
  0.97092147503622306  0.97928694928823623  0.98744173199361107  1.00000000000000000
  0.00237510404334644  0.01642094520450631  0.03024387931948597  0.04225358674066055
  0.05372873758640816  0.06509467743250492  0.07636687473813770  0.08772806761013020
  0.09895183111270230  0.11024668872694970  0.12135910862800041  0.13220400022645754
  0.14307989047333222  0.15381201452147605  0.16471744438389826  0.17537725228751930
  0.18595257947380234  0.19638687267149041  0.20679142420505989  0.21742114068750582
  0.22812210246183978  0.23889744034667348  0.24956326690408745  0.26012158809738606
  0.27076289360210815  0.28144298033514503  0.29213005589464069  0.30270807090604307
  0.31321990053218812  0.32377478754722583  0.33435570754036104  0.34469962942862831
  0.35509298309926157  0.36555124130053979  0.37592372122163686  0.38627297719294718
  0.39659680438040235  0.40708314219419356  0.41763854887175372  0.42821213137794534
  0.43882020813163175  0.44941727370484102  0.45994687563786729  0.47049848273485134
  0.48106788901832898  0.49162026057966501  0.50209678999060914  0.51247532697546883
  0.52282148780793292  0.53320893119652657  0.54360849225842944  0.55404162100104026
  0.56452302171681279  0.57505293272756741  0.58563701040715055  0.59618758338509037
  0.60668468091673777  0.61720680794990224  0.62774696794487939  0.63828960994882222
  0.64877626063218341  0.65922421700022893  0.66967048256824435  0.68006631745214774
  0.69037539596136377  0.70064026647376287  0.71093947395755863  0.72133633109330075
  0.73182358035598327  0.74230454001906432  0.75270335523122001  0.76314712374931770
  0.77348763539334631  0.78365058157367040  0.79380221729437150  0.80414892868668775
  0.81451244331651196  0.82463400064129755  0.83465472672258079  0.84476135908999705
  0.85497728415752661  0.86507100844470408  0.87532617902589183  0.88527313537942220
  0.89510033528171218  0.90483767303433515  0.91445168786723674  0.92394664723832975
  0.93323654211152884  0.94272185625464200  0.95212991102235633  0.96125709231651413
  0.97008640134478963  0.97831520601763877  0.98658758968712423  1.00000000000000000
  0.00936190230059323  0.01064523989330955  0.01134960779917525  0.01233534532065133
  0.01343728154212835  0.01454664257189548  0.01565683037658557  0.01677538992136742
  0.01790885593102632  0.01905361638752931  0.02020512210773203  0.02138208899987682
  0.02268424559864394  0.02397751580287100  0.02517764739534586  0.02616547408744781
  0.02708948537897617  0.02817744073999442  0.02941529872674721  0.03068028164714010
  0.03195605713643665  0.03325021638855704  0.03456387105206989  0.03590200474557046
  0.03727047964922676  0.03867267169353976  0.04011190077750648  0.04159720457507064
  0.04312895632556029  0.04469830579524035  0.04630549776669970  0.04796232792244813
  0.04967365806112425  0.05144502410422990  0.05326322944888038  0.05515378017532292
  0.05711750186352924  0.05914972355666401  0.06124530260841244  0.06339506981044760
  0.06563830644555782  0.06798148594157785  0.07040561472517440  0.07291006304436605
  0.07549419518184594  0.07816684021883454  0.08094209901778225  0.08382697119508987
  0.08684483314196870  0.08997925330547023  0.09319983437480585  0.09652278955763825
  0.09997751376974752  0.10359021155545406  0.10736078273360240  0.11128096759720554
  0.11536581231401229  0.11960900703273644  0.12407811564865313  0.12877711927983276
  0.13367407995610497  0.13872081792823851  0.14395348833667049  0.14938736305354966
  0.15510860664663764  0.16116884009820565  0.16759809332360803  0.17438632369398391
  0.18152289723898776  0.18902194836325051  0.19690480833122154  0.20521846722526402
  0.21397952003918558  0.22323585609793972  0.23307510370161016  0.24355031052104562
  0.25465913556209713  0.26645726202304049  0.27899230793019736  0.29233292128047217
  0.30672132799632612  0.32242502392879935  0.33947798653483147  0.35776336073618997
  0.37746597885701150  0.39898492860665552  0.42255855485707744  0.44861431048862366
  0.47787456183256094  0.51112489091145807  0.54953737661609348  0.59510034057745020
  0.65207725947635509  0.73539131471792962  0.85542527851006567  1.00000000000000000
 -0.00108820814887685  0.00411073854288874  0.00938330623849651  0.01461852802341868
  0.01991122707373143  0.02524914649306111  0.03061925935265243  0.03601984971409433
  0.04147425148576998  0.04694513751796867  0.05244930484932118  0.05797695675878722
  0.06351375857243151  0.06907040885576718  0.07468262908844385  0.08037127270303501
  0.08611909744251135  0.09191567368434292  0.09774538188326509  0.10361128592543230
  0.10952153713113684  0.11548239515886688  0.12146583119199687  0.12744855215674566
  0.13345609356499347  0.13949833066090633  0.14558553576531566  0.15173558399674142
  0.15796099822822599  0.16425077951297501  0.17059419303468915  0.17701248721443100
  0.18349684869344662  0.19003574584863267  0.19663170572412556  0.20326101333988456
  0.20988835022061311  0.21653516155020638  0.22324256781123383  0.23007556568547921
  0.23702999940942501  0.24404979181858666  0.25114503306604319  0.25836014373999794
  0.26570589829316832  0.27308585254379147  0.28045395191703720  0.28788417934012400
  0.29543294852877361  0.30313585392949738  0.31091783098328302  0.31886359342885684
  0.32693988775963861  0.33512610233863321  0.34343965631632783  0.35187166256820912
  0.36047314980995604  0.36922789200947148  0.37812142623053646  0.38703619649019827
  0.39598912852494433  0.40503517709859155  0.41421211796191115  0.42360735109617886
  0.43310839539675922  0.44283574819638694  0.45285519491318621  0.46302368699238478
  0.47339654490226757  0.48382973753881747  0.49449156807062872  0.50541040506756885
  0.51656670056503884  0.52798053791073796  0.53951490470657459  0.55138025396040302
  0.56357032354899284  0.57608098909680339  0.58892124516532840  0.60227922998010797
  0.61616217143974394  0.63057329079624369  0.64547345851203786  0.66098047191152109
  0.67718365144443093  0.69415031141690908  0.71208627274859004  0.73111706215590067
  0.75135302045668251  0.77308517387428555  0.79675832145217707  0.82288872968385451
  0.85262460164189013  0.88776338007188960  0.93362513573210648  1.00000000000000000
 -0.00228163976780271  0.00905975882395988  0.01882571048642715  0.02960776941388285
  0.04006197189499245  0.05055560152764778  0.06101310842281320  0.07183853447527970
  0.08255979002893102  0.09333685261530977  0.10408593017008380  0.11454707294070829
  0.12509904297998570  0.13572351439411368  0.14640342633965003  0.15730089136753156
  0.16812098334621225  0.17814281938182086  0.18835316099019514  0.19865563004711162
  0.20904030838045798  0.21936400938680015  0.22969690390499251  0.24035011840934198
  0.25105216674052072  0.26159267645232531  0.27222317493024023  0.28276429726258240
  0.29314540480124079  0.30348327153013388  0.31368090239304919  0.32407236663261230
  0.33435122722984589  0.34477715612481463  0.35521223046378886  0.36577478412242975
  0.37641454603033819  0.38699654200226863  0.39754068251151625  0.40805985101549219
  0.41855888264655838  0.42904065504077987  0.43959238095248671  0.45021533617009951
  0.46089295850661466  0.47139570742618486  0.48190772678615124  0.49243552938895913
  0.50298496580733099  0.51352300062074729  0.52405394529979954  0.53465871047010904
  0.54527382507833255  0.55584157814009671  0.56631865206023801  0.57675984116463008
  0.58719014218401788  0.59772140200527513  0.60831013855953842  0.61893699592369067
  0.62950816588798419  0.64006496095299159  0.65065879804346316  0.66125653975323928
  0.67184404206748527  0.68246218984784524  0.69300837164391316  0.70348846562857037
  0.71396781550049260  0.72450086667307267  0.73501303462448242  0.74536530546756241
  0.75570148239608870  0.76628163556501416  0.77689613858165996  0.78763100368067362
  0.79835734132017333  0.80904845381769319  0.81965021035861618  0.83025777135270995
  0.84079934197753869  0.85125423943652401  0.86172612428116802  0.87224522282823846
  0.88282931731392200  0.89347645552761301  0.90429391129332382  0.91503273741136537
  0.92570125494817879  0.93636551082872488  0.94682124762476794  0.95746545933628757
  0.96794605431131364  0.97867118055927904  0.98926216164655512  1.00000000000000000
 -0.01412964260767509  0.06389462296663449  0.10997132028168805  0.14529816046956465
  0.17454635850942121  0.20011399573161484  0.22347345587052206  0.24537387425260374
  0.26588149811446332  0.28493510233521840  0.30272392464705272  0.31966245926457504
  0.33584515486136068  0.35136597355004656  0.36629380398228339  0.38063639982015585
  0.39464912861320167  0.40818569664291277  0.42136557477129549  0.43393211754404143
  0.44607203296748055  0.45794763317756082  0.46960192546690915  0.48097873013581205
  0.49200690158359384  0.50287172685426018  0.51366199356313436  0.52418374603555062
  0.53440883373923076  0.54450427860379869  0.55441455826757846  0.56410344517465905
  0.57354590860217292  0.58279248913299575  0.59185324841294296  0.60081980845826322
  0.60979066600194254  0.61866495272712396  0.62731431631978807  0.63574364457338839
  0.64408798475845830  0.65246352489613502  0.66084696801492426  0.66906342713657618
  0.67705829584657429  0.68495354908684802  0.69274466179872551  0.70042586309427635
  0.70812448043320186  0.71574777311239191  0.72331646255747151  0.73072814508099071
  0.73797766070778315  0.74516060638152748  0.75224415723996185  0.75924400077470255
  0.76620148408337929  0.77307386184662830  0.77989803559275617  0.78670742379352299
  0.79349023995011325  0.80027605792544887  0.80694856855555330  0.81357786170675961
  0.82014058216539154  0.82668218168137375  0.83319320014139808  0.83961175498951457
  0.84597558846951415  0.85229003668918712  0.85855619379045145  0.86479326162566172
  0.87095764183598734  0.87701901444100872  0.88301009289827082  0.88895346239630491
  0.89486136799030280  0.90073114811739552  0.90654081581112633  0.91228820341810057
  0.91798982915564331  0.92366472942573830  0.92932370349876992  0.93497437353793533
  0.94061747399895423  0.94624406235893443  0.95185462256598230  0.95741783056144947
  0.96292967495990767  0.96836830920452799  0.97373226163202342  0.97902249737311242
  0.98426895839155670  0.98947667094223180  0.99470110072513895  1.00000000000000000
 -0.00220420960730534  0.00876893404089112  0.01868285570395779  0.02926719851468240
  0.03954812852434293  0.05008170466717458  0.06051630798717297  0.07105815155537301
  0.08160636680015156  0.09227436683479845  0.10306086333076675  0.11370621686873435
  0.12457264471755791  0.13529630983384383  0.14596736536490124  0.15647435518367156
  0.16698782403012746  0.17754507693774052  0.18823962132947894  0.19896366953250039
  0.20966749996923159  0.22026405803235283  0.23096796445745077  0.24159834918402026
  0.25228475496001346  0.26306253333528340  0.27381016566966848  0.28446188559379038
  0.29500853496614537  0.30559216392701938  0.31609110800096846  0.32652578210914524
  0.33688388871109981  0.34717337960395872  0.35753121236008994  0.36796267743313327
  0.37855585752471110  0.38921090768707650  0.39981497260317439  0.41044174450910365
  0.42113047379050433  0.43178615781496044  0.44229382677463303  0.45267059346069610
  0.46311827618950463  0.47370644864823497  0.48431360328556117  0.49484744208890608
  0.50541491301051145  0.51603841645573478  0.52670272152404174  0.53733548693655597
  0.54796352669569726  0.55856950978185016  0.56921195219500587  0.57990166657316333
  0.59059200992671512  0.60119686025867047  0.61181364398365945  0.62249845157492145
  0.63329085108215211  0.64396667000284158  0.65452205214389525  0.66505439607356909
  0.67563264389000843  0.68615789224602475  0.69647555765015812  0.70674526627000844
  0.71713820684863028  0.72767187695341473  0.73822543499654947  0.74884360209541911
  0.75950643361822145  0.77025619648059573  0.78091645402322685  0.79159113822919713
  0.80218655832189933  0.81275754872801531  0.82325786869979600  0.83381279003172304
  0.84433753326067240  0.85482384533366940  0.86526423809548025  0.87570468432273363
  0.88606414670322542  0.89639919969092019  0.90668140361656613  0.91689572311262491
  0.92705341859085155  0.93728502843155492  0.94776498456214509  0.95821840335928621
  0.96866084373498351  0.97876187974592233  0.98954610291819101  1.00000000000000000
 -0.00228749799414055  0.00900345385825975  0.01910968333646412  0.02944302110425895
  0.03996767510156816  0.05027462313703682  0.06071899688456337  0.07114364479255415
  0.08140816773712269  0.09192478492834932  0.10208614979959105  0.11289416548235595
  0.12353167351182458  0.13428144533424310  0.14477493957921109  0.15522217307924363
  0.16576128316704219  0.17650500797713387  0.18675452887245203  0.19739842083039849
  0.20765608606136160  0.21842990983894206  0.22894968100997365  0.23971275961665128
  0.25041678702264736  0.26095987561919815  0.27173229937213861  0.28253814396195148
  0.29336486228822378  0.30381860940009692  0.31443330984366064  0.32482713693328902
  0.33538048974185486  0.34587193869116417  0.35657667543940441  0.36716849276785429
  0.37775847635836496  0.38840050497186274  0.39907711330213225  0.40970161062110771
  0.42038913420031987  0.43115625619256087  0.44189549203508782  0.45237185922226431
  0.46275954547087539  0.47308242168005638  0.48355129169749939  0.49388726959219764
  0.50434659383738456  0.51492048188300665  0.52538925328991692  0.53595286971534772
  0.54647296377260424  0.55712081690903759  0.56787162170170713  0.57863022823133714
  0.58932745190646896  0.59988081381800284  0.61034844612843830  0.62072421409070300
  0.63119542582843335  0.64164816299605421  0.65204921155291395  0.66236712807922782
  0.67278360612572108  0.68315854677845167  0.69355576676349751  0.70372556615699788
  0.71438407154718675  0.72510266813171154  0.73579461797048251  0.74652181145609320
  0.75718605776763726  0.76792071285461627  0.77847644988197284  0.78906661371694309
  0.79963462407938501  0.81031229299778029  0.82102618656370474  0.83165642302374376
  0.84247328141883238  0.85315107391495837  0.86365848690234170  0.87401041575420113
  0.88452834918285850  0.89519252624111945  0.90561437003590339  0.91596158353570400
  0.92642274710203387  0.93670113024785595  0.94718183611297346  0.95733169647993843
  0.96817214979963739  0.97867030259387744  0.98933393132750502  1.00000000000000000
   6.6704413361430430E-008  -1.0000000000000000     
 F F F F F F F F F F F F F F F F F F F F F F F F F F F F F F F F F F F F F F F F F F F F F F F F F F F F F F F F F F F F F F F F F F F F F F F F F F F F F F F F F F F F F F F F F F F F F F F F F F F F F F F F F F F F F F F F F F F F F F F F F F F F F F F F
  <DiscreteSampler_grid>
  grouped_processes
  1 # 1 for a reference and 2 for a running grid.
  10 # Attribute 'min_bin_probing_points' of the grid.
  1 # Attribute 'grid_mode' of the grid. 1=='default',2=='initialization'
  0.0000000000000000 # Attribute 'small_contrib_threshold' of the grid.
  0.5000000000000000 # Attribute 'damping_power' of the grid.
 # binID   n_entries weight   weight_sqr   abs_weight
    10   10   4.178058325505502E+004   6.619888196016916E+009   4.178058325505502E+004
  </DiscreteSampler_grid>
