  0.00241314193834123  0.01606538319097038  0.02988466682448681  0.04229676312334865
  0.05399638107637685  0.06529564792052794  0.07638218857670048  0.08728798980597378
  0.09801039555985061  0.10874621863170070  0.11957760811456894  0.13042708347990387
  0.14119996667489579  0.15198697024393998  0.16280072428775236  0.17369395365626980
  0.18449725120080704  0.19548306016136766  0.20639109300505898  0.21740053106716117
  0.22817266471690079  0.23896479221737707  0.24966097782204053  0.26036430481427114
  0.27104252641529925  0.28179774155524079  0.29246702204475122  0.30308344256602537
  0.31370501543020229  0.32436564294078368  0.33498053125177885  0.34551859509881000
  0.35606093442430881  0.36681068881736595  0.37743086110127155  0.38783617092544481
  0.39836394809277853  0.40905823560786020  0.41964443757697839  0.42997717337342245
  0.44027098586725499  0.45076610482914575  0.46125356811548968  0.47165556010836895
  0.48201149778225710  0.49239675057745286  0.50278895450353944  0.51317259844746577
  0.52360422563630560  0.53409790918608113  0.54463612494042402  0.55519979596466673
  0.56577144175608085  0.57628285496019493  0.58677085738409396  0.59722763876099971
  0.60763231819108565  0.61794336575276776  0.62817001064214006  0.63843692803841778
  0.64873872373666441  0.65898863069483371  0.66916506185700508  0.67938003723772900
  0.68962582248394166  0.69986521925281531  0.71006351152467306  0.72025656164721941
  0.73053202378461757  0.74083751141894449  0.75120541041338218  0.76158170309661688
  0.77189636052696287  0.78210990947763070  0.79227101589243776  0.80247537624107657
  0.81271652743294731  0.82296813117636891  0.83326605261700049  0.84366995079325424
  0.85402334080307740  0.86407649631015537  0.87382815256383761  0.88354199169061221
  0.89324005717237243  0.90298624246292036  0.91274798920399269  0.92248409497870332
  0.93218778815611314  0.94185615244330723  0.95142794610408621  0.96089357473946369
  0.97001050364991726  0.97844122420066992  0.98688456058796770  1.00000000000000000
  0.00245281664294354  0.01594672457037620  0.02973844717566257  0.04191440169503698
  0.05365758031007295  0.06519548488813047  0.07649895297662990  0.08783892068201096
  0.09918327826660921  0.11052837045964169  0.12177902192446803  0.13287690742752900
  0.14393760560410349  0.15485066822757085  0.16558574958054711  0.17630916739104571
  0.18707880410968061  0.19785181198489893  0.20850076806631310  0.21923109544424810
  0.23009718920354388  0.24103138540413716  0.25188749284874790  0.26266642278320496
  0.27339213500737575  0.28413883729715100  0.29491063937658635  0.30562189409459639
  0.31629021552385223  0.32708572227353588  0.33776041616553237  0.34817094947066068
  0.35861708883703264  0.36905139372483053  0.37944352323403918  0.39005782502134867
  0.40070004333553305  0.41144283419893779  0.42208442292216247  0.43266443369152219
  0.44313371998375972  0.45341707812677151  0.46365384770704637  0.47404757867858660
  0.48445420790259069  0.49495571836956898  0.50548731027854032  0.51602335214960282
  0.52650020853085089  0.53698949012481068  0.54733543096681547  0.55770282878254618
  0.56814327736106873  0.57891548294132844  0.58978214368653870  0.60058097195840199
  0.61115109522503064  0.62159200117952207  0.63198977496219322  0.64247867758906319
  0.65291439106749938  0.66330260423094278  0.67377306234845735  0.68429020019840214
  0.69472994172383618  0.70502750938107583  0.71538825631629077  0.72575158124859551
  0.73605374071841068  0.74626371255107526  0.75663059276712707  0.76691899589059098
  0.77719793492141154  0.78744309521528411  0.79780255118034527  0.80809042157094013
  0.81819921176021704  0.82823776388231396  0.83833102047718855  0.84850864732012865
  0.85864597336433912  0.86867498419331601  0.87867930999159283  0.88871414724986786
  0.89877893028187006  0.90871876813614916  0.91866548607733045  0.92855328916075641
  0.93836552693472142  0.94800899513319725  0.95741900273242464  0.96652619884901103
  0.97528937987924968  0.98349034092176424  0.99171987072349355  1.00000000000000000
  0.00494390509942672  0.00632730204224791  0.00763021182977938  0.00881746947936952
  0.00993287958027377  0.01100041465293405  0.01209046387342502  0.01325275527150889
  0.01447021088455337  0.01570933871818776  0.01696058009485208  0.01824189838420957
  0.01951635656144209  0.02079070452944450  0.02206534501468934  0.02343926878671744
  0.02484006680640823  0.02599520452745752  0.02695715978716124  0.02807768705362662
  0.02932859046338327  0.03060355979678969  0.03189337509257664  0.03320677028899505
  0.03455197765707608  0.03593758321750314  0.03736283066785124  0.03881336214280132
  0.04029288794740725  0.04181939893961940  0.04339860530765422  0.04503422266049811
  0.04672913107158441  0.04848803950803189  0.05030017628190486  0.05215543464162274
  0.05406091659470052  0.05602324849932353  0.05805457125771155  0.06016585874088547
  0.06236297027400162  0.06464177180359278  0.06700324328644845  0.06943784585288146
  0.07195334535776123  0.07456439678947685  0.07729549933536674  0.08014850318492160
  0.08311448901890672  0.08621117873679314  0.08941960403774626  0.09274297338241332
  0.09621926923410977  0.09985366376668871  0.10361703701760126  0.10751291203125608
  0.11155963574605927  0.11577594242024181  0.12016651782859548  0.12476933520877094
  0.12961563287732572  0.13466686639294337  0.13987464206901892  0.14531768602085465
  0.15108888724705061  0.15721615522535615  0.16361131742074039  0.17036717436252607
  0.17752281224983210  0.18508527157866386  0.19296154487390957  0.20116438495536521
  0.20984984828935815  0.21916463244569512  0.22906450239969209  0.23956480255225698
  0.25071504792575283  0.26255428777777740  0.27515898999863692  0.28871704342780719
  0.30332759647963026  0.31901225051362286  0.33588370339448692  0.35417250016912327
  0.37416674789204124  0.39604516317013377  0.41997672322190582  0.44641691021709751
  0.47604843614351788  0.50971497926298248  0.54886054475398838  0.59622468706996257
  0.65695667169114169  0.73540702920126977  0.87832306880005706  1.00000000000000000
 -0.00105115436840669  0.00402138852249152  0.00918979502119499  0.01437922213980798
  0.01963842997787533  0.02494165273248359  0.03029813394696436  0.03564410133935630
  0.04100862424739243  0.04645878712758348  0.05197074806362158  0.05753929940827024
  0.06316724040984398  0.06884491193963010  0.07452799428112161  0.08021220789943942
  0.08595469460860597  0.09178602245764120  0.09766873306546237  0.10359407121734168
  0.10957522986451325  0.11561079817931399  0.12170525867079834  0.12787332811225000
  0.13409419495227504  0.14030979681383104  0.14653181797729378  0.15279167936321178
  0.15912926114255807  0.16558072330848059  0.17206564278303685  0.17855125648490663
  0.18507263340967053  0.19162079923684644  0.19817806387841508  0.20482092591795495
  0.21155554247907318  0.21837449466137596  0.22526353465454985  0.23221065207346159
  0.23927286962459465  0.24645328346362425  0.25365847701579580  0.26080175845860365
  0.26798816485122401  0.27527276316565780  0.28271387323376002  0.29028821903161139
  0.29800866150123168  0.30576639464540223  0.31359997188689054  0.32164124361219693
  0.32979137707495138  0.33804873349147235  0.34642454040973214  0.35482929118968826
  0.36328505283316964  0.37180782480085323  0.38036827755418184  0.38900789736744551
  0.39783452752637688  0.40688378728198732  0.41601267843606698  0.42525914833189071
  0.43465107563969552  0.44422935293007487  0.45391326116604169  0.46367378927533970
  0.47358740741602878  0.48391608444219703  0.49464137044122425  0.50560623420618178
  0.51683710988191089  0.52831738406326434  0.54004969589693419  0.55199579822487810
  0.56430467840916176  0.57703241730359189  0.59014024536877951  0.60368347969009706
  0.61760194024742565  0.63203433712551493  0.64705540042480103  0.66272343425476354
  0.67887696399001762  0.69565685830212376  0.71335923746187069  0.73221869525231653
  0.75232705268797329  0.77385031431593942  0.79717129119333652  0.82316702309797973
  0.85303118330075500  0.88825380278091071  0.93406406146484022  1.00000000000000000
 -0.00229003002961435  0.00902537564935091  0.01918095262844229  0.02988197606869819
  0.04051297421760591  0.05117409722377871  0.06178123835549474  0.07244740203030187
  0.08291222198955318  0.09335601448127824  0.10387767722386293  0.11449392360811017
  0.12515697711983603  0.13578303509380282  0.14638270490982688  0.15696369887714537
  0.16758602286005334  0.17825027044929012  0.18902681131720500  0.19962663537990530
  0.21009430026569473  0.22042765917432999  0.23089287997572708  0.24146854584117372
  0.25211954179786883  0.26270035665707619  0.27333735102755186  0.28399569911618022
  0.29471206670842237  0.30534772995891774  0.31605160792895448  0.32675527200829629
  0.33739066643599730  0.34791276970084961  0.35838620699700974  0.36884545816224062
  0.37934545188257685  0.38999751382128345  0.40073062173035784  0.41148141275769240
  0.42215294965287703  0.43270666836706695  0.44323587895584826  0.45362147232776673
  0.46388583402632078  0.47406141795193169  0.48433117530555841  0.49461107195749821
  0.50497601455134955  0.51514946114683202  0.52549366253150209  0.53616231648110835
  0.54679754660816771  0.55760636184605850  0.56835418375028268  0.57899647961829304
  0.58956176958751860  0.60016850690228285  0.61088061948119110  0.62152866975590959
  0.63205147964718544  0.64260957785103689  0.65323377864537335  0.66376888529819345
  0.67436327921959949  0.68488786495853382  0.69552194250965305  0.70610933419597843
  0.71665253035140986  0.72718601854252685  0.73772053640991608  0.74821078480171244
  0.75861248551486393  0.76894371284950058  0.77941871772827243  0.79001819388617955
  0.80056885441793146  0.81110951593691782  0.82159812886598582  0.83214248223939924
  0.84263697305961260  0.85314988561120453  0.86372818665289575  0.87435623530049800
  0.88504437588964968  0.89560358044772637  0.90609244237662578  0.91651121427370286
  0.92698654896055832  0.93732373305859829  0.94773701274542177  0.95802315374155644
  0.96848982160302766  0.97906772903249517  0.98941876599103673  1.00000000000000000
 -0.01415641674524861  0.06357383467162236  0.10875414306144415  0.14383256019515289
  0.17375070294774600  0.19985462254957900  0.22347270609488795  0.24525591355109511
  0.26553260221001018  0.28459466590223925  0.30255877401965092  0.31954010065525623
  0.33563800780615899  0.35096762914017382  0.36577042730770348  0.38018243304479049
  0.39417988078575772  0.40782209978150025  0.42095988387724426  0.43347973017305158
  0.44568367965408956  0.45753791864418802  0.46891462843386778  0.47988934163205088
  0.49074286482171242  0.50150665044489251  0.51206240730636277  0.52258181826654049
  0.53296500936408975  0.54315134896143169  0.55301162227805367  0.56270510973657484
  0.57234143171226504  0.58173107163609783  0.59078499401513829  0.59966795622942393
  0.60854844808425068  0.61740462943287899  0.62609678472838071  0.63454447546328363
  0.64281483626405966  0.65102749348066857  0.65917001716119261  0.66728885570650109
  0.67535872672543451  0.68339522517106233  0.69138434160505557  0.69923937160111416
  0.70695914730870635  0.71461604939466650  0.72213390726633786  0.72958759474683710
  0.73697105253007689  0.74434828615018400  0.75164313611963274  0.75886789103289842
  0.76602578268589161  0.77307984525085749  0.78000546637532731  0.78682602042554373
  0.79356540253879060  0.80026552057914047  0.80688829314519550  0.81347058913931047
  0.82001948557608639  0.82657195496124403  0.83310074457489769  0.83955243512439504
  0.84588918423514914  0.85208998638845512  0.85820350551749258  0.86428920572869972
  0.87039089265938896  0.87649445560358774  0.88255220629651610  0.88855286254914045
  0.89449620057839374  0.90038092121326763  0.90620414773337754  0.91196909771818568
  0.91769560286419516  0.92340610541012713  0.92913045717669895  0.93483813197376731
  0.94047891776947523  0.94604622086325629  0.95155180063923361  0.95702042384147845
  0.96249014826399049  0.96797132682303222  0.97341477495370798  0.97879949193536131
  0.98410565243698644  0.98939428870928703  0.99471400434716917  1.00000000000000000
 -0.00233587864537157  0.00900150109122959  0.01945415452537606  0.02959560332102618
  0.04003534419764622  0.05037565336740632  0.06100460952931559  0.07155311126425803
  0.08184012605501563  0.09254623730648501  0.10320297080889723  0.11373136158862050
  0.12439478180749000  0.13488127743817621  0.14541362773610700  0.15617451303201657
  0.16653257659597959  0.17710405937517429  0.18741976325494755  0.19803392963265240
  0.20850503863187736  0.21894010580505763  0.22932789009257709  0.23990943097825987
  0.25043615048761714  0.26103119992116230  0.27157929281631443  0.28216347667443759
  0.29277332980096227  0.30355368801220795  0.31434598326707081  0.32522468077977007
  0.33583177727332986  0.34631095082433611  0.35688839681272144  0.36750517350424133
  0.37823776609495019  0.38879511442830500  0.39954898468774480  0.41012690859837636
  0.42084726454283700  0.43123404915580776  0.44168067725639787  0.45211661103956391
  0.46282918802821138  0.47367688382251721  0.48421855818124365  0.49447493921112706
  0.50484732468891702  0.51508511927989231  0.52540597709907066  0.53575155950773090
  0.54627810569985835  0.55715527928276276  0.56787143253969519  0.57839445402164869
  0.58878518488380016  0.59940124595050603  0.60992371474620999  0.62023206859968960
  0.63046452846723733  0.64077213588864579  0.65122575858304799  0.66165609193996355
  0.67210171044472922  0.68258398943647769  0.69309394233235988  0.70355819897457994
  0.71401764607429530  0.72455522372274905  0.73514379874920754  0.74584092533492596
  0.75651771662015177  0.76700716892147103  0.77746507431229872  0.78789915595551618
  0.79848013737226620  0.80894267830509459  0.81942911563316623  0.83004272804182133
  0.84069789790013494  0.85137648174080383  0.86186049743830506  0.87241106344350750
  0.88284158955582603  0.89345634596250156  0.90386103312118571  0.91454721191752564
  0.92540019830084530  0.93641702803439519  0.94719399557094652  0.95796870635269471
  0.96847779728361494  0.97918918636171959  0.98955073396448001  1.00000000000000000
 -0.00223514965817660  0.00875482048684944  0.01887597848217719  0.02953239230775712
  0.04007826121137299  0.05066672360202350  0.06115221106962881  0.07176932036331647
  0.08215744922663683  0.09251168133221853  0.10286622417974940  0.11336888982852726
  0.12399110833954662  0.13455202866515170  0.14514048035696964  0.15583257602857065
  0.16616937103042181  0.17639080181721023  0.18661931897247747  0.19715278977878942
  0.20755817128035425  0.21811141209958615  0.22836960539365866  0.23903723088425008
  0.24940540970695005  0.26022441883973729  0.27082585936095738  0.28138360047191158
  0.29181402753640440  0.30241811905080612  0.31292579897165484  0.32347046456319761
  0.33399751193623289  0.34439684529294573  0.35491233180415521  0.36535872007696030
  0.37600995710278340  0.38653977143303425  0.39720956558955767  0.40801195009649394
  0.41874490707494016  0.42949232654632863  0.44006992325987504  0.45054506478071504
  0.46103422847230729  0.47125216373644374  0.48182474923680224  0.49219091212923616
  0.50243326455642545  0.51256417794404674  0.52275736773649184  0.53327745862691911
  0.54389971767245626  0.55456111200043634  0.56507772910520682  0.57565451842072224
  0.58603712325941459  0.59662638694672554  0.60728372020473231  0.61819353262568155
  0.62900809591484608  0.63979827055483085  0.65040178572560536  0.66106401163421102
  0.67178616844221595  0.68252536470056924  0.69320107762424121  0.70361368270082747
  0.71408346878789886  0.72451278463286339  0.73513597781411200  0.74565042555662242
  0.75630830225160239  0.76706194806084682  0.77766841228234873  0.78812862888997737
  0.79863598348018139  0.80904410867882870  0.81958010804358550  0.82996029405473581
  0.84056094317562768  0.85108010734890882  0.86155261962019436  0.87228741121027253
  0.88296981605795599  0.89378572836032399  0.90453031744511381  0.91530442452300842
  0.92590084305654585  0.93632409092128110  0.94710918054452764  0.95819456921331980
  0.96853081957125287  0.97896192464372545  0.98922428023457876  1.00000000000000000
   6.6638581680482375E-008  -1.0000000000000000     
 F F F F F F F F F F F F F F F F F F F F F F F F F F F F F F F F F F F F F F F F F F F F F F F F F F F F F F F F F F F F F F F F F F F F F F F F F F F F F F F F F F F F F F F F F F F F F F F F F F F F F F F F F F F F F F F F F F F F F F F F F F F F F F F F
  <DiscreteSampler_grid>
  grouped_processes
  1 # 1 for a reference and 2 for a running grid.
  10 # Attribute 'min_bin_probing_points' of the grid.
  1 # Attribute 'grid_mode' of the grid. 1=='default',2=='initialization'
  0.0000000000000000 # Attribute 'small_contrib_threshold' of the grid.
  0.5000000000000000 # Attribute 'damping_power' of the grid.
 # binID   n_entries weight   weight_sqr   abs_weight
    10   10   7.214009217682516E+003   1.326280880761738E+008   7.214009217682516E+003
  </DiscreteSampler_grid>
