  0.00231206382524747  0.01627251484982033  0.03027034534927812  0.04225698830925975
  0.05394503046012458  0.06517748194271518  0.07639346307466710  0.08745574969061980
  0.09851736784015598  0.10957005662429584  0.12054516172206160  0.13152576072215172
  0.14246191359985505  0.15309739551039056  0.16349475365647248  0.17405799391871876
  0.18469569608185080  0.19531271415230567  0.20588136530678797  0.21665015834488124
  0.22744129592570234  0.23829222028452221  0.24912653157368816  0.25990196104561691
  0.27050130407848882  0.28105413097383436  0.29152384872456583  0.30186465958468350
  0.31216189158881902  0.32268031522683949  0.33327574430124923  0.34372034397803380
  0.35408853114013816  0.36441487696796232  0.37462228139432296  0.38487345172317938
  0.39533272774146427  0.40609204769665802  0.41690722250535561  0.42757052851785393
  0.43811151717512170  0.44851859500665059  0.45886215228263866  0.46916099486532564
  0.47948521103693936  0.48990503145356046  0.50039109418256034  0.51088908701489189
  0.52131113652890404  0.53172065786018330  0.54215653163135791  0.55256387449696309
  0.56289717322249089  0.57320709534167325  0.58359641891623804  0.59408772001576871
  0.60463687504906816  0.61510391869122871  0.62544928762721730  0.63566649694033051
  0.64581665341021732  0.65605380588477014  0.66645260540742746  0.67694076712725171
  0.68732521874385777  0.69758344449842735  0.70788244313418314  0.71828099806824197
  0.72863544627791577  0.73882384384688060  0.74894528795892734  0.75915926412513790
  0.76946500291115139  0.77978174053771121  0.79011840629012409  0.80052683225839583
  0.81097887654557799  0.82139407591396929  0.83175042599673321  0.84204462565881266
  0.85226200029649690  0.86234281531448054  0.87230708512971211  0.88220800261029875
  0.89205646078710621  0.90190442771476942  0.91172890934131212  0.92159209282957166
  0.93146072753166986  0.94124926126896657  0.95081263050687315  0.96009374405141945
  0.96899350572002074  0.97757650611979752  0.98565302643066199  1.00000000000000000
  0.00223951385557407  0.01674967310998984  0.03067994537502798  0.04320733489225439
  0.05491253799888759  0.06648095850043184  0.07763323066311630  0.08886945418331937
  0.10007746276083158  0.11118165390388544  0.12217233439897204  0.13315028013120447
  0.14414700255276089  0.15486552016506214  0.16546431791502011  0.17614907986514475
  0.18691019368719783  0.19766125011084043  0.20841944294171677  0.21922889459309958
  0.22997009444345470  0.24060167291802184  0.25124934201086202  0.26192164984521715
  0.27262384765896136  0.28330240291315106  0.29401348725705395  0.30471124801217264
  0.31543204539154857  0.32612657706014675  0.33678709216983027  0.34742153897727102
  0.35805923513321875  0.36865164772493242  0.37927351947822985  0.38993918548160333
  0.40053485267841227  0.41109848497287216  0.42158574803412990  0.43200758857921645
  0.44220564546004448  0.45234871804180093  0.46269383668064562  0.47315125088383730
  0.48355085254880442  0.49390957310863798  0.50434836555373608  0.51495311975784319
  0.52556817623953145  0.53610706125059160  0.54666096760631722  0.55725964595701027
  0.56785743594343918  0.57833827685290862  0.58880614622308147  0.59928708130695707
  0.60978662228873948  0.62035489728491222  0.63101858289612678  0.64184363711637971
  0.65262693089882873  0.66332026140528266  0.67391577788321744  0.68439885797268585
  0.69480566551131084  0.70513576545901424  0.71546579247453457  0.72568287817851740
  0.73593486145563691  0.74632661799008271  0.75681811427177825  0.76732095916452814
  0.77769797845304522  0.78804171009156754  0.79835468029275658  0.80862494501466642
  0.81886105319957481  0.82908656337336251  0.83932800148398257  0.84950538365545725
  0.85962528502954894  0.86961910981582091  0.87955051173841059  0.88960540867992388
  0.89973532540725543  0.90987565448378838  0.91986091929305280  0.92973551642386099
  0.93956493003933783  0.94918617933602401  0.95853270963076276  0.96766710940287637
  0.97644641305761093  0.98472829740354795  0.99355545590172079  1.00000000000000000
  0.00767643126133676  0.00886254126389738  0.00973887582937828  0.01069506632473983
  0.01173850357357791  0.01287489477639260  0.01409816649598411  0.01535203522066455
  0.01656475649371235  0.01780861055067946  0.01906584437352189  0.02036189000699772
  0.02167668771513967  0.02297413401886434  0.02423826477215444  0.02541301905170054
  0.02644570134166096  0.02745482858626521  0.02858582334746067  0.02980869374519161
  0.03106369752294818  0.03234248940947027  0.03365702372744545  0.03500789660169534
  0.03639060532532927  0.03780572282119620  0.03924825874431268  0.04072367094625173
  0.04224657793175313  0.04381845369076484  0.04543031763922768  0.04708235467863266
  0.04878165133634128  0.05052880018518798  0.05232957931729297  0.05420404013374427
  0.05617843799310700  0.05825073267537284  0.06038934526279130  0.06255851142800081
  0.06477218150394665  0.06707304969985887  0.06947349794915213  0.07194564772468265
  0.07447296836256098  0.07708257635060628  0.07981009918209434  0.08268111203245310
  0.08567440900657297  0.08878140575340267  0.09200015278196719  0.09534896972792241
  0.09882999850064668  0.10243873212968695  0.10618826574749129  0.11010145589041348
  0.11419229382878461  0.11846336302420846  0.12293021023454818  0.12759899501101468
  0.13248210659917531  0.13757419038100224  0.14290595829049102  0.14847669748666315
  0.15431515061023801  0.16045607290893088  0.16695379825293574  0.17381533480053432
  0.18103663488704108  0.18856431954243560  0.19641795908873599  0.20468158070402304
  0.21349931537958020  0.22293172754281454  0.23290677085032727  0.24347795284239745
  0.25464317336748638  0.26654169400115324  0.27928833121268837  0.29292345003843939
  0.30747250949345101  0.32317282784029944  0.34025989550361180  0.35880199574789717
  0.37875717411156212  0.40030119409771686  0.42419705237113170  0.45092049534047529
  0.48086373532664345  0.51478567267337205  0.55419948390185514  0.60127718396720264
  0.66186622238610493  0.75645739409771440  0.85624022680594125  1.00000000000000000
 -0.00100631641372842  0.00388786741456330  0.00911090781644963  0.01423502749908599
  0.01941066913640630  0.02467378255830654  0.02999654718755433  0.03538207128640903
  0.04084818993200508  0.04634878227150047  0.05185703764923339  0.05740435277839376
  0.06303812982739405  0.06875680991350509  0.07452607445356248  0.08027763778604959
  0.08602111791179273  0.09178709459387438  0.09760870748785695  0.10351550415455149
  0.10947902370031211  0.11548114980473936  0.12149776526415917  0.12751121257515804
  0.13358653976603302  0.13974593958031178  0.14597965366399410  0.15229344137916356
  0.15864200336686424  0.16504711083855217  0.17149961719904969  0.17797750241694468
  0.18449747540131073  0.19110899073210130  0.19788533245679432  0.20474032822357516
  0.21157230309503103  0.21837861203400930  0.22527320535453738  0.23223411565026250
  0.23923990281438046  0.24630659007555683  0.25336200204945492  0.26046641325052539
  0.26773437697611385  0.27505273064076341  0.28247716411914103  0.28998084975822874
  0.29753077725136212  0.30510046107979466  0.31277329083187666  0.32067401698518472
  0.32871937930366674  0.33681039785740219  0.34497715116142302  0.35329194743824544
  0.36183053876319321  0.37050847926090102  0.37924999485652167  0.38807948949896143
  0.39702709500221411  0.40614233608009498  0.41543677374124344  0.42491962638929753
  0.43452653296652377  0.44426977785286181  0.45417818786758563  0.46428335782362096
  0.47456351209914660  0.48505348181792651  0.49577453454958348  0.50671139915800634
  0.51787289198639963  0.52930617714876838  0.54089548223160311  0.55259147496899075
  0.56483346820990121  0.57771187003996483  0.59084633790299745  0.60426504498823774
  0.61827086647983487  0.63281437241279981  0.64784457276030505  0.66333395886272006
  0.67952939866688233  0.69642375235852449  0.71424288492996213  0.73324858985243058
  0.75339395266598841  0.77494626591691518  0.79831462656092467  0.82392382659848518
  0.85316276659404178  0.88786041614145439  0.93322747980638698  1.00000000000000000
 -0.00243257006168844  0.00949346899588734  0.01924721951388573  0.03018778147509126
  0.04031512484337263  0.05115401489353173  0.06166800081640406  0.07241432629822829
  0.08296282717049749  0.09348213106666636  0.10394231707729809  0.11441279825042236
  0.12475969257601945  0.13534270465625828  0.14571369471275011  0.15627422534956009
  0.16668572563443645  0.17762984737863505  0.18830589148752314  0.19876589516177781
  0.20907289165755616  0.21952407113635100  0.22987076308211582  0.24015745675015027
  0.25028986548095400  0.26122876161550873  0.27212655056648377  0.28264139101984098
  0.29315076123452494  0.30365965258868904  0.31447995689758212  0.32558429519764542
  0.33632404834841179  0.34675649282970950  0.35725674229776416  0.36784930678743288
  0.37849744550217329  0.38894981390443584  0.39948541118089792  0.41034389636328122
  0.42114160826843861  0.43194798244468502  0.44268111351686051  0.45321257945203469
  0.46371470974137569  0.47454633889971071  0.48510224293677151  0.49574961601802159
  0.50624696633183286  0.51689050349793930  0.52743507891698982  0.53797430749128705
  0.54839716727341470  0.55889350786042014  0.56944914151186543  0.57985460176399584
  0.59023574516553545  0.60052181158638918  0.61092315158539823  0.62149735107032189
  0.63203577989011073  0.64280616919796185  0.65329314074578559  0.66366466950639824
  0.67401808324989709  0.68447211134744612  0.69507229418480554  0.70552038576937315
  0.71598557539989027  0.72647025945279109  0.73692164300991825  0.74745053714056453
  0.75808896915840829  0.76855098728108528  0.77901471988540083  0.78952753640230089
  0.80003071809428028  0.81059886130921632  0.82114960274580373  0.83177985460072257
  0.84257583960181437  0.85349567123390391  0.86371296979454570  0.87402800955804749
  0.88440316901935678  0.89496692663801858  0.90537077765754426  0.91559193006979200
  0.92601387479083475  0.93658867406521940  0.94698459483987107  0.95743676783403453
  0.96810609919982216  0.97896113689460273  0.98953929910510663  1.00000000000000000
 -0.01426127879660611  0.06406952501741142  0.11018431423654193  0.14530754253044634
  0.17511062955649770  0.20112039165923759  0.22436076469466579  0.24566889326557667
  0.26546207780565634  0.28391864262737049  0.30163969066842250  0.31871139150712213
  0.33508083677466233  0.35089638881676827  0.36602777292014194  0.38052786857518361
  0.39458049928219185  0.40824143149585029  0.42142583903749059  0.43376031694725797
  0.44564280353904162  0.45721730864729399  0.46854276579508403  0.47952621066709061
  0.49043855006041226  0.50121835655771207  0.51185271040310876  0.52232059325116520
  0.53267554885525370  0.54280449356974614  0.55270058843823899  0.56241580671384883
  0.57199656618890982  0.58146894258023540  0.59083863354037247  0.60008336961880215
  0.60915294817856014  0.61805567762756086  0.62682605035166028  0.63548362938719116
  0.64399488085815759  0.65234206540410888  0.66052347697829128  0.66853900130225163
  0.67641909193459604  0.68418141857837411  0.69188173087921667  0.69956943823580253
  0.70723596269840838  0.71483068080879786  0.72231710455940290  0.72976504265911724
  0.73715880474580386  0.74443121778917098  0.75158786132884936  0.75861246458561515
  0.76549180629317815  0.77229068511391374  0.77903633966919705  0.78573702553205782
  0.79243377694300543  0.79913293010011466  0.80580169969826065  0.81238479182211676
  0.81887511582177541  0.82523667795538103  0.83154108312835640  0.83778692001933075
  0.84404234607328399  0.85034056808229930  0.85664048220790634  0.86287114270341614
  0.86902824790320887  0.87514764362162856  0.88127002559199141  0.88736799961331847
  0.89341980198145099  0.89942804332464588  0.90537329473629735  0.91126066360603220
  0.91709897366649251  0.92288029738225685  0.92862848144189947  0.93434305641253956
  0.94000622421018298  0.94563512305049202  0.95123217871374888  0.95678274738995561
  0.96231286287703299  0.96780397899895343  0.97327014929976208  0.97869126556436215
  0.98407331768323780  0.98941702064456938  0.99469343371829677  1.00000000000000000
 -0.00228001245770740  0.00903661863186746  0.01889933309582127  0.02940634663189812
  0.03970951475762027  0.05040144369385850  0.06098596072626299  0.07159531494149347
  0.08229472333050224  0.09273830812261954  0.10326334747916890  0.11348549828440790
  0.12402496656999602  0.13429399288120430  0.14449569481082700  0.15500379434824008
  0.16546262286907717  0.17597296754806982  0.18635996208870867  0.19699022268592109
  0.20768270017425644  0.21829989487611487  0.22898531230306102  0.23971618869356889
  0.25050388881152319  0.26132942064149911  0.27204661370936117  0.28249647439053432
  0.29292351997270943  0.30325867291848219  0.31368582348324603  0.32394663821929276
  0.33442273767536951  0.34519653617942170  0.35600823630272244  0.36660367624751061
  0.37720956998197597  0.38791313522081983  0.39868437886150626  0.40944389946878917
  0.42007913377950190  0.43063793079108875  0.44107945747505595  0.45173059419135653
  0.46228042115885526  0.47294483077966970  0.48344488511974321  0.49422175542383734
  0.50481647458949308  0.51536941357463106  0.52593351154996648  0.53630962128759097
  0.54693761877707914  0.55735983156851088  0.56820471668409411  0.57907303010888622
  0.58963949459669762  0.60013590023942742  0.61053188464344565  0.62112821266315588
  0.63166967763892201  0.64207114042389479  0.65258189054907567  0.66318454938596605
  0.67391681914396451  0.68455324845101628  0.69508791027768968  0.70561177337381753
  0.71614316969894587  0.72675618711992451  0.73736338198403573  0.74807467292505569
  0.75867036586893122  0.76927820486109699  0.77979916115318415  0.79042766826281829
  0.80114326798600188  0.81165742141950648  0.82211672306846295  0.83251890572870113
  0.84298886698055975  0.85345394379666395  0.86396109771076768  0.87446771879072482
  0.88488420385307454  0.89521659096110229  0.90572876754423914  0.91611909654749701
  0.92628707453551618  0.93656300761537670  0.94695634763406089  0.95729493272032540
  0.96784088878952179  0.97813396306212164  0.98912997342521869  1.00000000000000000
 -0.00223377207296368  0.00888583863819532  0.01874126016300257  0.02943817185531240
  0.04018729677171338  0.05088297364091286  0.06150785515420017  0.07215578843741964
  0.08286460615762117  0.09361325112305426  0.10428166067663974  0.11485132526456898
  0.12546222823915631  0.13618772396261708  0.14690351432891355  0.15758577593106651
  0.16819662834977966  0.17889014266362901  0.18954827067370600  0.20029670798644003
  0.21092997034053179  0.22140799164465502  0.23183874502438126  0.24229130298376969
  0.25275050011551436  0.26312916251119656  0.27354600653358907  0.28396421986248016
  0.29440010428533420  0.30487347449223690  0.31528922644348945  0.32549294499431686
  0.33581557486011404  0.34622613648863132  0.35692456580174736  0.36749813662656555
  0.37804961122149022  0.38873380470669394  0.39935394525013940  0.40991514025007919
  0.42044058729376099  0.43119910936715006  0.44156585695871986  0.45178309174063519
  0.46193537290247161  0.47223509868553837  0.48263598203799291  0.49301477709123909
  0.50336681012649986  0.51398388918027549  0.52472299092368746  0.53548608960604394
  0.54632327299393135  0.55711961700744672  0.56780789221042915  0.57852391029921424
  0.58907456555402427  0.59981977481546100  0.61050154587048855  0.62128699044349589
  0.63170361118420137  0.64207816879879653  0.65269744271353081  0.66304950719921418
  0.67347965464589632  0.68328627578191581  0.69376196950972147  0.70426626164080475
  0.71501427106866944  0.72572357754343408  0.73630390322954353  0.74690082504559774
  0.75757275667620894  0.76814011599175391  0.77872522033489622  0.78954896974869193
  0.80019874636136723  0.81097843954750426  0.82133113931324320  0.83166394311830605
  0.84190187733125443  0.85220105570049443  0.86263376026062055  0.87314974581355209
  0.88360539361311108  0.89423707850833412  0.90468734263366746  0.91494204354501130
  0.92517511194283730  0.93587823695521810  0.94645059684536692  0.95741745843087800
  0.96814894493519799  0.97907512025292387  0.98963570124515909  1.00000000000000000
   6.6559399214078418E-008  -1.0000000000000000     
 F F F F F F F F F F F F F F F F F F F F F F F F F F F F F F F F F F F F F F F F F F F F F F F F F F F F F F F F F F F F F F F F F F F F F F F F F F F F F F F F F F F F F F F F F F F F F F F F F F F F F F F F F F F F F F F F F F F F F F F F F F F F F F F F
  <DiscreteSampler_grid>
  grouped_processes
  1 # 1 for a reference and 2 for a running grid.
  10 # Attribute 'min_bin_probing_points' of the grid.
  1 # Attribute 'grid_mode' of the grid. 1=='default',2=='initialization'
  0.0000000000000000 # Attribute 'small_contrib_threshold' of the grid.
  0.5000000000000000 # Attribute 'damping_power' of the grid.
 # binID   n_entries weight   weight_sqr   abs_weight
    10   10   1.200443633464841E+004   5.428120669770262E+008   1.200443633464841E+004
  </DiscreteSampler_grid>
