  0.00222831125487614  0.01676265218265041  0.03038437179018794  0.04226117162697489
  0.05406441302750797  0.06569690414869980  0.07709087305805225  0.08825125326498982
  0.09943524673671825  0.11054724622527747  0.12164483100993678  0.13264565300726056
  0.14358897191175082  0.15457397153777794  0.16549875788199733  0.17635791175772922
  0.18715696978738544  0.19794782930563576  0.20873628452144552  0.21953793281879724
  0.23034026842558838  0.24102659343862537  0.25162964940295013  0.26227556367321758
  0.27296201010408516  0.28366869571889392  0.29439445649308926  0.30510087748732945
  0.31577441064471040  0.32638013505049202  0.33701658321857009  0.34761449753951973
  0.35820284383914941  0.36875168418357523  0.37928094647065053  0.38976139491831752
  0.40032351814565059  0.41092485709237764  0.42150741691055643  0.43201977160038801
  0.44257875662068341  0.45319428320107935  0.46378992077793330  0.47434149683383803
  0.48489643544863537  0.49550982805606658  0.50610596444771871  0.51664875255648379
  0.52711230970610456  0.53758725930962581  0.54811236193567336  0.55869542936233496
  0.56929186714272562  0.57990466665796225  0.59048340651512254  0.60105138244689105
  0.61158620613077785  0.62208072005902137  0.63247420080514338  0.64284770516976319
  0.65328989669719961  0.66304910481899182  0.67229631439175164  0.68156350584875203
  0.69113005612263056  0.70170952836774803  0.71215844146044183  0.72257872161687409
  0.73305309085729542  0.74356135323307915  0.75400678113321740  0.76442673898526481
  0.77482375285080762  0.78516541693979014  0.79549510788321010  0.80574192412204049
  0.81602828855722287  0.82630072124412679  0.83653884403355983  0.84666511804627176
  0.85674176786620826  0.86667517326512822  0.87658687891879938  0.88655684591529116
  0.89646359756140226  0.90638360639151661  0.91636090620708910  0.92630018149106408
  0.93612355132823943  0.94574220850306179  0.95517719146386348  0.96442715752977881
  0.97331092364613347  0.98149903463199195  0.98952115027758825  1.00000000000000000
  0.00290336205732285  0.01424758130067290  0.02641714877089116  0.03871816492391598
  0.05084647003218111  0.06262176460955325  0.07424060943632174  0.08568353535063600
  0.09694828858166361  0.10814628026357963  0.11933551729729736  0.13038576047717176
  0.14131171072744078  0.15227833198448446  0.16323221665811785  0.17406728528932652
  0.18482578682612383  0.19568625300946813  0.20666111064279150  0.21761720266017351
  0.22852875574544512  0.23937145010865221  0.25021952571232259  0.26107506936535946
  0.27184688221660330  0.28255672760574985  0.29318520099472684  0.30383347572497227
  0.31453860351861557  0.32528311802012233  0.33604063250242322  0.34674798181727051
  0.35740759188342747  0.36810216843045734  0.37883288693160366  0.38953936621831597
  0.40011699674226869  0.41059837888914025  0.42112836002911863  0.43172420588993199
  0.44233362771681128  0.45298975714667500  0.46370834962516533  0.47442501168847273
  0.48502761414719364  0.49559420282871985  0.50617903834973010  0.51680222755315830
  0.52743215754768236  0.53802448658139823  0.54854725015831141  0.55905083555555768
  0.56967584439477292  0.58033294805781788  0.59098337808314305  0.60159691639811164
  0.61223876681662737  0.62297663075810950  0.63366152849036073  0.64437022860815407
  0.65479822754268813  0.66511264695172012  0.67547563066482019  0.68589752180575325
  0.69635590387702850  0.70676562066584969  0.71727161063191169  0.72781204224547646
  0.73820926303612944  0.74854882317799976  0.75907343455194143  0.76968846387542666
  0.78015103145633358  0.79033522721675253  0.80064942395098559  0.81093063184403902
  0.82105887172711933  0.83106450291903056  0.84111841935436460  0.85135989607758056
  0.86152640443993245  0.87162579989215905  0.88165578294291191  0.89178507470099633
  0.90197427925742890  0.91221210223558036  0.92235284825642627  0.93236868589870503
  0.94224225437731124  0.95192689809913378  0.96134756126723298  0.97042364068757392
  0.97900502465128669  0.98701266071034566  0.99328826290860128  1.00000000000000000
  0.00513637711160923  0.00593501151550965  0.00657659215112759  0.00715672292404087
  0.00771561018405401  0.00818977658690946  0.00860520618585314  0.00902436145922255
  0.00941268586476506  0.01028630505471780  0.01139440744321301  0.01252470845899013
  0.01367276072148568  0.01485089044788969  0.01605975997471014  0.01726747190363245
  0.01848148656936364  0.01971243392803031  0.02098830168285516  0.02232149372711562
  0.02370362857276245  0.02506610047358616  0.02622189192848789  0.02731363523639322
  0.02853931544675790  0.02984197646968072  0.03117267601074573  0.03253655795617551
  0.03393972040113076  0.03538551371080999  0.03687619591977457  0.03840952809522093
  0.03998796473096558  0.04161831406789218  0.04330590332758089  0.04505994570177242
  0.04687974629797344  0.04875070813692937  0.05067328026849105  0.05266851383581534
  0.05473877283146854  0.05688405393596786  0.05910016358326490  0.06139211106401591
  0.06376693862847310  0.06623114532769067  0.06878139230387145  0.07142856060723438
  0.07418476524306590  0.07707275781244907  0.08007058243112623  0.08319823706072581
  0.08647452163809782  0.08991255525889957  0.09349442680805939  0.09721472985248450
  0.10108174625387156  0.10515172080182593  0.10938305733857286  0.11376910147401313
  0.11835317821800231  0.12318358514659622  0.12823716438616128  0.13353808049369531
  0.13911857260699145  0.14503253305745772  0.15127670896447773  0.15781706466288956
  0.16467199963699158  0.17188392174253142  0.17954858226866385  0.18769002937999052
  0.19628338609179224  0.20537289095760536  0.21509315294398179  0.22546933424065152
  0.23656134576348406  0.24843278638453004  0.26111216891396077  0.27463672091668306
  0.28912299231841465  0.30487325287517131  0.32214388752840861  0.34094836588216582
  0.36138959356842093  0.38374173193467254  0.40838978752479593  0.43588193236629152
  0.46685025299874389  0.50270533822976993  0.54510693850834280  0.59633884988724561
  0.66373599484216206  0.77035449457283556  0.90703115658079081  1.00000000000000000
 -0.00105060964237677  0.00404083687350918  0.00934978428996056  0.01460006713912092
  0.01989229122264744  0.02521330434213385  0.03053051262636380  0.03582893977119914
  0.04113701365861164  0.04648529325061850  0.05188758076113886  0.05736367965306169
  0.06288212822282227  0.06843736661891664  0.07402071024297292  0.07965836016437174
  0.08535578233946227  0.09116463179498571  0.09669211530923914  0.10200339336999095
  0.10732847494951001  0.11272926276959075  0.11865275725975541  0.12470305516665593
  0.13074947923380978  0.13682267270165935  0.14289537008299247  0.14903414412495170
  0.15522622889399390  0.16146832243549797  0.16778989042625386  0.17419010188790715
  0.18064787915044261  0.18717687134911473  0.19373835773426668  0.20034028103490795
  0.20696112718524862  0.21363603493424438  0.22038672299203205  0.22720825103034853
  0.23410991000722231  0.24105254029329393  0.24805745216534128  0.25514973088635462
  0.26237336681334045  0.26972600029766441  0.27714757046230193  0.28462253201483972
  0.29214245984391707  0.29971470278904194  0.30736819128685727  0.31511683482220026
  0.32295502458684322  0.33091248861039430  0.33901678034113403  0.34725389121104305
  0.35561551829611715  0.36413563757252104  0.37283336207289142  0.38164175403662581
  0.39054826388526986  0.39958466680460869  0.40880160990657305  0.41820565143574623
  0.42774574077896921  0.43747161011394209  0.44739791573270749  0.45750372856862143
  0.46775919513146619  0.47816995605855417  0.48881156074279614  0.49967962175307812
  0.51074605040243892  0.52202480967098086  0.53352566121770795  0.54537304333055481
  0.55747999864586562  0.56988529295763501  0.58276864950512020  0.59615376891379834
  0.61007704897719950  0.62443912876463947  0.63939782959768054  0.65498241975126237
  0.67125946693189165  0.68832279761296578  0.70618996151516766  0.72495020952485811
  0.74487356056493981  0.76633727284960440  0.78992985323664544  0.81633404214732408
  0.84620816456867998  0.88133761606476535  0.92884823077138456  1.00000000000000000
 -0.00226323220311984  0.00913662684035220  0.01874984848805845  0.02962647397666358
  0.03991018490373664  0.05057885962360385  0.06080601283253933  0.07145098828471604
  0.08193941007203115  0.09248319035458644  0.10304994642431953  0.11360476192814037
  0.12420690103486687  0.13476556872194695  0.14533858279741177  0.15600630796241263
  0.16672439387991247  0.17738574447556574  0.18792152530682454  0.19846765953939494
  0.20898245307463945  0.21961937016662339  0.23014250452573567  0.24069531970869018
  0.25008907691260379  0.25963980760590011  0.26921565980549284  0.27957079779559535
  0.29029523657328560  0.30100925999272282  0.31175359550358922  0.32251844809118180
  0.33320324973274895  0.34382459932122161  0.35439167870855748  0.36494498315688689
  0.37545573134459087  0.38587941767601619  0.39634419821968658  0.40692173415096206
  0.41751675704522168  0.42816587209726936  0.43892971066507852  0.44973123447790886
  0.46038808283016847  0.47093111412649835  0.48146260242262118  0.49219871784933383
  0.50279200426313686  0.51325334870760253  0.52371890632339313  0.53413142266877278
  0.54447954210603333  0.55487171182800665  0.56530101560773582  0.57594454775261583
  0.58650133549102301  0.59708077860308573  0.60761246814616998  0.61809422314744422
  0.62863428697494872  0.63920902451896167  0.64982801125084633  0.66028192082750692
  0.67076075183696138  0.68143503563850760  0.69203021425569167  0.70252078145469299
  0.71297237942307023  0.72360923864074445  0.73424188264180767  0.74498111492924624
  0.75559750001443193  0.76595146693113403  0.77653831269500162  0.78717579810969551
  0.79781473219238319  0.80821428824551234  0.81869397090775275  0.82939081546623783
  0.83998021731143535  0.85059417704152729  0.86126893900871648  0.87188419334580558
  0.88255582701200919  0.89314398909655390  0.90376591077183432  0.91436376602146885
  0.92506031919460541  0.93574018141013138  0.94641277291219161  0.95735677279529230
  0.96807467767818889  0.97889906322306763  0.98938915336410449  1.00000000000000000
 -0.01561990056505897  0.06734688382237264  0.11457929817590329  0.15081669420923152
  0.18118121679892574  0.20777413335667541  0.23163744703502573  0.25352580077049730
  0.27388220947980796  0.29298465522914446  0.31103981518687646  0.32747303384133047
  0.34193132239933971  0.35565371533609613  0.36924328656965399  0.38350628708015871
  0.39771047316723446  0.41136261990442080  0.42454762810554020  0.43724885720101536
  0.44945779165128208  0.46139828019606649  0.47305530259457484  0.48441750043954912
  0.49558035608856693  0.50655732455950897  0.51728397926350023  0.52777425768079311
  0.53812329534562298  0.54830035509768438  0.55823766881388426  0.56788712085957604
  0.57731029823861268  0.58659258491755129  0.59574104446134868  0.60475863961906484
  0.61358167974242772  0.62227308092960099  0.63092435669560687  0.63951162248386439
  0.64796276709259415  0.65626087785088616  0.66441932200051801  0.67249529954282183
  0.68051302673215097  0.68846551733267147  0.69633115980930926  0.70409594802523756
  0.71175888028199974  0.71936531556174144  0.72686891658342767  0.73422213816113646
  0.74147253964528637  0.74866894670713457  0.75580681134523020  0.76285614375688837
  0.76983495729153228  0.77677554420866246  0.78365224515169385  0.79044466105278455
  0.79717824526796410  0.80386614322109573  0.81050121902683969  0.81708532743360052
  0.82361740901436598  0.83007246463164530  0.83641542211666964  0.84263854701684160
  0.84879143418796965  0.85490263457334736  0.86095126287963741  0.86696760564151099
  0.87294571691014844  0.87884780770182080  0.88467162046307435  0.89043323939840302
  0.89618141039720500  0.90194389338950798  0.90771647065592764  0.91346542378145212
  0.91916632306934865  0.92481412088199055  0.93039478074541571  0.93592448539486173
  0.94145689380866138  0.94700869031632806  0.95251632142077625  0.95797168600941152
  0.96336621980640669  0.96869976897169729  0.97399778652887237  0.97923807344261682
  0.98446036805276360  0.98965475230884670  0.99486404593177769  1.00000000000000000
 -0.00235716548706201  0.00915484189257216  0.01956186688214273  0.02995954961064212
  0.04047127323690303  0.05086131674294906  0.06136951445157780  0.07186962455699050
  0.08228533051211583  0.09274806447212290  0.10339449711066748  0.11392417042449289
  0.12451201696301457  0.13514740110830362  0.14581826744705365  0.15648059665254735
  0.16721233512183153  0.17774947371656111  0.18833958339271936  0.19881897537081841
  0.20936340182396959  0.21992534606317921  0.23063680767047640  0.24129776067475930
  0.25186047919338950  0.26228889316521425  0.27285902358752306  0.28350863388618613
  0.29414823621726560  0.30473752985851188  0.31535011357077464  0.32583209991156986
  0.33629382556198684  0.34684049721346882  0.35740740402535637  0.36787942383225758
  0.37833054811825689  0.38872660026688199  0.39930900430105321  0.40991529875936211
  0.42055961839996364  0.43105102388208738  0.44141336124855429  0.45199914125555574
  0.46271302360681404  0.47350832365889833  0.48414964183556541  0.49463523623843786
  0.50519591729867586  0.51580925217902884  0.52648839760913546  0.53711671265120176
  0.54771709317119388  0.55839566674587815  0.56912660157249306  0.57978753746125544
  0.59040627825602865  0.60112606055259499  0.61179939522688331  0.62241346082721094
  0.63295219693550686  0.64342615271155579  0.65395178766492745  0.66446591572244385
  0.67505917177047070  0.68570489716130345  0.69634070418015348  0.70705949974315263
  0.71782924694800443  0.72854998358608991  0.73921044572633521  0.74985591129375240
  0.76055752518253117  0.77127778384888268  0.78183026628338903  0.79225163266022836
  0.80265152049775867  0.81270842310959845  0.82209830299745523  0.83154543800531833
  0.84088988301277912  0.85162971530188447  0.86239791891502515  0.87330085284604686
  0.88407836263197859  0.89472724117344993  0.90518050064578293  0.91568609654998101
  0.92627906694184281  0.93680583970401576  0.94731103799262606  0.95778742514521631
  0.96843608572844542  0.97893481307595798  0.98959114103909462  1.00000000000000000
 -0.00221623889725955  0.00885715681800052  0.01915763481530399  0.02986740253464207
  0.04058201169861331  0.05115470211507410  0.06176864951080625  0.07248441519584248
  0.08320107856519009  0.09393807453858616  0.10461381210698625  0.11477643606547466
  0.12527329427465991  0.13546865945419478  0.14598859378635273  0.15630894499862188
  0.16674628905525554  0.17728479663025973  0.18793779563197702  0.19843922023637289
  0.20906259307254257  0.21959923767518424  0.23033164130532049  0.24108499791238164
  0.25172060403879659  0.26221443994969290  0.27249768117244155  0.28291659541599462
  0.29337426684400592  0.30397048740826627  0.31449340588391622  0.32507059273276800
  0.33558369224220436  0.34613438790972850  0.35667746042627479  0.36732034817590242
  0.37790944308206603  0.38845350354096653  0.39898566689640985  0.40964181977530978
  0.42024576306961769  0.43084614971971041  0.44137082117184673  0.45193268746764326
  0.46256540306538818  0.47322993414201109  0.48394239183371379  0.49456176821852810
  0.50511845320690885  0.51564788949549667  0.52623461994111165  0.53689707000684139
  0.54756320589385277  0.55821748145983741  0.56885315873621367  0.57935252244987434
  0.58979558065279913  0.60028191461670877  0.61081425315480198  0.62140762876468936
  0.63198405371861521  0.64257991487622601  0.65306578251873793  0.66357608372383869
  0.67415879515840105  0.68482069894817166  0.69546690688636170  0.70611742444586412
  0.71684251025802881  0.72754062929839969  0.73819675945033736  0.74886138538368630
  0.75958924833184027  0.77034868941482826  0.78102608043484634  0.79169959502226106
  0.80176073922167179  0.81100330747683658  0.82029985771108183  0.82952538760862604
  0.84018497088824207  0.85078060540987366  0.86133604985654133  0.87200692404641378
  0.88259119005770692  0.89337205545066167  0.90397600167785019  0.91464090037253098
  0.92523763627693012  0.93588825073819115  0.94651730413656177  0.95723644059978452
  0.96790382410299469  0.97852754813948573  0.98938027879262036  1.00000000000000000
   3.3277427532233160E-008  -1.0000000000000000     
 F F F F F F F F F F F F F F F F F F F F F F F F F F F F F F F F F F F F F F F F F F F F F F F F F F F F F F F F F F F F F F F F F F F F F F F F F F F F F F F F F F F F F F F F F F F F F F F F F F F F F F F F F F F F F F F F F F F F F F F F F F F F F F F F
  <DiscreteSampler_grid>
  grouped_processes
  1 # 1 for a reference and 2 for a running grid.
  10 # Attribute 'min_bin_probing_points' of the grid.
  1 # Attribute 'grid_mode' of the grid. 1=='default',2=='initialization'
  0.0000000000000000 # Attribute 'small_contrib_threshold' of the grid.
  0.5000000000000000 # Attribute 'damping_power' of the grid.
 # binID   n_entries weight   weight_sqr   abs_weight
    10   10   1.318245164167101E+005   1.478953841074033E+011   1.318245164167101E+005
  </DiscreteSampler_grid>
