  0.00240455348377312  0.01611850216496106  0.02975722343290978  0.04170878727878978
  0.05327832155658759  0.06455099632234239  0.07571347536996301  0.08690036953041319
  0.09801906910671587  0.10907327286217408  0.12002435475910173  0.13107763490960297
  0.14219143542136928  0.15340546042635791  0.16445222706632570  0.17539496453902814
  0.18620281260619306  0.19689019353073323  0.20734889906801512  0.21787974991250825
  0.22840352411416531  0.23901258347123033  0.24957544739144621  0.26014295517970587
  0.27069098870870012  0.28115574811314076  0.29158768837781301  0.30219148091434073
  0.31285247933549731  0.32340480860595189  0.33387276233475144  0.34425681738499636
  0.35461897914473250  0.36502067337018768  0.37563168380446676  0.38643462227146358
  0.39721542388065051  0.40787680484669986  0.41846300161400474  0.42890268055895941
  0.43931564216299002  0.44972233891327612  0.46022425432252234  0.47077965205772115
  0.48127663043841185  0.49174865326059636  0.50223738482383029  0.51274736299595847
  0.52326331740844934  0.53371452398757346  0.54416845928734947  0.55460851166812675
  0.56509644356553357  0.57563921911477178  0.58620757969787718  0.59670051067136765
  0.60704963024720127  0.61724823805990547  0.62734194447005376  0.63736293820703482
  0.64746485597916792  0.65767784508035376  0.66796051702878556  0.67828783531075854
  0.68867850411924647  0.69909024698978317  0.70948602750483170  0.71983465491501464
  0.73018263373480996  0.74053496775423866  0.75089770782752552  0.76125729769921791
  0.77154571469744859  0.78180273554632851  0.79204844751390513  0.80233195078798758
  0.81264571426548116  0.82296229550066302  0.83325179773886826  0.84348702670609488
  0.85371031128657704  0.86389927172179382  0.87407363048404241  0.88423285793281170
  0.89432894213613723  0.90436777678679137  0.91428228268224787  0.92415571606381797
  0.93390936956889259  0.94350332346674204  0.95297307298969292  0.96224762901097904
  0.97128856867414104  0.97968980661549199  0.98779856081830275  1.00000000000000000
  0.00240866557398059  0.01623110208695005  0.02977220591456056  0.04168771381925827
  0.05336563633720402  0.06468115935944210  0.07579357488603579  0.08676602716755770
  0.09773543936473861  0.10870023558844806  0.11972434614147300  0.13068163641850247
  0.14153728602219190  0.15226122360014976  0.16290149880502844  0.17353609851364271
  0.18430015738761465  0.19517115685912190  0.20608927460705825  0.21697329476002397
  0.22780775287285379  0.23854092260282331  0.24923360016697590  0.25992684963188206
  0.27060406586463531  0.28118273379406339  0.29176012688008235  0.30232596823539210
  0.31294597393302503  0.32352378527085446  0.33417197618458439  0.34480954601312575
  0.35539682762263652  0.36591277159574742  0.37645655296657976  0.38700977076765003
  0.39748172189067321  0.40787540553474977  0.41833185484038932  0.42896559037617621
  0.43959040223373597  0.44995551208840251  0.46033359148598835  0.47082670049283354
  0.48132702278553857  0.49173974424900124  0.50211938547207469  0.51254533309839334
  0.52294506435846799  0.53334801783069530  0.54371752836530685  0.55400835890618927
  0.56432401366894136  0.57477337553683883  0.58531311835371080  0.59580393949867505
  0.60626535896503375  0.61672017573861637  0.62717508634684482  0.63760676432107921
  0.64805977970192019  0.65857518877768073  0.66916992306681611  0.67973291315325091
  0.69018559546212610  0.70053159961313227  0.71089138078453684  0.72128486191763319
  0.73163385703478667  0.74186132213563249  0.75204008095935126  0.76226635444621682
  0.77248384401769521  0.78266472080974170  0.79284295733053167  0.80311169539256078
  0.81346984386370591  0.82387079482683390  0.83425695420315971  0.84462211011867760
  0.85490686466115740  0.86510255815922033  0.87520931452573492  0.88515282626489655
  0.89495539030044502  0.90471727721841100  0.91450284454576136  0.92431588252121244
  0.93407162797961507  0.94370405854838280  0.95316982128002881  0.96242163852564877
  0.97132598184074481  0.97964801590745476  0.98806125306480097  1.00000000000000000
  0.00765960500452585  0.00927654245238717  0.01045604388885918  0.01151614836611193
  0.01261119970735611  0.01376944516248831  0.01492808896555970  0.01613314656876349
  0.01733175949551643  0.01852934853016859  0.01973565358777308  0.02097886976735858
  0.02229175741426179  0.02363199115602439  0.02490116325347265  0.02605800307442543
  0.02699497558851394  0.02805521312438864  0.02925054349696820  0.03047963172894127
  0.03173399634156310  0.03301415658210752  0.03431534089967084  0.03564349277504136
  0.03699495240823205  0.03838142717176163  0.03981564050979191  0.04130356006902557
  0.04284651993524115  0.04442472062402241  0.04604556620986262  0.04771568749282740
  0.04944684362336042  0.05123438010305773  0.05306903081084428  0.05495487389389545
  0.05690475641748747  0.05892568290073767  0.06102094284078216  0.06318669960826268
  0.06541983865657862  0.06772521954972782  0.07011275110479999  0.07259799840158160
  0.07519305977906848  0.07789480837702407  0.08069921244097164  0.08357721339813437
  0.08655232023327256  0.08964336073533169  0.09286544401012067  0.09622116065280427
  0.09970677190129090  0.10332995252867393  0.10709796962293069  0.11103418454724701
  0.11512999087175924  0.11937655366689559  0.12378540530353672  0.12838759001570968
  0.13320558220277626  0.13824462670924634  0.14357344164112534  0.14919408480301158
  0.15504601651731978  0.16116152747075005  0.16752220363609707  0.17422353142881816
  0.18131311441411288  0.18885788222211480  0.19679109753983631  0.20501695710339343
  0.21366608794537142  0.22283332923386054  0.23262972224063863  0.24312308167951782
  0.25432847362347549  0.26623958361649575  0.27888184643629266  0.29236770627050540
  0.30679435013646755  0.32241484608156901  0.33939079925675997  0.35777289661203127
  0.37768052282506548  0.39937489900253803  0.42311869017318998  0.44944532854959685
  0.47890806305376193  0.51219486046185581  0.55075476396811662  0.59717115549018096
  0.65615319806373507  0.73935552197477383  0.87011437742818076  1.00000000000000000
 -0.00102868682073763  0.00393228129941037  0.00923010935810400  0.01454105928711565
  0.01991837937606989  0.02537411936953987  0.03083460101166886  0.03631189738953428
  0.04181610675856518  0.04735400073288649  0.05293956922413012  0.05852170998859574
  0.06411158808345602  0.06974011043833640  0.07544220787209656  0.08120231116586436
  0.08698631214095615  0.09276227514977149  0.09853832717842827  0.10433486103074484
  0.11019078748157868  0.11613775891108216  0.12216130153789889  0.12822114447500668
  0.13431710286309737  0.14048047476938444  0.14670744069302552  0.15298334868131361
  0.15928080963998273  0.16564227687704977  0.17208330363837557  0.17862653915436102
  0.18522973782737340  0.19184161636677852  0.19842133027588768  0.20500822145743181
  0.21165589432390283  0.21842568899183351  0.22523347022734852  0.23211978930523414
  0.23914909446187005  0.24625965192493124  0.25354056063712432  0.26086234838169969
  0.26822710188182008  0.27562406038926546  0.28313242136687211  0.29070273627742982
  0.29835275947542239  0.30611226334004443  0.31406955142819387  0.32215770994940662
  0.33028519715915877  0.33837804118714337  0.34653274428374037  0.35484663361345653
  0.36337095332051161  0.37211680524921803  0.38102765149160667  0.39008041860348402
  0.39918479875682256  0.40840996206610947  0.41775136844603389  0.42720980537995851
  0.43672193151082672  0.44634318056925704  0.45607539935978786  0.46596092893630536
  0.47604141138786099  0.48646819115240675  0.49713477259444516  0.50800098107323743
  0.51913301558872493  0.53078325366460855  0.54268317080441575  0.55471158717076485
  0.56699298946250865  0.57962142655026772  0.59249243495350778  0.60571351218548120
  0.61964122546592237  0.63420976337184232  0.64920133036961802  0.66465508174622590
  0.68068028896911170  0.69727569750289498  0.71478393763543491  0.73367131639792105
  0.75394639313941336  0.77561507984227762  0.79885924868934544  0.82449727710474074
  0.85391890274460003  0.88852728146928472  0.93381962104224170  1.00000000000000000
 -0.00235803993873560  0.00925294756338413  0.01932951691792172  0.03020927129390067
  0.04099107588339251  0.05189402937844258  0.06242080404965799  0.07283817146129296
  0.08333078691488217  0.09410772254760763  0.10481954335186994  0.11544638933777883
  0.12616960752519535  0.13671683908544369  0.14723415371832826  0.15768368012904455
  0.16831441944371717  0.17905817199992657  0.18966332792550797  0.20041334694254662
  0.21115913427924649  0.22177833421237766  0.23242817662187135  0.24297943953078213
  0.25357192408320378  0.26416698885207129  0.27483487758178238  0.28549467180676619
  0.29601074310433090  0.30658636777027132  0.31716014510370083  0.32778439336631587
  0.33834430392079889  0.34901999417055668  0.35981415994089450  0.37057179451332267
  0.38124776366597851  0.39188515098066595  0.40260422104998334  0.41325647222400153
  0.42374301600565611  0.43408958435131140  0.44444888077362188  0.45489759057710788
  0.46534295062254288  0.47571761917131988  0.48610806842724213  0.49661102285336695
  0.50712424103471665  0.51758656680805692  0.52825130936481324  0.53887928764640136
  0.54953391998619550  0.56005978833220016  0.57049455878082200  0.58087868726994307
  0.59123946075511813  0.60163664270312223  0.61215088610328761  0.62268460522328217
  0.63335357680168036  0.64408297965209782  0.65480803211420890  0.66540391876713512
  0.67591781869184064  0.68638933831087068  0.69683397684254844  0.70734770307013639
  0.71783220923141622  0.72824773457549674  0.73866170510266116  0.74907703199313713
  0.75969123904871039  0.77031427499265293  0.78088266045531962  0.79120640207799886
  0.80149659780373783  0.81178303336867363  0.82215995407247844  0.83256422754512294
  0.84312061385694737  0.85353372644778458  0.86395087642066293  0.87421453008578776
  0.88484154171160767  0.89533332115942232  0.90578449620551305  0.91624238687563797
  0.92653292589577529  0.93700269689699756  0.94751356100651807  0.95807846496675020
  0.96863138648255542  0.97919611033560550  0.98971990585614633  1.00000000000000000
 -0.01393270753080580  0.06294964249795409  0.10890983969349960  0.14416360675183243
  0.17342481531317785  0.19924622009562895  0.22301380695024364  0.24490743245451255
  0.26496530751102437  0.28369791887001944  0.30148204493509650  0.31839494869696150
  0.33453908201745142  0.35009943193370785  0.36517248168391458  0.37956200217780045
  0.39329659536602168  0.40659372424860596  0.41958188165413102  0.43226296705201722
  0.44463830392326764  0.45676005232195555  0.46843944575662755  0.47973304188176097
  0.49075790282391374  0.50160107602516668  0.51227154973062405  0.52284780685534460
  0.53324885370451880  0.54336923576767293  0.55326172104031057  0.56309659955411628
  0.57287454033457619  0.58248073010359469  0.59178828046581600  0.60092258651174990
  0.60980047387818115  0.61854132306506615  0.62720782664361918  0.63582169875305228
  0.64432296817319723  0.65270804870875299  0.66096790148084505  0.66915928886684228
  0.67729888114804482  0.68531345974558755  0.69315865919070396  0.70084315664554908
  0.70850806578607917  0.71610640841394702  0.72359619987610257  0.73096313800217849
  0.73824080616137100  0.74546466936350686  0.75262736790134410  0.75972578313693828
  0.76674608031179403  0.77365942795756970  0.78045082436688773  0.78720939022801395
  0.79391315314970856  0.80060257020044079  0.80726120766646614  0.81387499603465652
  0.82039750908387710  0.82680685508592244  0.83316719949235851  0.83947722298466099
  0.84572913829179996  0.85193256033899112  0.85806090301736193  0.86415841420640194
  0.87025602878340391  0.87634128229871433  0.88239974738828397  0.88839673908948658
  0.89431143046884087  0.90016023647104271  0.90598915302775873  0.91181681544586157
  0.91760548355718630  0.92333244697407046  0.92900283641040293  0.93462316819707425
  0.94020101501063291  0.94576329853901686  0.95132274459248245  0.95687535655041567
  0.96239184172799175  0.96785551765588762  0.97325595052800518  0.97864624495129482
  0.98405561889511506  0.98942476293943371  0.99474623127339734  1.00000000000000000
 -0.00220495111198269  0.00896620512263363  0.01877613495395296  0.02940370420664539
  0.03999366381990163  0.05036454326639087  0.06088685501608784  0.07150717920417204
  0.08216321935739476  0.09273739433582637  0.10354289673860262  0.11423785949031963
  0.12483384002871878  0.13558827659719749  0.14641397654090316  0.15703660462093513
  0.16772400781404728  0.17802987472063586  0.18836561294897350  0.19859670234357479
  0.20901728379222900  0.21954725729150620  0.22987616769860861  0.24036791066317093
  0.25091313222793210  0.26151134558351824  0.27218487793844487  0.28271217319192915
  0.29326207379520697  0.30368206656836277  0.31422269071043646  0.32501060788605707
  0.33555311154578776  0.34595742117891970  0.35641529725695076  0.36700367834976499
  0.37773156201347391  0.38823763647747517  0.39895109809306833  0.40946045115683849
  0.42001323738396945  0.43049753757081982  0.44112110251454456  0.45167049789534336
  0.46219407017062392  0.47272459378410614  0.48326295634897942  0.49389785160179456
  0.50460680565185090  0.51523733492031132  0.52571966921288837  0.53623929902928913
  0.54675495478569391  0.55742536907641949  0.56806736511972100  0.57866919780684356
  0.58931358761012398  0.59987809343640386  0.61055090431221493  0.62099866124024250
  0.63155712001359632  0.64211359430622295  0.65271460306638496  0.66317059488059016
  0.67375297667268008  0.68432168793375581  0.69504217944724189  0.70558689387717344
  0.71598453423766539  0.72649753667112371  0.73688200957413419  0.74752694457904767
  0.75801253008648539  0.76841946490804525  0.77870690454387315  0.78882317887531328
  0.79938559647721308  0.80990297108479714  0.82049956307113592  0.83095244513001343
  0.84153614633383000  0.85222169748885368  0.86282024644603883  0.87351541518423936
  0.88399578429951275  0.89450404861699595  0.90501523766620162  0.91551017295123027
  0.92588427525942862  0.93647386718846970  0.94706258215533279  0.95770926471570861
  0.96834425114680489  0.97891334930640861  0.98941501987153968  1.00000000000000000
 -0.00233818429385456  0.00925008255105579  0.01904216416957125  0.02965919094762396
  0.04011773931443214  0.05074229777962707  0.06118075788696466  0.07170174771822516
  0.08211598830806294  0.09277722012262797  0.10320682187183547  0.11381326735425740
  0.12438236684895856  0.13495948152117945  0.14545232328543148  0.15594926990609789
  0.16641291381514020  0.17683004695049029  0.18722449772115735  0.19764865336576329
  0.20810689216498565  0.21872340741563331  0.22928996349370326  0.23997742395155372
  0.25057778489201277  0.26149747287305741  0.27223831713836327  0.28263582050783775
  0.29289911820788345  0.30311161926436203  0.31344349672409716  0.32358055355684745
  0.33366637746508232  0.34440151602712216  0.35508397950441917  0.36561040763954439
  0.37594001555392664  0.38648238637753063  0.39697299088277527  0.40761284345231547
  0.41811868300196353  0.42889657264351672  0.43962245215555384  0.45038025922732006
  0.46115996688892158  0.47185986331641883  0.48257045553818245  0.49307909813958012
  0.50371592911173935  0.51414406466121410  0.52461668427174901  0.53539952712998284
  0.54602515001241814  0.55676428856371940  0.56705431246054883  0.57752045046568090
  0.58789786789919063  0.59826135066649966  0.60873068930072183  0.61934582597271781
  0.63000542413298077  0.64064079465559998  0.65129049506330994  0.66190748686643519
  0.67256533529751850  0.68332796972088838  0.69386568037845420  0.70441758528445453
  0.71494635711837318  0.72540592177232988  0.73587438194931021  0.74622533938128988
  0.75693280433787669  0.76749239073078956  0.77795062433219808  0.78864440164914129
  0.79917140422345978  0.80964595671814543  0.82013874937855802  0.83064845059942072
  0.84136036916867396  0.85190204478499665  0.86250463663703125  0.87314029296448870
  0.88370613558387068  0.89442674092867491  0.90500971004876329  0.91569138774645620
  0.92636182958670832  0.93704399539736583  0.94749244110450836  0.95789868156201052
  0.96838034246973748  0.97883292189812299  0.98953349578583050  1.00000000000000000
   6.6526784871852609E-008  -1.0000000000000000     
 F F F F F F F F F F F F F F F F F F F F F F F F F F F F F F F F F F F F F F F F F F F F F F F F F F F F F F F F F F F F F F F F F F F F F F F F F F F F F F F F F F F F F F F F F F F F F F F F F F F F F F F F F F F F F F F F F F F F F F F F F F F F F F F F
  <DiscreteSampler_grid>
  grouped_processes
  1 # 1 for a reference and 2 for a running grid.
  10 # Attribute 'min_bin_probing_points' of the grid.
  1 # Attribute 'grid_mode' of the grid. 1=='default',2=='initialization'
  0.0000000000000000 # Attribute 'small_contrib_threshold' of the grid.
  0.5000000000000000 # Attribute 'damping_power' of the grid.
 # binID   n_entries weight   weight_sqr   abs_weight
    10   10   5.473781865698431E+004   7.028307751557531E+009   5.473781865698431E+004
  </DiscreteSampler_grid>
