  0.00238899425524423  0.01616824978599070  0.02989887890673389  0.04193845696042067
  0.05327563970909760  0.06445570644744102  0.07572703535798571  0.08684436518005670
  0.09777637954949187  0.10868190904001826  0.11974464213569459  0.13079847954809837
  0.14185402151046361  0.15299913378104896  0.16409688145503287  0.17504544806739483
  0.18578396683410522  0.19640465502977617  0.20726120822026375  0.21790802578052834
  0.22864633125815553  0.23925885148990853  0.24982771453688105  0.26033963301765556
  0.27082199887031877  0.28145406135609552  0.29206021177171188  0.30261215921371926
  0.31314749018507165  0.32371459323019824  0.33435688328962021  0.34494739724422901
  0.35556978353009494  0.36624840514119472  0.37698142038909532  0.38752770933226732
  0.39796852073115341  0.40822098125279777  0.41856579090787149  0.42890828163080491
  0.43922408226260690  0.44946455469505425  0.45975729198705484  0.47022220015267674
  0.48076995602029626  0.49134052501125747  0.50185598809705811  0.51227320502930251
  0.52266450672315190  0.53307512512344490  0.54349321706051812  0.55385917298085718
  0.56418134477274196  0.57453481737497247  0.58487139002432575  0.59522735855198505
  0.60566266699736704  0.61618568054091238  0.62654876343882371  0.63651542194093225
  0.64644987276739618  0.65641318605430132  0.66623161496251881  0.67606393013698318
  0.68602113191347436  0.69617513601978498  0.70644023642196241  0.71676363741502958
  0.72708735164057869  0.73725503102767809  0.74734504110940780  0.75754487230542911
  0.76775920970965572  0.77784831146743905  0.78788090589307025  0.79799175686187729
  0.80823585233324635  0.81854057213167442  0.82884720516766519  0.83905171335103379
  0.84909018089783062  0.85905885196604004  0.86906263983490750  0.87913169972769678
  0.88923476975688509  0.89930390785383207  0.90931911783682617  0.91929239656560213
  0.92922992244176794  0.93911629746209979  0.94884362083595741  0.95831760673059241
  0.96746684434462893  0.97622717549982385  0.98454204785737576  1.00000000000000000
  0.00241756543521353  0.01607877503490976  0.02980036626243660  0.04167300702857601
  0.05317155433096124  0.06432783238938214  0.07555703522666191  0.08664343996477006
  0.09759660454403203  0.10851228753668195  0.11953683290903659  0.13063542174032594
  0.14179181716651926  0.15296593128094699  0.16409945443609070  0.17515103311284344
  0.18613634391278544  0.19699591811790343  0.20771230457971646  0.21836588668619747
  0.22911550257509300  0.23998181609611191  0.25075776384923443  0.26136609929351901
  0.27204374075482929  0.28289457176921146  0.29359904356466393  0.30431360858089235
  0.31510667885797283  0.32598416276619768  0.33676344105276618  0.34740599036607933
  0.35797246672075378  0.36832895142859584  0.37882100656570472  0.38937082079317364
  0.39980669829024573  0.40974509540933285  0.41986889077846418  0.43007179912266413
  0.44030048314579623  0.45052292044392384  0.46089058256250642  0.47147310162116296
  0.48207662709546761  0.49261215124764057  0.50309054060210345  0.51352722180637866
  0.52393010166311771  0.53434336059757159  0.54476601814211956  0.55523324500938320
  0.56577292762687059  0.57638767570117644  0.58698374984533586  0.59749178696103455
  0.60792377515011298  0.61829786997592362  0.62874214242315685  0.63922914352393778
  0.64963490056806250  0.65985028924442357  0.67000737013526235  0.68022131199220159
  0.69042764121957689  0.70062271510104557  0.71096979900896806  0.72150024879193164
  0.73205004573847154  0.74251250259074431  0.75291890636482661  0.76332045298063556
  0.77366245407843004  0.78398142585487485  0.79430102136268288  0.80464205600074135
  0.81489736017150183  0.82502288407629898  0.83511555211546651  0.84527768123947711
  0.85553714454534502  0.86580284390541207  0.87593680661834572  0.88584461353768196
  0.89567645433568377  0.90551811194278820  0.91535230176730453  0.92504877587670653
  0.93459860696120389  0.94407127160344106  0.95351619761517425  0.96281197279540098
  0.97175052343566570  0.98001843167262004  0.98832866161603627  1.00000000000000000
  0.00765204989508279  0.00897248601420109  0.01002935308337531  0.01111390718812633
  0.01222482204931261  0.01335139067673507  0.01449302529907155  0.01564155111310519
  0.01677173814011932  0.01796862553211865  0.01917518752939488  0.02039231751731853
  0.02162682216440931  0.02287883484320933  0.02412710831641634  0.02531134510683475
  0.02635072992075781  0.02734397916645557  0.02846365258998515  0.02968236407826677
  0.03092448956038674  0.03218954378564542  0.03349229731353519  0.03483874983801696
  0.03622504398545336  0.03763511370992592  0.03906043564087788  0.04051053338938487
  0.04200739406104095  0.04356167344976027  0.04516722008397669  0.04681656258328945
  0.04851590739504787  0.05027346246272052  0.05210116472995920  0.05398692710800575
  0.05591625979812635  0.05789767717118203  0.05996132397859637  0.06212445336124932
  0.06437865589212168  0.06670105858665469  0.06909629671204837  0.07156442736696866
  0.07412043458931587  0.07676677431567161  0.07950796054421180  0.08235426101014741
  0.08531943491672499  0.08840810573192959  0.09160442303730817  0.09491029045428115
  0.09836243347535119  0.10199252377028141  0.10576787609372192  0.10968254110765453
  0.11375291816818932  0.11804564320466891  0.12251206769272821  0.12714166351120787
  0.13196261877094267  0.13703182078851930  0.14234383740095322  0.14785976459705932
  0.15365039920782700  0.15974505132985375  0.16612130381736898  0.17277026781346047
  0.17974206253450656  0.18715692656291960  0.19500342443958452  0.20334959840773587
  0.21210204568588453  0.22135006556930090  0.23107519625827244  0.24136738445981556
  0.25226594663795776  0.26381566643147830  0.27609708418205392  0.28932046395714950
  0.30358112050675451  0.31903129441343886  0.33591843264422111  0.35431804821429491
  0.37411734475364150  0.39559918864284893  0.41926487168837795  0.44548163787590750
  0.47464211084561159  0.50764445739388941  0.54612182241786400  0.59194422152482906
  0.64900593569178211  0.73255583868921492  0.85302690210416598  1.00000000000000000
 -0.00105804573994183  0.00401152324381197  0.00942528689636166  0.01475572849482829
  0.02006275164419930  0.02540301465214892  0.03074560341382520  0.03611435478527096
  0.04154155187634929  0.04701062368757727  0.05252081843905295  0.05808677035874854
  0.06369800202611947  0.06934288264866482  0.07503667091421021  0.08077280466294114
  0.08656406609808975  0.09242752531630601  0.09830581962387723  0.10416926913820108
  0.11001998225196408  0.11588207690731371  0.12177796272145720  0.12767864241790874
  0.13360666848492025  0.13957852823476008  0.14557911237604654  0.15163631414926748
  0.15774989712357382  0.16392140470772962  0.17016492607455477  0.17647546810970846
  0.18275723090562598  0.18908850481411291  0.19566069686409390  0.20236898349519089
  0.20925777043431426  0.21621818785107569  0.22316901588192795  0.23016506744720114
  0.23721766038704509  0.24434686603294675  0.25155967565806531  0.25884002427678732
  0.26621060063815616  0.27364383737457443  0.28114513354290716  0.28867797985031807
  0.29625790758508097  0.30388136163400464  0.31165778521549675  0.31962899743658285
  0.32773681799714943  0.33598635329205628  0.34441509633757533  0.35298255180256050
  0.36166969237800156  0.37042742240287552  0.37913801811976905  0.38786262373857144
  0.39669047038184763  0.40569447310400908  0.41488297985344569  0.42407933769444595
  0.43331875518696322  0.44279252890613247  0.45259965897470156  0.46262180052109114
  0.47285185108854966  0.48340778890402575  0.49418620461540996  0.50502372818842667
  0.51599636345015920  0.52737431863162143  0.53895981331236686  0.55071786337805362
  0.56282549721013775  0.57551741674089940  0.58868155507973963  0.60211537458269015
  0.61595289609292536  0.63024444459095719  0.64509862483715130  0.66074436542667214
  0.67720526334654618  0.69432852697214142  0.71219173352891185  0.73103861590988728
  0.75130568663324471  0.77315842749595221  0.79687131673815559  0.82305871939392894
  0.85277572521716150  0.88744093443927075  0.93288382189013253  1.00000000000000000
 -0.00231290655340352  0.00906661915586435  0.01917624455918088  0.02989989618993807
  0.04046064594745894  0.05101263250768893  0.06168643694829113  0.07243872993512092
  0.08301377507297664  0.09370863449955669  0.10424533886052939  0.11456957480437743
  0.12501801440297702  0.13559434848642060  0.14605671696646969  0.15652324718898733
  0.16637353685530243  0.17735153780426638  0.18781205097068623  0.19846011210164513
  0.20900195561387652  0.21931502793199864  0.22990534886986974  0.24023380382527779
  0.25080469760352631  0.26126670994150392  0.27189765672697025  0.28262414697883559
  0.29332364373421399  0.30415139189570617  0.31494002312705033  0.32570469129162788
  0.33626847356427875  0.34701472684561829  0.35751977579140481  0.36815221819371491
  0.37860425157114302  0.38920676346807570  0.39965664201956641  0.41000472358424828
  0.42046035214171001  0.43076858678947705  0.44122065246889886  0.45156731933127103
  0.46220087191231851  0.47279708423443495  0.48348552611276241  0.49393497524013935
  0.50456353175544055  0.51517688538082917  0.52569716640954500  0.53624444298803264
  0.54672349681000865  0.55739012455409420  0.56801997092902545  0.57868005484847251
  0.58917368540874315  0.59973534534745176  0.61044324620501966  0.62121462725499621
  0.63188854051669308  0.64252099265491291  0.65300110954533963  0.66362795368019345
  0.67397545597394848  0.68430663471789799  0.69459021000884624  0.70494426666462362
  0.71544756264095044  0.72570248457922304  0.73628199231982860  0.74698828407666762
  0.75762299732365357  0.76832726912021299  0.77903169049910159  0.78991231803645034
  0.80072653182780151  0.81167157611305107  0.82240325795609159  0.83295137447801026
  0.84345130166274174  0.85394053310914275  0.86442054209514985  0.87479445747808726
  0.88516842190750178  0.89539814331153922  0.90618897983561975  0.91653137066463930
  0.92761729940413917  0.93792667584594513  0.94849012587508275  0.95885109284293357
  0.96908935635412319  0.97950958393783594  0.98972541890189192  1.00000000000000000
 -0.01419913043118949  0.06317935909397598  0.10932376069803068  0.14455485930064965
  0.17387865261153540  0.19991426830488093  0.22375602020748883  0.24553723654111270
  0.26558578431451757  0.28427033524841411  0.30206193305253715  0.31925713129171401
  0.33573079459215771  0.35144841137882260  0.36654569548929722  0.38115496195959725
  0.39514217124559908  0.40863240609061124  0.42171193344487951  0.43449397748527963
  0.44686375116465227  0.45881018605091983  0.47048960079904334  0.48196833945057066
  0.49327335414738699  0.50426462024470764  0.51498884636703801  0.52543590370527560
  0.53581490766779971  0.54605795570514049  0.55621297277908921  0.56596457406938083
  0.57556059641972623  0.58482430122967211  0.59387994169251346  0.60280205459502068
  0.61144765974972615  0.61991286930908929  0.62821042187246112  0.63655490643432333
  0.64489806620502854  0.65314060754280334  0.66117841517029496  0.66914895125844520
  0.67713126712478977  0.68510143404233304  0.69284415248758657  0.70042588808597006
  0.70795054216417141  0.71546604283744830  0.72296840228388559  0.73035696519295124
  0.73755525989043325  0.74466728374830171  0.75175628656867544  0.75889026911330582
  0.76600060347609278  0.77302276170736539  0.77992514234609356  0.78669956570628274
  0.79336497576325882  0.80004868567987553  0.80677797931724560  0.81353633627763000
  0.82020145891290619  0.82673454726283258  0.83316700553114076  0.83951297105017209
  0.84585600363086855  0.85217238636622783  0.85848281317977848  0.86479040403226137
  0.87101713993549079  0.87712628243339563  0.88312357027373589  0.88903197673131640
  0.89491222490361844  0.90079601606332882  0.90669535647469757  0.91259385522202863
  0.91838529620840292  0.92404000592981073  0.92961239198200107  0.93514843519159185
  0.94065696394725107  0.94614191271512771  0.95161271859977359  0.95706556403493426
  0.96248725575314087  0.96789174942323875  0.97326045575840192  0.97862503106668353
  0.98400698217510008  0.98938040889500833  0.99474432162916038  1.00000000000000000
 -0.00235975625642056  0.00929447425361285  0.01902359442097768  0.02947009287597878
  0.03966603812141492  0.04987954961907384  0.06022973841802520  0.07066346642693473
  0.08128494306005990  0.09187442968365138  0.10285433711869849  0.11354130297556893
  0.12416490053497305  0.13467982273692211  0.14521245035739799  0.15558927656417876
  0.16578457691684981  0.17610120259771544  0.18655224631447895  0.19700695353308378
  0.20746820205159064  0.21800920621816222  0.22875434602432232  0.23942919771891807
  0.25012846969128222  0.26084442907452876  0.27154974926124059  0.28210747115203838
  0.29264318876723050  0.30315653502391765  0.31367563767737949  0.32416159288877511
  0.33455015030625446  0.34494994219427177  0.35532307994439533  0.36579228877508468
  0.37625496472135800  0.38679577559686423  0.39747221770503355  0.40815390561744858
  0.41875536746099867  0.42915344356920104  0.43958926196743497  0.45013441326511211
  0.46077617923411252  0.47136854428293035  0.48205906914119706  0.49255757006536527
  0.50309107630285055  0.51358827196086276  0.52435200788632996  0.53507314282238783
  0.54573104071241729  0.55581168206495546  0.56622510915370761  0.57657732299957953
  0.58692383361911271  0.59719687998454585  0.60750383208882897  0.61789791988579434
  0.62826941370716660  0.63860625967271689  0.64898635468379617  0.65944004807487322
  0.67007059945337100  0.68072602952516392  0.69153379965997352  0.70221502136606528
  0.71304547736893198  0.72372826210577912  0.73438644335215519  0.74491360637846438
  0.75557751923941252  0.76621495607903511  0.77686919675109867  0.78754582923483207
  0.79832149649891837  0.80935868928731680  0.82011600383706496  0.83073409217158500
  0.84157412657555408  0.85234563366350424  0.86303763656370092  0.87393961481320370
  0.88415764919254214  0.89477187491720811  0.90511154943325900  0.91569956426328847
  0.92627799467190919  0.93663403814341095  0.94744899225754020  0.95807573294845449
  0.96869892171444083  0.97903868655587822  0.98952234141162299  1.00000000000000000
 -0.00225799028834056  0.00899117382145181  0.01872898135569121  0.02948173608076683
  0.03989966264559747  0.05025523772246990  0.06071038436068308  0.07137145397078568
  0.08192699495635125  0.09247416151736837  0.10288310698804801  0.11372540421056508
  0.12438876287653837  0.13541498163820961  0.14646141249671643  0.15714411073353585
  0.16783305970462822  0.17828877320872055  0.18866276266824691  0.19905774230676418
  0.20950273360516949  0.22042799446437397  0.23121052215105134  0.24221435742844458
  0.25276280015816366  0.26303833712299635  0.27352693733656636  0.28391722170309086
  0.29426718938417085  0.30454268735219181  0.31491300693203517  0.32584085379601124
  0.33644704046416646  0.34705160836954513  0.35762589171377546  0.36804280154861069
  0.37856183255832482  0.38906354386388992  0.39972744358547224  0.41033567534375026
  0.42106493918252791  0.43151487333183175  0.44217823907694187  0.45287676647184377
  0.46358946780220356  0.47413666369071011  0.48474385137462023  0.49528488479237853
  0.50582736336651490  0.51650003880839923  0.52724253221885919  0.53792551183435700
  0.54845877726217440  0.55902111087316531  0.56965427333190422  0.58023968767498268
  0.59095117521691842  0.60153685682207769  0.61208905755843945  0.62263117386340372
  0.63328772773623165  0.64376691984388545  0.65415415974532576  0.66442046713462788
  0.67507378355631165  0.68574645942897205  0.69613541735161955  0.70651982779933709
  0.71696972542342541  0.72756201398111331  0.73791603419065865  0.74835386546823046
  0.75889564091255701  0.76968166897272439  0.78029674515325098  0.79086957563384919
  0.80139720457018082  0.81204803145962690  0.82270688228635580  0.83326851386603740
  0.84360736583689633  0.85392415416437817  0.86414440468474329  0.87441777580422098
  0.88468924064103005  0.89498215412858639  0.90547858405219039  0.91599215666379363
  0.92655797268499451  0.93715017001184764  0.94753655201453446  0.95784839040036107
  0.96845903878982598  0.97912574243489758  0.98960659148260355  1.00000000000000000
   6.6518110117752088E-008  -1.0000000000000000     
 F F F F F F F F F F F F F F F F F F F F F F F F F F F F F F F F F F F F F F F F F F F F F F F F F F F F F F F F F F F F F F F F F F F F F F F F F F F F F F F F F F F F F F F F F F F F F F F F F F F F F F F F F F F F F F F F F F F F F F F F F F F F F F F F
  <DiscreteSampler_grid>
  grouped_processes
  1 # 1 for a reference and 2 for a running grid.
  10 # Attribute 'min_bin_probing_points' of the grid.
  1 # Attribute 'grid_mode' of the grid. 1=='default',2=='initialization'
  0.0000000000000000 # Attribute 'small_contrib_threshold' of the grid.
  0.5000000000000000 # Attribute 'damping_power' of the grid.
 # binID   n_entries weight   weight_sqr   abs_weight
    10   10   3.415848784756375E+004   3.493845327524068E+009   3.415848784756375E+004
  </DiscreteSampler_grid>
