  0.00236625307950048  0.01528820696188645  0.02809160350798636  0.04021149035599992
  0.05176878010817962  0.06305017260494072  0.07432241984584131  0.08559486095160387
  0.09676575865094905  0.10777898443271337  0.11865032677925895  0.12945379888297828
  0.14018993360855467  0.15089040589195660  0.16163880673352513  0.17248411015259787
  0.18338029234861219  0.19418494667093558  0.20488021139724788  0.21554704325308097
  0.22623472812036649  0.23697387927124547  0.24771723879323551  0.25840230449270751
  0.26900776588476050  0.27950338176063222  0.28989342861651968  0.30031009681250892
  0.31072984536264170  0.32121495576903275  0.33160034118741383  0.34186804437413421
  0.35211445278620535  0.36248579262057906  0.37292474166267053  0.38331495039978819
  0.39368639258782945  0.40420055018679113  0.41484942439902889  0.42552997176680257
  0.43616814592107794  0.44669966234214747  0.45715742928823172  0.46761166571093388
  0.47814912065940157  0.48876620034232343  0.49940345063703045  0.50996823254656165
  0.52044468773380959  0.53088380803148505  0.54132531055488842  0.55178990735839206
  0.56225497808544145  0.57268351822940544  0.58307429344434758  0.59342260247187306
  0.60375119115178932  0.61407896707195597  0.62439849908305767  0.63476110288142540
  0.64521501590556296  0.65577692963285950  0.66639982028704114  0.67698431206884513
  0.68750962179437003  0.69800388313987516  0.70850354797645976  0.71899520947228424
  0.72943077153300417  0.73982610693174222  0.75016100140448039  0.76047266556842597
  0.77075433468743071  0.78094642559859384  0.79105215159444153  0.80118801418021623
  0.81131359610786546  0.82144642017797731  0.83161161802348593  0.84186349165750318
  0.85211764698849812  0.86224736035637228  0.87228289397941194  0.88229303862713648
  0.89228003615678209  0.90219544965541631  0.91202581025586094  0.92187142119245757
  0.93158881308794850  0.94117821143683311  0.95060882736046293  0.95992064261482635
  0.96903692740701108  0.97776838212059214  0.98584325963325126  1.00000000000000000
  0.00226386810507087  0.01678420170457434  0.03076063776849971  0.04328977036998197
  0.05529985766336035  0.06694182205738747  0.07802273666615846  0.08916150290120609
  0.10023912476647720  0.11112243211095746  0.12201688940837473  0.13301025663925942
  0.14415150640627342  0.15512702495987321  0.16598046976368164  0.17674950149490457
  0.18750623928424121  0.19837908047467367  0.20934172700210188  0.22038186062536860
  0.23136707428756700  0.24228657188550937  0.25313714641238211  0.26396743410776735
  0.27467431816093157  0.28524227869035362  0.29537670946250338  0.30563531539655242
  0.31605061210658641  0.32697130574598926  0.33778303921591890  0.34842450108119588
  0.35898050182421548  0.36961444141004068  0.38024161861069883  0.39089525034278788
  0.40149789523499058  0.41216183162119852  0.42283754725765288  0.43352735425071176
  0.44422323074271819  0.45490331199290213  0.46542734703914751  0.47590911843375078
  0.48641115949411978  0.49700797290045945  0.50750518791611643  0.51796452371420743
  0.52850918667522506  0.53919634060299648  0.54984796249893786  0.56049867081392590
  0.57115711364260180  0.58190588541427901  0.59259079030818995  0.60322269749955237
  0.61383536906267144  0.62449152877553660  0.63519749858139118  0.64586980644577285
  0.65639277449867850  0.66683776570231801  0.67726085010038872  0.68775299059467798
  0.69816529010822048  0.70845479699102520  0.71881974013648264  0.72924960437041142
  0.73978822878956163  0.75018653946667324  0.76059785724812368  0.77100684319919921
  0.78124157595180421  0.79145540466683062  0.80171313303322433  0.81190448422565442
  0.82198428656262057  0.83200198510709389  0.84209488852398651  0.85230199994679279
  0.86248441424314359  0.87277875776670422  0.88303098906186905  0.89328814754208108
  0.90348114162260884  0.91360876972263960  0.92364774497854263  0.93356234094932533
  0.94334350384148735  0.95272968019550819  0.96204142652731739  0.97103593297100488
  0.97945135394318816  0.98679008850453709  0.99336341359753511  1.00000000000000000
  0.00843001957755698  0.00857931645241380  0.00872861332727063  0.00887791020212746
  0.00926833042780285  0.00988187305976053  0.01049541569171821  0.01140240122656258
  0.01248186963787186  0.01360977192851867  0.01478653307886488  0.01600454575066963
  0.01723802226478751  0.01847051463071367  0.01973212059483436  0.02103215058883659
  0.02236312413712230  0.02366435626537189  0.02493285592433405  0.02611657065747986
  0.02716951656910017  0.02831031797597027  0.02959262915892633  0.03091653601443656
  0.03226285524894204  0.03362906924752206  0.03501803426555561  0.03643646799201602
  0.03789605053620127  0.03940278375432886  0.04095278404333727  0.04255387759717897
  0.04419792675940880  0.04588472553380512  0.04762141072765416  0.04941837689777010
  0.05127407547334552  0.05318692197008927  0.05515927991208924  0.05720174346663717
  0.05932501009060426  0.06153141995193348  0.06381787824237831  0.06619390785102321
  0.06867434805235152  0.07127172502517873  0.07395717123266479  0.07673419771038516
  0.07963850015192173  0.08269189080648789  0.08586439061696738  0.08912746169759100
  0.09248558421305209  0.09596531315070846  0.09959470539862375  0.10339961286193176
  0.10743240518232806  0.11165379227566789  0.11603202571863228  0.12057851415442228
  0.12533592564089169  0.13033564856750751  0.13553914166923889  0.14095122516313932
  0.14659935695010690  0.15257542648239694  0.15892290013325933  0.16560109367718465
  0.17257124117549871  0.17989708403206009  0.18764064683734114  0.19584149747228505
  0.20459408787394640  0.21393058161146083  0.22384652357218868  0.23437108688787195
  0.24553485433385300  0.25746048745205269  0.27023720925350198  0.28393784867883509
  0.29862799866458484  0.31441162937847644  0.33137317595349025  0.34976950916773530
  0.36989086155739309  0.39182692195482516  0.41589768063298027  0.44260698053511838
  0.47264299267335702  0.50687989476421635  0.54677629610197775  0.59468500820559622
  0.65664525851324140  0.74814275667242081  0.86967537498985747  1.00000000000000000
 -0.00106500407043379  0.00409824523567178  0.00928850902809353  0.01446058286362730
  0.01974541784193369  0.02510110477167302  0.03048383026390415  0.03586532478939069
  0.04128505666959678  0.04679152699669049  0.05221012192305118  0.05763687840515689
  0.06310972182549730  0.06873593906552682  0.07448808781125058  0.08025460307382645
  0.08600992094791957  0.09175164609191344  0.09752538939171806  0.10338112905092101
  0.10932207651605023  0.11528112577949716  0.12120320733916362  0.12713765931334525
  0.13315012175217825  0.13926390469382491  0.14550009618573437  0.15187613657307733
  0.15831895100173093  0.16476019856437729  0.17123325504636033  0.17774251990839615
  0.18433517251088230  0.19100263634371933  0.19777810652317807  0.20465916714408827
  0.21155206142650712  0.21844966487430392  0.22531455969682157  0.23217577271252987
  0.23911505081075435  0.24620948754072888  0.25346796659751303  0.26085117711795125
  0.26830695247457820  0.27570059688399806  0.28304675338904017  0.29046547678386925
  0.29789619706983589  0.30542115264516173  0.31310050157154129  0.32088986567030281
  0.32885214952664299  0.33697633788398712  0.34528409399273002  0.35366900908091770
  0.36216313173059128  0.37081491937637723  0.37957564078841954  0.38842148414790156
  0.39738735137053471  0.40653352470096105  0.41583754940312123  0.42523716172462311
  0.43470207437932479  0.44442452209522004  0.45450405158162449  0.46487875860767330
  0.47540166829070801  0.48593648065082623  0.49657398882413067  0.50739820522033108
  0.51842782637941498  0.52959634363662911  0.54095528783463909  0.55280556300944272
  0.56509978755483048  0.57774573088595771  0.59065138858751565  0.60379657337115844
  0.61739673145669260  0.63174256173386123  0.64676944201236219  0.66213320546876719
  0.67802925878975639  0.69475269173545973  0.71248881658262864  0.73136710591589760
  0.75144001454665921  0.77301925440498021  0.79647684379212813  0.82232470614669717
  0.85183747865334603  0.88688888622289663  0.93306542796042546  1.00000000000000000
 -0.00227332100626591  0.00895672298129833  0.01942322421459480  0.02988633005131512
  0.04049782252281950  0.05091293658122101  0.06135087111705701  0.07150441001630285
  0.08172988140208987  0.09244399576963384  0.10314999777730377  0.11360522341965841
  0.12384704385815859  0.13419163030414552  0.14473357858454583  0.15512489940162236
  0.16545546821311027  0.17578625256663974  0.18629491726915043  0.19688623166357094
  0.20754739300295597  0.21818155548560830  0.22856492145810753  0.23914286432441406
  0.24962261041942838  0.26021174100311972  0.27067770883629622  0.28124489951528070
  0.29194754063733835  0.30262833957478041  0.31337595003089314  0.32395957373471740
  0.33445958164015904  0.34490149861563185  0.35539962338367292  0.36597487780676707
  0.37662909962751728  0.38723082317635760  0.39778784787949306  0.40821454108384553
  0.41868681240533667  0.42924660940360010  0.43986996234992987  0.45047207729738459
  0.46111170653112821  0.47180794022342976  0.48264379351057013  0.49332659587433092
  0.50398146885736961  0.51463355444403780  0.52541782579093599  0.53604674779522521
  0.54675345154498023  0.55737540848382172  0.56794298822740208  0.57833793216316842
  0.58887149351080537  0.59952403177074565  0.61016970076624999  0.62067693776270438
  0.63126397650566113  0.64201627766983371  0.65294659704397262  0.66363337249818366
  0.67415014383462013  0.68430551667900796  0.69427362982325591  0.70422095239341820
  0.71459886694677055  0.72504894954921639  0.73544276223132232  0.74578517066960071
  0.75629937986041507  0.76703667672913178  0.77774583794277574  0.78840099627371163
  0.79915570491732024  0.81000436565310463  0.82036933817852353  0.83064306802235677
  0.84106917986709573  0.85152020983451293  0.86205669922493366  0.87232879655977213
  0.88276760687721367  0.89342760072741012  0.90405950727221296  0.91482889531230704
  0.92550499224709371  0.93627132159355386  0.94686506295930550  0.95759976458754581
  0.96811891115699078  0.97876545889832567  0.98938723407061757  1.00000000000000000
 -0.01416294775246683  0.06356192464711853  0.10977568596041688  0.14557407609364098
  0.17555637813867092  0.20154220251837454  0.22478479458255154  0.24631501005653661
  0.26648409108023230  0.28545960644624035  0.30349127504031753  0.32074654138961989
  0.33722133694835432  0.35289126095162826  0.36782254265576658  0.38226628283340452
  0.39625392478875510  0.40974826701522510  0.42272038352355690  0.43519627872628308
  0.44740479572421415  0.45935453952427607  0.47130085186420595  0.48278191720762420
  0.49368439418643839  0.50442010365175094  0.51484159925665751  0.52510618930045161
  0.53509027731823733  0.54488321837882425  0.55490142954844035  0.56461878002269317
  0.57427389723563660  0.58373699706568838  0.59303167428049619  0.60216502716395981
  0.61122927818508355  0.62014384886318819  0.62889897477977885  0.63753601486735323
  0.64611217376208907  0.65459460251670998  0.66294159998266133  0.67117242575224456
  0.67930873691580229  0.68733235082314381  0.69521117377937713  0.70288223342912060
  0.71042878433261769  0.71783253322648277  0.72520295765580878  0.73254918917162648
  0.73982346446222280  0.74704774267507301  0.75415162244544320  0.76115552461354086
  0.76804713581867556  0.77485751559045080  0.78162650954685153  0.78836394567917722
  0.79508114269211227  0.80177630077206352  0.80842403205434887  0.81501718687488922
  0.82150721007318361  0.82791994714369110  0.83426969891526592  0.84056802174084289
  0.84682488332724071  0.85300048759987390  0.85909896730762769  0.86517455981149372
  0.87108169132116964  0.87691763951262180  0.88273098596719601  0.88858979197848598
  0.89452229504356040  0.90038607352111399  0.90616471450907110  0.91192329033924158
  0.91766214076660368  0.92336870653242020  0.92905598852290028  0.93471089110871708
  0.94034476153739399  0.94594575230905409  0.95151722311869835  0.95706675231315352
  0.96259625367846546  0.96809670911649925  0.97352905816795743  0.97888436923719191
  0.98419205856676706  0.98945324090845188  0.99472106839462859  1.00000000000000000
 -0.00234971928865768  0.00928660419106578  0.01923381651755705  0.02991080089626441
  0.04039807759374971  0.05072128447111278  0.06122850289053557  0.07170343288758353
  0.08223278212528505  0.09271247172531676  0.10317414563599378  0.11365373910152117
  0.12423056539929123  0.13459965437325724  0.14507658520349959  0.15536977682701050
  0.16568632551682511  0.17604885150804120  0.18643650507054449  0.19690484880219966
  0.20739111782836314  0.21802134724110062  0.22876514310160573  0.23933341139904238
  0.24977398743145979  0.26029644979982791  0.27092474080616019  0.28170095424678804
  0.29248969825791649  0.30327344084770458  0.31388383644262535  0.32436788470438854
  0.33480044785799656  0.34560903273941435  0.35633413590767227  0.36665227735656569
  0.37674923786241538  0.38688273208282520  0.39730716708434810  0.40782216529388465
  0.41831045386977828  0.42900348494885177  0.43942542429922909  0.45004518256144083
  0.46050983122009698  0.47135772262656778  0.48200043838045820  0.49265560610515391
  0.50326958307652125  0.51389795403722693  0.52467222227652788  0.53528697339749298
  0.54585220671275103  0.55675994762680148  0.56729079962806583  0.57791099589195649
  0.58821361250764181  0.59847844019360286  0.60876842297029776  0.61912342500961659
  0.62940274288919962  0.64006223144891561  0.65054893362282640  0.66110642346633375
  0.67168278458260333  0.68228960661217264  0.69309021411322502  0.70379234558487980
  0.71461958802797254  0.72536942996648657  0.73606053047183373  0.74655982622214589
  0.75709903413533197  0.76765000501292202  0.77815623501101361  0.78854373041460424
  0.79904672533813947  0.80967993738296817  0.81988993843996660  0.83024553398096235
  0.84076698907459768  0.85151372022359251  0.86187915593277309  0.87226588795059889
  0.88297847819531372  0.89345724411170924  0.90402113374993953  0.91435623323907067
  0.92509340510806370  0.93597291525763204  0.94659580884598260  0.95749273967791815
  0.96787343006548199  0.97870967952673871  0.98924251712978495  1.00000000000000000
 -0.00236463050957683  0.00926939896387884  0.01928575993212141  0.02993580350652008
  0.04044804313790902  0.05083797469789272  0.06130817218630509  0.07175034947002931
  0.08241524158668179  0.09298517243585115  0.10374171455695512  0.11449935841913986
  0.12516320283382168  0.13582312046058076  0.14648080155471388  0.15710606017263390
  0.16770434563270559  0.17825042942833882  0.18878094180403010  0.19934925192759198
  0.20998066225006284  0.22079656576363083  0.23141975678371260  0.24217774461584629
  0.25255424497120432  0.26297604757340387  0.27333513613471239  0.28384156805661398
  0.29434602259393006  0.30487165183477982  0.31529561956428154  0.32606068496652557
  0.33676186061432084  0.34736519739561433  0.35810349408640874  0.36871347957638906
  0.37961637856361768  0.39043637702989337  0.40127548458310580  0.41189813435067590
  0.42253865801992657  0.43328356432035364  0.44403199751731004  0.45476554340831266
  0.46531597812510417  0.47584521492883497  0.48638391558352961  0.49707253560471731
  0.50756651444494549  0.51811172107114745  0.52852395603987767  0.53892877287389618
  0.54916651874875899  0.55946894169211825  0.56998883487303909  0.58063932149706299
  0.59136303445375094  0.60212598890497870  0.61301757484915576  0.62371594671861375
  0.63413286907161970  0.64455941192008626  0.65501055038510070  0.66546010768531483
  0.67587720209449209  0.68635482249618873  0.69691316453760255  0.70752625702646343
  0.71806055673836189  0.72855562627436743  0.73895158028682184  0.74940314879351855
  0.76000026125425491  0.77047240517366622  0.78101196813670215  0.79149418612304312
  0.80196196113438067  0.81254521252249579  0.82286116979527435  0.83317476690367431
  0.84350033929144430  0.85388285815910681  0.86443536668796228  0.87479342399814741
  0.88545010119226242  0.89621279313840707  0.90648924433281564  0.91707337594869531
  0.92755016634084819  0.93797233511498601  0.94825605392699097  0.95863084026618495
  0.96935008597699668  0.97976636386314209  0.99000364708057054  1.00000000000000000
   6.6723340244895500E-008  -1.0000000000000000     
 F F F F F F F F F F F F F F F F F F F F F F F F F F F F F F F F F F F F F F F F F F F F F F F F F F F F F F F F F F F F F F F F F F F F F F F F F F F F F F F F F F F F F F F F F F F F F F F F F F F F F F F F F F F F F F F F F F F F F F F F F F F F F F F F
  <DiscreteSampler_grid>
  grouped_processes
  1 # 1 for a reference and 2 for a running grid.
  10 # Attribute 'min_bin_probing_points' of the grid.
  1 # Attribute 'grid_mode' of the grid. 1=='default',2=='initialization'
  0.0000000000000000 # Attribute 'small_contrib_threshold' of the grid.
  0.5000000000000000 # Attribute 'damping_power' of the grid.
 # binID   n_entries weight   weight_sqr   abs_weight
    10   10   1.989241268017232E+004   1.787552005888021E+009   1.989241268017232E+004
  </DiscreteSampler_grid>
