  0.00276965351878618  0.01577618303151171  0.02994972220693273  0.04268836567823446
  0.05447703842635753  0.06609591385409909  0.07773837237350999  0.08926446792449778
  0.10008562668457316  0.11079555099190426  0.12141666221702593  0.13220525935700950
  0.14309970244767062  0.15398079340454118  0.16479535596146236  0.17568030064286419
  0.18676471091265659  0.19799361119370504  0.20928366924115968  0.22033537011264220
  0.23125584733447493  0.24179246281924940  0.25226323455963712  0.26252857536215085
  0.27292160151118838  0.28345611081895233  0.29433175167792125  0.30556166428701259
  0.31632925121186878  0.32678426801154076  0.33718915026559887  0.34764400441564702
  0.35778921270825187  0.36772173386395590  0.37785375123707321  0.38842066991129176
  0.39909262001264673  0.40965985382277448  0.42044158111249663  0.43117345189110207
  0.44180910614705365  0.45210517805912614  0.46243301795680536  0.47282380707801397
  0.48319540160890434  0.49363303144942750  0.50410120864332297  0.51455604805611777
  0.52505227006170163  0.53549859304068415  0.54594907552684047  0.55643922019502812
  0.56729431640416994  0.57822608425696365  0.58893094552284597  0.59925899233825763
  0.60947948444031830  0.61972054186096637  0.62982466997158404  0.63973063165546895
  0.64977119679583673  0.66011136877361309  0.67066495136631388  0.68133000404240773
  0.69212141153158979  0.70290156241032276  0.71351747915827979  0.72387470584882185
  0.73398610459026625  0.74388198892323798  0.75364531249899602  0.76341610240197899
  0.77332808245034090  0.78330461403314944  0.79323337953704254  0.80306672582115679
  0.81297045246611277  0.82318524971404439  0.83356829273082422  0.84386376071929725
  0.85396782853692088  0.86390300577298396  0.87378752346846900  0.88357164111428699
  0.89336161131134972  0.90317464858931795  0.91281326253253392  0.92219048454123198
  0.93149682973322745  0.94095504233011007  0.95055104187137718  0.95990892988779164
  0.96874924330612733  0.97702286297404539  0.98488504941424260  1.00000000000000000
  0.00212783920137632  0.01786601850740557  0.03184733246435616  0.04466977950563884
  0.05631906375422163  0.06756695969085051  0.07867296762832843  0.09010336531962355
  0.10167716067251642  0.11311068103661125  0.12427330207851045  0.13507193222089972
  0.14568235237496599  0.15640266909545222  0.16729105251032025  0.17830859754534625
  0.18940943888044506  0.20058951082302617  0.21192413055899986  0.22318793043294560
  0.23418115396227820  0.24475590904597680  0.25507981014369685  0.26533950691889374
  0.27572951150289871  0.28635856591938097  0.29707668960868355  0.30783367066886286
  0.31857619003665755  0.32942408095657161  0.34043802621446856  0.35145928776438728
  0.36247682565863371  0.37327015234431793  0.38381682180315702  0.39430976028854320
  0.40489875078650556  0.41563213976679952  0.42640458235961953  0.43720612678517884
  0.44785378052147706  0.45837312823638821  0.46884562587668599  0.47931517994495926
  0.48998422634396577  0.50071268257980150  0.51156227425115663  0.52231915566917264
  0.53288445281294161  0.54341706292212455  0.55390865360520647  0.56428952217644357
  0.57452902286069640  0.58459754595672886  0.59471925674169335  0.60498644137592528
  0.61535462633762761  0.62585019609414716  0.63638164537286457  0.64697382571347517
  0.65764870001103670  0.66826949057537210  0.67877791407215160  0.68921268178524941
  0.69968843163651284  0.71020096393490784  0.72059120196245330  0.73091783477134709
  0.74136159362540976  0.75183275365949265  0.76227138843484310  0.77263870980188820
  0.78297882291089027  0.79318453191890159  0.80320349501757460  0.81310297340808657
  0.82300849511021945  0.83290406754054491  0.84295464694345412  0.85308755362223410
  0.86318371748282929  0.87325360990988865  0.88339490139279497  0.89353575556069142
  0.90344901358967145  0.91322785074029977  0.92282727183377733  0.93247082337283871
  0.94207115176025735  0.95157280429686275  0.96074857299388072  0.96960997184017650
  0.97809640240418083  0.98596116685011870  0.99344616721756784  1.00000000000000000
 -0.01306448388367932  0.03904792929872813  0.08529726457888961  0.11757807701086104
  0.13515499478651380  0.14793073985745286  0.15984872110364987  0.17207677494613427
  0.18453529998702084  0.19661381588901289  0.20847382438202730  0.22010786451898007
  0.23155395888360944  0.24292803742840705  0.25439517659885297  0.26596650148840700
  0.27726078508372370  0.28841137129952710  0.29945341182738938  0.31010564920663358
  0.32040857373143494  0.33098772118823860  0.34187798796622554  0.35244935556958107
  0.36260476596242047  0.37263076187301236  0.38297949928478714  0.39374278500062904
  0.40439039693220402  0.41446013134153131  0.42432606297200171  0.43423763022521711
  0.44431263837525753  0.45407889687809716  0.46389088905680864  0.47353180319531707
  0.48312122011278119  0.49240305935597145  0.50159116688473937  0.51086298144814346
  0.52018995009309399  0.52948293207710651  0.53849742202008311  0.54788833449052354
  0.55711226762084831  0.56655933157256955  0.57603773711447381  0.58540919035776340
  0.59472196456836868  0.60392823824498920  0.61304717410068321  0.62191500183025339
  0.63071387237954391  0.63949820465690377  0.64836507175440694  0.65728522278877521
  0.66618754531663993  0.67498177391510839  0.68369524207247923  0.69236983968993882
  0.70103925949029100  0.70971406011614080  0.71834079312667654  0.72703276540340123
  0.73584933417522291  0.74463672301499895  0.75332915649921983  0.76189322281953764
  0.77031161554426120  0.77896903502293802  0.78746836939298692  0.79586328546720875
  0.80420366829239254  0.81268380504285487  0.82133060496286792  0.82991339220277149
  0.83849055924795624  0.84716270428594864  0.85585978603007073  0.86443620128378529
  0.87286606631563779  0.88128127908693221  0.88970873471204814  0.89813429795319000
  0.90670819381337486  0.91517827141963959  0.92384285190683813  0.93263844151840214
  0.94133146943272894  0.94979249276843780  0.95813271744369932  0.96648726104941485
  0.97487767051796448  0.98327770867859587  0.99160724688231572  1.00000000000000000
 -0.00254769428977270  0.00993223261222954  0.02036416027094769  0.03085582337387440
  0.04119016143251834  0.05161588267915726  0.06222697336681965  0.07300017460957531
  0.08345029109962229  0.09444434368276096  0.10545967275685569  0.11625809026767836
  0.12700659460285901  0.13739131963367723  0.14792585770861399  0.15818614194848329
  0.16865730076351124  0.17905211939684812  0.18928967723188303  0.19972376297663891
  0.21010272500655083  0.22047610902024870  0.23057146039577298  0.24141516610549407
  0.25222442236334264  0.26354899280491156  0.27447401302981617  0.28515275110077176
  0.29564025092873158  0.30580182125221378  0.31608491855843440  0.32643081614772390
  0.33684342070378831  0.34735779209658735  0.35772615836799204  0.36797229804290482
  0.37807493384007690  0.38817097555564606  0.39860981056664152  0.40881313864780228
  0.41916943303752968  0.42937389451524660  0.43989278472723364  0.45035974075530433
  0.46110317244052795  0.47196931433514883  0.48285295951820006  0.49386316433023086
  0.50482751036098383  0.51580891652542793  0.52673587797341315  0.53753063458132355
  0.54800638584852734  0.55824908267423978  0.56855694997105999  0.57895243608496760
  0.58912084421946642  0.59914858442065111  0.60918437045972285  0.61931637491132274
  0.62946834890704462  0.63933755745752052  0.64922919909585508  0.65924751337025367
  0.66921522444785264  0.67987548013942067  0.69045562374157787  0.70103476310690116
  0.71120749526368654  0.72185234733204862  0.73253962049560928  0.74380074643645711
  0.75505732815363114  0.76639346097658689  0.77755360452494904  0.78821976439760022
  0.79910201520224788  0.80929789824774179  0.81987580408047678  0.83043448148512922
  0.84121369913174926  0.85189188952899975  0.86283442426465162  0.87367880639961049
  0.88449958579739485  0.89479145825539219  0.90501235036525507  0.91530267344500849
  0.92602103953499693  0.93705850599363871  0.94763238237577785  0.95807095858532998
  0.96844203425747144  0.97907317136994998  0.98946180669673633  1.00000000000000000
 -0.00162983745564730  0.00632090975079936  0.01371701125017026  0.02104254803939803
  0.02846386359286945  0.03606961388992985  0.04373383073459445  0.05135177229200308
  0.05897152706140987  0.06663056537256830  0.07430299797033131  0.08194235921939053
  0.08961857932730920  0.09737166909366861  0.10518375004263575  0.11301117400051341
  0.12082762862425533  0.12866027408520975  0.13658531342853084  0.14463068827505715
  0.15260998316623037  0.16037917496575968  0.16806456555408528  0.17573625070953353
  0.18359705825216233  0.19140169896280188  0.19920057222134624  0.20691635338536749
  0.21468268272358693  0.22256900672361002  0.23076696442210543  0.23928457301247547
  0.24759679992479527  0.25564916753634126  0.26354626721727864  0.27138568474806768
  0.27958713811002900  0.28792117374881082  0.29617650948971946  0.30453499514543897
  0.31271864885612993  0.32107221055035262  0.32928394377942005  0.33780319079868165
  0.34661469080878421  0.35564735420007365  0.36486637303347502  0.37389107257206006
  0.38300093021823944  0.39211876078341129  0.40137766160269195  0.41065944647338642
  0.41983156829099322  0.42881317595115948  0.43779855277617918  0.44689922107379493
  0.45618670895987107  0.46559554743868709  0.47515271228431971  0.48492652475596354
  0.49485672034094746  0.50473590789495060  0.51475927073737360  0.52499879912942071
  0.53538907432544935  0.54576340319967187  0.55602779343952013  0.56630946218601774
  0.57681934237174892  0.58754339895372487  0.59828148205676135  0.60903050902508993
  0.62000438165377092  0.63138720236457924  0.64305386464431125  0.65486567544485796
  0.66689156410716610  0.67917472291197367  0.69193376276280227  0.70514356810709178
  0.71835377378185827  0.73176548177635026  0.74517089864581676  0.75857992548020858
  0.77219840277294860  0.78681959984260341  0.80252265220426211  0.81889087487447942
  0.83584962217086167  0.85405742290621789  0.87392357566362056  0.89458731390101420
  0.91584712596383167  0.93952959607245479  0.96737979264793361  1.00000000000000000
 -0.00258727078186180  0.00970811420657208  0.02005828684691334  0.03071482793514609
  0.04115027570201540  0.05162410023668706  0.06195108334653058  0.07204492539508570
  0.08233839126309203  0.09249977422868751  0.10274027713021069  0.11280236932429299
  0.12297199449447693  0.13317659976941221  0.14376962178960837  0.15419458609911690
  0.16509021661274534  0.17605854200206780  0.18737186294554009  0.19869570190975572
  0.20976983893109552  0.22107069470000085  0.23204058854795159  0.24257784500774016
  0.25310087088146815  0.26341705246465125  0.27382118417861911  0.28406479542687108
  0.29454210994551683  0.30503095711938527  0.31507909977946685  0.32469744631535136
  0.33431460466982438  0.34421537757567322  0.35416794257138273  0.36425787942357857
  0.37442390127432079  0.38514282236727976  0.39628423654146222  0.40772114146302102
  0.41932662766231599  0.43084769739832612  0.44205894415438124  0.45286809190661736
  0.46358156930475047  0.47442393564537183  0.48517518448365604  0.49585246257969839
  0.50636335937995214  0.51703404981357115  0.52777524899827677  0.53854765587984410
  0.54941694743659231  0.56017727252644534  0.57052581476278219  0.58081023857323466
  0.59111668106354953  0.60190932665218255  0.61270718778886324  0.62355908833601448
  0.63467718986976773  0.64577538003506185  0.65657681188601447  0.66706914421905528
  0.67751362287297567  0.68787675274456817  0.69801557998854835  0.70828187931897935
  0.71869183175820450  0.72905761448147155  0.73958473633536448  0.74997730235482196
  0.76063259986805620  0.77114482907153281  0.78196731951285758  0.79249235217764558
  0.80244069482767011  0.81210420014995377  0.82180807895409813  0.83185063962804839
  0.84200410701365125  0.85219275976247955  0.86247220690554538  0.87292555954751561
  0.88346882771736157  0.89378995436372366  0.90390154196752637  0.91407120713293988
  0.92470696407131958  0.93535022279458313  0.94606773918269571  0.95670276854307690
  0.96774116747876449  0.97883200248727331  0.98955524922595350  1.00000000000000000
 -0.02976732489465926  0.15607899694551713  0.21818135102807257  0.25830277176118777
  0.28972868199437857  0.31667326006323104  0.33965349428554265  0.35931440751729371
  0.37720088462573903  0.39388928454277278  0.40979863750948481  0.42491377020445698
  0.43930957375196333  0.45258796876124535  0.46538937145485654  0.47758845768886365
  0.48901116752566481  0.49990104065454466  0.51049693885629877  0.52075423117875230
  0.53058865389292231  0.54018548315322668  0.54948960886709919  0.55836367844947044
  0.56681172786047551  0.57494631107196625  0.58291503278649770  0.59092309239536589
  0.59882383144541074  0.60667395472509822  0.61428201206142818  0.62176463012516547
  0.62916776961462118  0.63662670039036529  0.64406201143126662  0.65130891103553967
  0.65826463001102420  0.66502846634538892  0.67182117796980034  0.67867825868294185
  0.68546543776538649  0.69207132949117089  0.69851457364353720  0.70485017482071799
  0.71109620671367590  0.71720946422784637  0.72324137411921519  0.72921460926066684
  0.73509824463551265  0.74098224198010387  0.74690087017225915  0.75279012793622824
  0.75858523239586595  0.76435712357435281  0.77019474714806302  0.77602954663272317
  0.78186393340586302  0.78762892305151488  0.79329081919663624  0.79891540633907920
  0.80458960819407288  0.81032360620509503  0.81602175048117309  0.82155411125533717
  0.82692924400757539  0.83221211965190034  0.83752683392249616  0.84294036452361409
  0.84829370652955882  0.85366027298119262  0.85900725470492123  0.86438506140784754
  0.86975482727915665  0.87516813946690408  0.88063096245794159  0.88618422372773575
  0.89175042980426356  0.89740841939689386  0.90302595293312171  0.90855678550031860
  0.91406090491743586  0.91954290209007894  0.92512449096485883  0.93084121609595105
  0.93664388370680640  0.94241315812231008  0.94808415706714799  0.95373719892132325
  0.95937153436880707  0.96499787162235895  0.97076702960861772  0.97662955336647261
  0.98256033068913184  0.98843105762050776  0.99421286969967515  1.00000000000000000
 -0.00242655892592353  0.00948471371529501  0.01981725802956566  0.03038233848313101
  0.04094948193197248  0.05164108300648881  0.06239089843445721  0.07310701334184280
  0.08391278681789922  0.09479219115811326  0.10573211724295821  0.11646667738963232
  0.12733919451620609  0.13807350785864944  0.14852304693146026  0.15871796733997012
  0.16902752779670033  0.17942944121673757  0.18989053588267532  0.20026269889775603
  0.21089989742155391  0.22160101488382170  0.23236078979284086  0.24269968788548887
  0.25301939128995304  0.26325422663309272  0.27371229773910855  0.28390168156954954
  0.29427847722457262  0.30452852314210926  0.31460116949640404  0.32477076206010319
  0.33496903675208095  0.34557407555585806  0.35599512302668718  0.36636557013532223
  0.37676345425466484  0.38712599823952548  0.39771604238347408  0.40827567631516681
  0.41868478196595943  0.42876182887165593  0.43899265533891718  0.44971744918222256
  0.46040318321213636  0.47138352570896885  0.48231792315246924  0.49360674754937028
  0.50417111377780077  0.51454360093834406  0.52484698759686410  0.53517265639074518
  0.54546322435704453  0.55588613536172149  0.56563579952748488  0.57575386971927245
  0.58574347525057724  0.59610919315048128  0.60653866243030197  0.61683032157499373
  0.62733540541369792  0.63796218542424299  0.64862285264749808  0.65940316604076732
  0.67032487141640063  0.68082954480250990  0.69132726238251918  0.70163902884572438
  0.71209615047398522  0.72271925889525146  0.73350751051859164  0.74455835606779142
  0.75521469207081582  0.76571986935167968  0.77630208437646886  0.78687521395282412
  0.79700607903225762  0.80702285195264745  0.81718113051885721  0.82793186683862030
  0.83888824962676622  0.85007493573942117  0.86107795269259313  0.87202314696214656
  0.88305698006358335  0.89395350018302933  0.90448135340755587  0.91487602792296374
  0.92550229661264194  0.93582614404550113  0.94588239366610860  0.95609690034558947
  0.96685902495016696  0.97823401901996287  0.98913818543164578  1.00000000000000000
   5.7224205699070841E-009  -1.0000000000000000     
 F F F F F F F F F F F F F F F F F F F F F F F F F F F F F F F F F F F F F F F F F F F F F F F F F F F F F F F F F F F F F F F F F F F F F F F F F F F F F F F F F F F F F F F F F F F F F F F F F F F F F F F F F F F F F F F F F F F F F F F F F F F F F F F F
  <DiscreteSampler_grid>
  grouped_processes
  1 # 1 for a reference and 2 for a running grid.
  10 # Attribute 'min_bin_probing_points' of the grid.
  1 # Attribute 'grid_mode' of the grid. 1=='default',2=='initialization'
  0.0000000000000000 # Attribute 'small_contrib_threshold' of the grid.
  0.5000000000000000 # Attribute 'damping_power' of the grid.
 # binID   n_entries weight   weight_sqr   abs_weight
    10   10   6.030353611044795E+001   1.100165097448264E+004   6.030353611044795E+001
  </DiscreteSampler_grid>
