  0.00229817312121487  0.01656133151072092  0.03034305751760037  0.04231319400698312
  0.05372647518587623  0.06496562410401126  0.07600487220676753  0.08690800522852514
  0.09784559446230416  0.10885987278644527  0.11992649229014442  0.13089902078083526
  0.14175298409924128  0.15270881984983750  0.16369202827509188  0.17471048136730041
  0.18562496437695658  0.19636488552510228  0.20697311306366256  0.21759423109894457
  0.22823118600867370  0.23882326532075174  0.24947446331021308  0.26034703679508431
  0.27109542065664666  0.28166282117014213  0.29225016676127302  0.30285681297782013
  0.31346057406038219  0.32396225334464407  0.33446528476790094  0.34504414034619585
  0.35550455677351145  0.36603195759360591  0.37657167406775988  0.38714282548181206
  0.39762411794073399  0.40806072519873060  0.41852865114681981  0.42896053407657575
  0.43933683462007028  0.44973615927694061  0.46015757115167255  0.47058469345968673
  0.48097921251956971  0.49137269673088835  0.50179012870567674  0.51227657629890877
  0.52279284451958796  0.53327904178935104  0.54379429004796065  0.55436684504414124
  0.56494764209286386  0.57540095145390058  0.58575172228013539  0.59606981535702974
  0.60632861638381153  0.61662987585931750  0.62699350456447089  0.63751678750719032
  0.64801228191701599  0.65832606690398188  0.66864862362452704  0.67904572645361427
  0.68938844274299804  0.69959986072067504  0.70982453720319716  0.72022293623524936
  0.73069545133567537  0.74111712875271685  0.75156017427133426  0.76206850284327465
  0.77254993408972839  0.78291160967117679  0.79309940813323687  0.80313421047981248
  0.81312420094537285  0.82318958896747296  0.83318552452492778  0.84316724118641162
  0.85319246725486442  0.86326861217681483  0.87337364526478245  0.88345364667002690
  0.89351237543142370  0.90350880770145814  0.91340042053096093  0.92310712805999962
  0.93268722169835716  0.94217352466091109  0.95163044807356612  0.96095142653656773
  0.96998672537498110  0.97836874772273297  0.98674079299203621  1.00000000000000000
  0.00235000676233975  0.01634931415838693  0.03005541690496241  0.04235501889859657
  0.05438075890592604  0.06609022234586018  0.07733137603479961  0.08856675032804244
  0.09987846642737377  0.11092874298245195  0.12203693063937239  0.13301345882148133
  0.14383864470978358  0.15455221647193360  0.16528717333441467  0.17599173015502528
  0.18665288215362538  0.19739938570755045  0.20826176098985297  0.21906846630791804
  0.22971362051956054  0.24044850238813623  0.25112256380453918  0.26142786092648279
  0.27168841045781095  0.28202713387105743  0.29255527440581969  0.30302348857238559
  0.31343265800583991  0.32392593616974025  0.33438711622325412  0.34485624078403443
  0.35535086684523021  0.36601691466411856  0.37666853320206856  0.38717524783105012
  0.39755682385280156  0.40798312371928608  0.41842805254992188  0.42879476427272217
  0.43911513752280801  0.44956428340341581  0.46013327848372543  0.47053437834043232
  0.48088564601723061  0.49119195047302572  0.50149411358756368  0.51180506358740252
  0.52228639872403337  0.53296898496766842  0.54356563863653951  0.55402089487341855
  0.56444907676103495  0.57493401564446334  0.58534937385218921  0.59567090545261447
  0.60608136074920571  0.61659979688595146  0.62715552626103022  0.63762645513090677
  0.64807688048867529  0.65853348845014203  0.66901897995252835  0.67950532709205169
  0.68992657366818255  0.70036057960015630  0.71082479234484786  0.72123221277461158
  0.73155245301361271  0.74187473240103419  0.75231910172780914  0.76270412637248741
  0.77309390552035340  0.78333280001200023  0.79352773047824898  0.80352249871411063
  0.81360523983915634  0.82361662030215521  0.83350857312687232  0.84335513061527456
  0.85321594948251223  0.86314002875372065  0.87302797284794820  0.88296227106559877
  0.89291426981460587  0.90290400008527405  0.91285735083137076  0.92278044319495400
  0.93257050465379299  0.94223671901327111  0.95170847099589040  0.96093203433047358
  0.96991505879435669  0.97828345989512899  0.98669853859084256  1.00000000000000000
  0.00908763232667047  0.01069929930090112  0.01169738987132191  0.01265051789425013
  0.01368557761707916  0.01479820421297286  0.01595551661768710  0.01711153983743782
  0.01823515955423014  0.01941642343075251  0.02063317471220057  0.02187885093240619
  0.02316333928854937  0.02441505632164320  0.02555898091538190  0.02657440130850103
  0.02759180129375314  0.02877853585846926  0.03001941311896339  0.03125860768083927
  0.03251691626063715  0.03380638098044486  0.03513298074293727  0.03649447937676005
  0.03787730723215017  0.03928216867961384  0.04073626599996674  0.04225049126242828
  0.04381041775395399  0.04540382893573442  0.04704375952860810  0.04873185916886285
  0.05046990900466611  0.05225812126052794  0.05411686861650433  0.05604915897271889
  0.05805143475159169  0.06011902863541480  0.06226283153633605  0.06449770780202188
  0.06681352930956522  0.06918857831197518  0.07163160796447154  0.07417373910029297
  0.07684192775055156  0.07960919381695225  0.08247161433097933  0.08541138374849264
  0.08845152414165414  0.09159285632386389  0.09487135890020570  0.09826516008171454
  0.10178306343209165  0.10543872432437076  0.10925342483363887  0.11319285440548393
  0.11726488324594099  0.12154165711224675  0.12608558291002542  0.13085402470769206
  0.13580759411511806  0.14093992349727305  0.14632732238116497  0.15200663715818727
  0.15801165476197582  0.16427950110201908  0.17078630901502298  0.17755979519242349
  0.18470581898495714  0.19224677392308984  0.20018427817045761  0.20860098889352910
  0.21754313233025491  0.22698245130868400  0.23693340164977250  0.24751144860638014
  0.25874644115053275  0.27062488142597924  0.28331602818951762  0.29697493575554684
  0.31160493457976918  0.32729724476153771  0.34417084331991377  0.36242329101362358
  0.38240325187250573  0.40440233363103567  0.42862202196397325  0.45525916500283387
  0.48508403894809904  0.51928165282729810  0.55898804773688138  0.60650397498774644
  0.66863431636028536  0.76249054496882296  0.86140868394575520  1.00000000000000000
 -0.00101403999896044  0.00389662428410846  0.00918159055651767  0.01450308290105413
  0.01988637737327493  0.02532585446647968  0.03078238924552758  0.03626664692394315
  0.04178210616681301  0.04733421845156594  0.05289964992023359  0.05850143467796836
  0.06415445720225155  0.06982885863263025  0.07551632432203437  0.08121098363964453
  0.08691013656664374  0.09263651143727274  0.09840233648698342  0.10421181959973645
  0.11007155859223128  0.11599709057879343  0.12199283586014818  0.12805088676857296
  0.13414729513978910  0.14025975932975007  0.14641174583175867  0.15263946790312322
  0.15894359186349588  0.16527963531125192  0.17170626519231127  0.17823704032978230
  0.18484870054936017  0.19156274102532547  0.19833306504838555  0.20510579231865936
  0.21190852952573716  0.21875657296691109  0.22567788259368765  0.23268444915072153
  0.23973256881329610  0.24682548257071341  0.25401455352389807  0.26124425410977392
  0.26851156508311769  0.27586229905343412  0.28337457528676635  0.29102034256622283
  0.29879211516697290  0.30672906333114874  0.31460066687930277  0.32239561420463081
  0.33021060780269917  0.33799959560219828  0.34590006599038803  0.35395365680152419
  0.36207483312223276  0.37024720392928351  0.37873169039552917  0.38740133209810834
  0.39620563056159330  0.40523371017833160  0.41445241734128524  0.42390093934388362
  0.43351715486066034  0.44320859371101040  0.45312638071609879  0.46333437380558207
  0.47361257532222489  0.48400633375725477  0.49462234256054638  0.50557346342325027
  0.51677344780460222  0.52820735846805567  0.53999656809519936  0.55198540449116928
  0.56427186499443849  0.57703562594334823  0.59014120682175109  0.60363030590114886
  0.61744270895069409  0.63194984558232858  0.64702412981454793  0.66247213260688276
  0.67850787751256914  0.69539448054187325  0.71309173683704652  0.73176987653811731
  0.75190522738137811  0.77359499318856417  0.79698206019789142  0.82276298108108248
  0.85241278254425157  0.88773828651682463  0.93372268915650047  1.00000000000000000
 -0.00238530888535481  0.00929495153265966  0.01919129130286596  0.02960601673513558
  0.03986553681535832  0.05040283692058167  0.06092882110066844  0.07128867893483888
  0.08177344993638674  0.09242897766384357  0.10284629349589555  0.11341070425509153
  0.12374035230009411  0.13450269731751832  0.14501830924803780  0.15570335234042249
  0.16633052204037108  0.17677256908745470  0.18741115873043229  0.19789123033010081
  0.20852797200734785  0.21912756613361162  0.22989349843374049  0.24057033264063668
  0.25124882222368650  0.26192052843271335  0.27257984268040286  0.28310054527310530
  0.29379386845909317  0.30459908141656750  0.31528505554699915  0.32558765704208292
  0.33614668870952974  0.34675957801715779  0.35743539845948086  0.36765942249866596
  0.37817254367908804  0.38886918016297428  0.39949776755890126  0.41010545849898034
  0.42068423244097441  0.43143810838525049  0.44197504157002299  0.45227465748398771
  0.46258587958868286  0.47307232105969393  0.48349319878300590  0.49380271290544742
  0.50408329951398656  0.51451793710787119  0.52471488348309847  0.53506679386918454
  0.54549302863980176  0.55614221220278492  0.56676674742524069  0.57743345916691824
  0.58796133846894261  0.59853122182392149  0.60901562168254109  0.61967348293487678
  0.63032808611746505  0.64102201810526227  0.65162262384710479  0.66211396170684123
  0.67285665822725771  0.68369150348036167  0.69452468020048297  0.70528046436479397
  0.71578501592755184  0.72633233908434769  0.73679535284224662  0.74743751757159349
  0.75794224913537689  0.76841955738084156  0.77883530782015886  0.78944373691141778
  0.79999069993971839  0.81026100856731964  0.82051729764382364  0.83075892856127753
  0.84121288881182832  0.85168567644920978  0.86218991895759345  0.87294864557675200
  0.88357775332805011  0.89411030722975371  0.90456068264265865  0.91494850444094489
  0.92548169258167412  0.93639805059060821  0.94687194346765025  0.95786333201163165
  0.96830575440651834  0.97906796749499370  0.98936448674802491  1.00000000000000000
 -0.01425634262304487  0.06410041174428439  0.10994184638953244  0.14520051364537861
  0.17483580354204895  0.20053541393582858  0.22350107481699105  0.24490612752488658
  0.26531911233988104  0.28471520134686418  0.30292089824853607  0.32010733983386486
  0.33637698952041795  0.35184332601152135  0.36668543484898319  0.38092827093798171
  0.39471091436410843  0.40817465940692871  0.42112986185438989  0.43366569836171193
  0.44590548377920308  0.45793713200759245  0.46956964497832043  0.48103527252515543
  0.49232574678386898  0.50336294267632831  0.51406145211976084  0.52462000138064302
  0.53506165479017587  0.54515429686221550  0.55480180348686547  0.56434739306852988
  0.57383755408729342  0.58318738572826034  0.59226650871894970  0.60124580421894303
  0.61022215635451948  0.61916067230719307  0.62793716137873190  0.63654194333762093
  0.64504022027318253  0.65341511515714445  0.66155766518955827  0.66967946401926093
  0.67770516488368027  0.68572566545120617  0.69364284830533929  0.70147659225179582
  0.70914692831856263  0.71668410059742160  0.72414149932742933  0.73153032955930775
  0.73885105710874643  0.74608353330174204  0.75319323335357224  0.76016505341574248
  0.76706746525059877  0.77398178651826266  0.78092771513496095  0.78779303706017234
  0.79453653852332151  0.80113153832562356  0.80764079095844732  0.81406539197048156
  0.82043856880501553  0.82680401848385332  0.83314784863562985  0.83946621782033892
  0.84570328731105526  0.85181048092530010  0.85789940330414516  0.86399495768344881
  0.87009601194402098  0.87620015095317849  0.88229134762155992  0.88830563937110307
  0.89423272293707989  0.90012901485639263  0.90601268137682844  0.91187432005397351
  0.91768399334687867  0.92340787370659083  0.92907830589938012  0.93473147290287406
  0.94033868223907235  0.94587479370396399  0.95135196113799847  0.95680459540623863
  0.96225622982180103  0.96770989204735458  0.97314623235571396  0.97857330686811195
  0.98394731882463549  0.98930756700281541  0.99465148094407319  1.00000000000000000
 -0.00225776874597817  0.00922631716404434  0.01867134109354355  0.02904940595784081
  0.03913765392917588  0.04938252610798721  0.05979458939425892  0.07038881616396474
  0.08114591760976878  0.09186525199847644  0.10262830514268406  0.11350105205774332
  0.12419549736851171  0.13477743814190488  0.14535802749892485  0.15592775414621901
  0.16649814441464295  0.17708901431282459  0.18768015449348702  0.19842812248872649
  0.20905571028321823  0.21939479405396403  0.22986293029960936  0.24039267052312163
  0.25119867105267435  0.26191749842455458  0.27269748796191262  0.28337868629970475
  0.29401050503825588  0.30452487762246738  0.31512784574912295  0.32579651269417220
  0.33645950353175946  0.34697533361829846  0.35749783172299160  0.36797110071122857
  0.37851936899073169  0.38919221718342167  0.40004078474029309  0.41104521424036428
  0.42165181239937466  0.43200119434186235  0.44254545991791294  0.45305795189677261
  0.46354078673769122  0.47378105275009358  0.48424047976759393  0.49509311729251720
  0.50571127252522674  0.51637171733401277  0.52685749468827026  0.53726718561443676
  0.54777965322405264  0.55824859559392526  0.56851039164334871  0.57875433007524779
  0.58918979861511656  0.59982439074029381  0.61031138868836154  0.62081631653407054
  0.63132452837595143  0.64201758290329669  0.65272774644085885  0.66328943868463697
  0.67383762858820007  0.68418691614177285  0.69468281506828489  0.70481675165024926
  0.71524723529633005  0.72564956060359687  0.73632716076159010  0.74669797423695150
  0.75725375774320647  0.76778582934746131  0.77844024347527063  0.78905129591499668
  0.79972910309938994  0.81030795932764266  0.82092145994630328  0.83136874772971492
  0.84205524125356790  0.85262096912860352  0.86320225596822864  0.87392396078465961
  0.88426672661475303  0.89478370853608558  0.90516412811357405  0.91545420792097132
  0.92598114975302870  0.93629903078247501  0.94695153824676570  0.95744800324404944
  0.96820018834508781  0.97891124688582987  0.98947084548581243  1.00000000000000000
 -0.00231077289481556  0.00922597143054523  0.01875230718914596  0.02929239827725739
  0.03948627666959872  0.04980559107334131  0.06028552650509068  0.07083723761801472
  0.08151988349632111  0.09219008765189700  0.10286927878646829  0.11363680282253064
  0.12400922205002535  0.13477361385350251  0.14544049025110956  0.15635514292523184
  0.16707779735564118  0.17765373699613976  0.18825375485669288  0.19890889452846083
  0.20957803947548595  0.22016947361085454  0.23069130586968412  0.24122944654612460
  0.25179051881855008  0.26213206842542575  0.27249503122238011  0.28285886994188669
  0.29328572971250627  0.30386688681098190  0.31419404707424597  0.32473725280010285
  0.33513150187245588  0.34566472384353542  0.35618635879428862  0.36667574782174023
  0.37726301909685866  0.38776292604532647  0.39821571613565809  0.40876317727643796
  0.41929414062284270  0.43003109962095842  0.44064195985651711  0.45151719501640192
  0.46213220781216285  0.47270037274592103  0.48339538841203217  0.49432195651558952
  0.50493589050616428  0.51529368818775334  0.52565738102217763  0.53598189626843895
  0.54633381858882146  0.55676484925336045  0.56736168473851145  0.57820045479463544
  0.58868583674645980  0.59917763568698390  0.60974455350012169  0.62036500948212570
  0.63098054972722517  0.64146771834090444  0.65204643650658844  0.66257723962425330
  0.67314884665397101  0.68368355961292737  0.69423068908151264  0.70467664919612760
  0.71521659854581110  0.72599111376163106  0.73654979158838541  0.74738185963899928
  0.75796076694422454  0.76881760463786297  0.77934823530291020  0.78985138282203715
  0.80047947346678505  0.81097948408278453  0.82157128052505213  0.83208759660628784
  0.84248737529445916  0.85302909084094070  0.86348283645511648  0.87403559821925125
  0.88437153349623676  0.89459983562301471  0.90518137129817389  0.91591174834964362
  0.92642070685697409  0.93693587395175015  0.94760626869090081  0.95819614691890986
  0.96882518373768645  0.97888733198225297  0.98962319627177175  1.00000000000000000
   6.6538152270028656E-008  -1.0000000000000000     
 F F F F F F F F F F F F F F F F F F F F F F F F F F F F F F F F F F F F F F F F F F F F F F F F F F F F F F F F F F F F F F F F F F F F F F F F F F F F F F F F F F F F F F F F F F F F F F F F F F F F F F F F F F F F F F F F F F F F F F F F F F F F F F F F
  <DiscreteSampler_grid>
  grouped_processes
  1 # 1 for a reference and 2 for a running grid.
  10 # Attribute 'min_bin_probing_points' of the grid.
  1 # Attribute 'grid_mode' of the grid. 1=='default',2=='initialization'
  0.0000000000000000 # Attribute 'small_contrib_threshold' of the grid.
  0.5000000000000000 # Attribute 'damping_power' of the grid.
 # binID   n_entries weight   weight_sqr   abs_weight
    10   10   4.098883328712678E+004   3.632111827840898E+009   4.098883328712678E+004
  </DiscreteSampler_grid>
